   28   28
    0    0    0    0    0    0    0    0    0    0    0    0    0    0    0    0    0    0    0    0    0    0    0    0    0    0    0    0    0    0    0    0    0    0    0    0    0    0    0    0    0    0    0    0    0    0    0    0    0    0    0    0    0    0    0    0    0    0    0    0    0    0    0    0    0    0    0    0    0    0    0    0    0    0    0    0    0    0    0    0    0    0    0    0    0    0    0    0    0    0    0    0    0    0    0    0    0    0    0    0    0    0    0    0    0    0    0    0    0    0    0    0
    0    0    0    0    0    0    0    0    0    0    0    0    0    0    0    0    0    0    0   10    0    0    0   26    0    0    0   22    0    0    0    0    0    0    0    0    0    0    0    0    0    0    0    0    0    0    0    0    0    0    0    0    0    0    0    0    0    0    0    0    0    0    0    0    0    0    0    0    0    0    0    0    0    0    0    0    0    0    0    0    0    0    0    0    0    0    0    0    0    0    0    0    0    0    0    0    0    0    0    0    0    0    0    0    0    0    0    0    0    0    0    0
    0    0    0    0    0    0    0    0    0    0    0    0    0    0    0   32   15    5    5   96   25    6    6  163   16    6    6  200    0    0    0  169    0    0    0  122    0    0    0   47    0    0    0    7    0    0    0    0    0    0    0    0    0    0    0    0    0    0    0    0    0    0    0    0    0    0    0    0    0    0    0    0    0    0    0    0    0    0    0    0    0    0    0    0    0    0    0    0    0    0    0    0    0    0    0    0    0    0    0    0    0    0    0    0    0    0    0    0    0    0    0    0
    0    0    0    0    0    0    0    0    0    0    0    0    0    0    0   76   43    8   12  182  103   34   39  237  130   58   64  253   96   33   41  242   64   13   18  221   32    6    8  126   13    6    6   37    0    0    0    5    0    0    0    0    0    0    0    0    0    0    0    0    0    0    0    0    0    0    0    0    0    0    0    0    0    0    0    0    0    0    0    0    0    0    0    0    0    0    0    0    0    0    0    0    0    0    0    0    0    0    0    0    0    0    0    0    0    0    0    0    0    0    0    0
    0    0    0    0    0    0    0    0    0    0    0   72   46    9   13  170  106   22   31  234  171   44   56  255  199   70   83  255  181   83   92  255  144   59   68  254   63   19   21  213   24    6    7  167    9    4    4   56    0    0    0    7    0    0    0    0    0    0    0    0    0    0    0    0    0    0    0    0    0    0    0    0    0    0    0    0    0    0    0    0    0    0    0    0    0    0    0    0    0    0    0    0    0    0    0    0    0    0    0    0    0    0    0    0    0    0    0    0    0    0    0    0
    0    0    0    0    0    0    0   12   10    1    3  146   76   14   23  240  160   35   47  252  204   45   60  255  210   54   70  255  212   85   98  255  201   84   96  255  122   44   52  255   81   24   30  255   31    8   11  156    0    0    0   89    0    0    0   32    0    0    0    0    0    0    0    0    0    0    0    0    0    0    0    0    0    0    0    0    0    0    0    0    0    0    0    0    0    0    0    0    0    0    0    0    0    0    0    0    0    0    0    0    0    0    0    0    0    0    0    0    0    0    0    0
    0    0    0    0    0    0    0   38   23    4    7  176   94   20   28  255  180   39   53  255  209   46   62  255  209   47   63  255  210   55   71  255  212   70   85  255  191   78   89  255  168   63   74  255   78   23   28  240   38    6   11  200   25    5    7  100    0    0    0   23    0    0    0    6    0    0    0    0    0    0    0    0    0    0    0    0    0    0    0    0    0    0    0    0    0    0    0    0    0    0    0    0    0    0    0    0    0    0    0    0    0    0    0    0    0    0    0    0    0    0    0    0
    0    0    0    0    0    0    0   43   29    6    9  164   92   18   26  243  166   36   49  255  204   45   61  255  208   46   62  255  209   47   63  255  211   54   70  255  217   83   96  255  209   92  103  255  161   61   71  255  109   34   40  244   63   15   22  181   20    5    5  100    6    0    0   37    0    0    0    0    0    0    0    0    0    0    0    0    0    0    0    0    0    0    0    0    0    0    0    0    0    0    0    0    0    0    0    0    0    0    0    0    0    0    0    0    0    0    0    0    0    0    0    0
    0    0    0    0    0    0    0    0   10    2    2   97   69   14   19  210  133   30   39  255  183   40   54  255  203   44   60  255  209   46   62  255  209   46   62  255  209   46   62  255  215   71   85  255  215  100  111  255  175   79   88  255  107   38   46  255   54   14   16  217   23    6    6  121    0    0    0   25    0    0    0    7    0    0    0    0    0    0    0    0    0    0    0    0    0    0    0    0    0    0    0    0    0    0    0    0    0    0    0    0    0    0    0    0    0    0    0    0    0    0    0    0
    0    0    0    0    0    0    0    0    0    0    0  115   44   10   12  222   93   21   27  255  137   30   40  255  186   41   55  255  207   46   61  255  209   46   62  255  209   46   62  255  209   46   62  255  210   53   69  255  205   76   89  255  186   76   87  255  125   46   54  255   48   12   14  244    4    1    1  183    0    0    0   54    0    0    0    3    0    0    0    0    0    0    0    0    0    0    0    0    0    0    0    0    0    0    0    0    0    0    0    0    0    0    0    0    0    0    0    0    0    0    0    0
    0    0    0    0    0    0    0    0    0    0    0   26   29    5   10  149   42    9   13  252   82   17   23  255  137   30   40  255  159   35   47  255  205   45   61  255  209   46   62  255  209   46   62  255  209   47   63  255  212   64   80  255  216   86   99  255  189   76   86  255  139   42   51  254   96   21   26  230   18    3    3  154    0    0    0   83    0    0    0    8    0    0    0    1    0    0    0    0    0    0    0    0    0    0    0    0    0    0    0    0    0    0    0    0    0    0    0    0    0    0    0    0
    0    0    0    0    0    0    0    0    0    0    0    7   11    3    3   68   15    1    5  151   44    8   13  211   89   19   26  255  116   26   34  255  173   38   51  255  189   42   56  255  206   45   61  255  209   46   62  255  210   49   65  255  211   55   70  255  214   80   92  255  214   97   90  255  179   61   39  251   74   16   21  237   47    8   13  210   40   13    6   38  247   99   47  162  254   99   49   41    0    0    0    0    0    0    0    0    0    0    0    0    0    0    0    0    0    0    0    0    0    0    0    0
    0    0    0    0    0    0    0    0    0    0    0    1    0    0    0   15    4    0    0   55   14    3    5  138   31    6    7  237   64   14   18  255  123   27   35  255  151   33   44  255  194   43   57  255  208   45   61  255  209   46   62  255  210   50   65  255  214   70   83  255  223   97  102  255  209  102   98  255  141   66   73  255   88   42   46  250   22   17   14  194   90   36   17  203  105   38   22   46    0    0    0    0  255  127  127    2  255  127  127    2    0    0    0    0    0    0    0    0    0    0    0    0
    0    0    0    0    0    0    0    0    0    0    0    0    0    0    0    0    0    0    0   10    0    0    0   44    9    2    2  112   29    6    7  202   61   13   18  255  104   23   31  255  151   33   44  255  183   40   54  255  202   45   60  255  212   61   76  255  217   89  102  255  212  114  123  255  194  122  123  255  172  113  100  255  135  103   91  255  115   90   65  255  100   61   25  228   53   29   10   95    0    0    0   18  255  111   47   32  254  103   51   69  250  105   50   51    0    0    0    0    0    0    0    0
    0    0    0    0    0    0    0    0    0    0    0    0    0    0    0    0    0    0    0    0    0    0    0    0   12    0    0   20   10    2    5  101   24    4    7  178   64   12   19  238   95   21   28  253  142   31   42  255  176   39   52  255  205   65   78  255  205  102  111  255  179  127  133  255  169  136  133  255  178  143  119  255  171  150  129  255  171  150  132  255  137  107   81  249  118   83   53  168  142   90   43   59  255  112   52   34  254  103   51   59  254  105   55   46    0    0    0    0    0    0    0    0
    0    0    0    0    0    0    0    0    0    0    0    0    0    0    0    0    0    0    0    0    0    0    0    0    0    0    0    3    0    0    0   20    4    0    0   63   29    5    8  190   44    8   13  235   96   21   28  252  131   29   38  255  181   50   59  255  183   89   94  255  157  121  118  255  180  138  124  255  178  159  145  255  165  153  140  255  168  167  168  255  134  131  131  255  133  102   68  227  158  101   49   98  210  120   45   17  255   63   63    4  255  102   51    5    0    0    0    0    0    0    0    0
    0    0    0    0    0    0    0    0    0    0    0    0    0    0    0    0    0    0    0    0    0    0    0    0    0    0    0    0    0    0    0    0    0    0    0    4    0    0    0  101    0    0    0  159   50    9   14  233   78   18   23  255  137   30   36  255  156   74   77  255  159  118  108  255  206  137  116  255  174  167  165  255  114  114  114  255  143  143  143  255  127  127  127  255   85   67   48  254  114   66   31  122  203  101   40   25    0    0    0    0    0    0    0    0    0    0    0    0    0    0    0    0
    0    0    0    0    0    0    0    0    0    0    0    0    0    0    0    0    0    0    0    0    0    0    0    0    0    0    0    0    0    0    0    0    0    0    0    0    0    0    0    0    0    0    0   23    9    1    3  167   27    5    7  229   77   22   27  247  114   73   77  255  139  132  129  255  177  160  153  255  175  168  162  255   91   91   92  255   84   84   85  255  108  108  109  255   34   28   26  247  119   49   22  145  254  105   49   41    0    0    0    0    0    0    0    0    0    0    0    0    0    0    0    0
    0    0    0    0    0    0    0    0    0    0    0    0    0    0    0    0    0    0    0    0    0    0    0    0    0    0    0    0    0    0    0    0    0    0    0    0    0    0    0    0    0    0    0    0    0    0    0   22   17    2    5  102   43   20   24  200   83   64   61  251  131  114  102  254  175  141  111  255  204  168  132  255  172  171  172  255  150  150  151  254  119  116  115  255   53   39   31  219  151   60   30  143  254  103   48   47    0    0    0    0    0    0    0    0    0    0    0    0    0    0    0    0
    0    0    0    0    0    0    0    0    0    0    0    0    0    0    0    0    0    0    0    0    0    0    0    0    0    0    0    0    0    0    0    0    0    0    0    0    0    0    0    0    0    0    0    0    0    0    0    1    0    0    0   37    2    2    2  115   68   28   15  197  145   72   48  245  177  120   94  255  157  137  119  255  164  147  131  254   99   91   86  242  111   76   41  253  138   84   30  166  159   95   31   48  255  127    0    2    0    0    0    0    0    0    0    0    0    0    0    0    0    0    0    0
    0    0    0    0    0    0    0    0    0    0    0    0    0    0    0    0    0    0    0    0    0    0    0    0    0    0    0    0    0    0    0    0    0    0    0    0    0    0    0    0    0    0    0    0    0    0    0    0    0    0    0    5    0    0    0   16   22    8    5   91   31   16   12  202   48   36   31  255   74   66   58  246  176  123   70  192  194  128   63   97  150   93   37   68  227  109   48  121  243  107   47   64  255   85   63   12    0    0    0    0    0    0    0    0    0    0    0    0    0    0    0    0
    0    0    0    0    0    0    0    0    0    0    0    0    0    0    0    0    0    0    0    0    0    0    0    0    0    0    0    0    0    0    0    0    0    0    0    0    0    0    0    0    0    0    0    0    0    0    0    0    0    0    0    0    0    0    0    0    0    0    0   19    8    4    4   58   17   15   12  101   47   34   26  134  204  100   47  117  254  133   55   23  198  113   28    9  254  105   52   77  255  106   47   48  255  102   51   10    0    0    0    0    0    0    0    0    0    0    0    0    0    0    0    0
    0    0    0    0    0    0    0    0    0    0    0    0    0    0    0    0    0    0    0    0    0    0    0    0    0    0    0    0    0    0    0    0    0    0    0    0    0    0    0    0    0    0    0    0    0    0    0    0    0    0    0    0    0    0    0    0    0    0    0    0    0    0    0    4   25   12   12   20  118   45   27   56  242   98   47  119  255  102   51    5    0    0    0    0  254   99   55   23  255  102   51   15  255   85   85    3    0    0    0    0    0    0    0    0    0    0    0    0    0    0    0    0
    0    0    0    0    0    0    0    0    0    0    0    0    0    0    0    0    0    0    0    0    0    0    0    0    0    0    0    0    0    0    0    0    0    0    0    0    0    0    0    0    0    0    0    0    0    0    0    0    0    0    0    0    0    0    0    0    0    0    0    0    0    0    0    0  255    0    0    1  255  102   51   15  254  104   50   61  255  127    0    2    0    0    0    0    0    0    0    0    0    0    0    0    0    0    0    0    0    0    0    0    0    0    0    0    0    0    0    0    0    0    0    0
    0    0    0    0    0    0    0    0    0    0    0    0    0    0    0    0    0    0    0    0    0    0    0    0    0    0    0    0    0    0    0    0    0    0    0    0    0    0    0    0    0    0    0    0    0    0    0    0    0    0    0    0    0    0    0    0    0    0    0    0    0    0    0    0    0    0    0    0    0    0    0    0    0    0    0    0    0    0    0    0    0    0    0    0    0    0    0    0    0    0    0    0    0    0    0    0    0    0    0    0    0    0    0    0    0    0    0    0    0    0    0    0
    0    0    0    0    0    0    0    0    0    0    0    0    0    0    0    0    0    0    0    0    0    0    0    0    0    0    0    0    0    0    0    0    0    0    0    0    0    0    0    0    0    0    0    0    0    0    0    0    0    0    0    0    0    0    0    0    0    0    0    0    0    0    0    0    0    0    0    0    0    0    0    0    0    0    0    0    0    0    0    0    0    0    0    0    0    0    0    0    0    0    0    0    0    0    0    0    0    0    0    0    0    0    0    0    0    0    0    0    0    0    0    0
    0    0    0    0    0    0    0    0    0    0    0    0    0    0    0    0    0    0    0    0    0    0    0    0    0    0    0    0    0    0    0    0    0    0    0    0    0    0    0    0    0    0    0    0    0    0    0    0    0    0    0    0    0    0    0    0    0    0    0    0    0    0    0    0    0    0    0    0    0    0    0    0    0    0    0    0    0    0    0    0    0    0    0    0    0    0    0    0    0    0    0    0    0    0    0    0    0    0    0    0    0    0    0    0    0    0    0    0    0    0    0    0
    0    0    0    0    0    0    0    0    0    0    0    0    0    0    0    0    0    0    0    0    0    0    0    0    0    0    0    0    0    0    0    0    0    0    0    0    0    0    0    0    0    0    0    0    0    0    0    0    0    0    0    0    0    0    0    0    0    0    0    0    0    0    0    0    0    0    0    0    0    0    0    0    0    0    0    0    0    0    0    0    0    0    0    0    0    0    0    0    0    0    0    0    0    0    0    0    0    0    0    0    0    0    0    0    0    0    0    0    0    0    0    0
