   28   28
    0    0    0    0    0    0    0    0    0    0    0    0    0    0    0    0    0    0    0    0    0    0    0    0    0    0    0    0    0    0    0    0    0    0    0    0    0    0    0    0    0    0    0    0    0    0    0    0    0    0    0    0    0    0    0    0    0    0    0    0    0    0    0    0    0    0    0    0    0    0    0    0    0    0    0    0    0    0    0    0    0    0    0    0    0    0    0    0    0    0    0    0    0    0    0    0    0    0    0    0    0    0    0    0    0    0    0    0    0    0    0    0
    0    0    0    0    0    0    0    0    0    0    0    0    0    0    0    0    0    0    0   10    0    0    0   26    0    0    0   22    0    0    0    0    0    0    0    0    0    0    0    0    0    0    0    0    0    0    0    0    0    0    0    0    0    0    0    0    0    0    0    0    0    0    0    0    0    0    0    0    0    0    0    0    0    0    0    0    0    0    0    0    0    0    0    0    0    0    0    0    0    0    0    0    0    0    0    0    0    0    0    0    0    0    0    0    0    0    0    0    0    0    0    0
    0    0    0    0    0    0    0    0    0    0    0    0    0    0    0   32    0   10   21   96    3   14   31  163    5   11   19  200    0    0    0  169    0    0    0  123    0    0    0   79    0    0    0   24    0    0    0    4    0    0    0    0    0    0    0    0    0    0    0    0    0    0    0    0    0    0    0    0    0    0    0    0    0    0    0    0    0    0    0    0    0    0    0    0    0    0    0    0    0    0    0    0    0    0    0    0    0    0    0    0    0    0    0    0    0    0    0    0    0    0    0    0
    0    0    0    0    0    0    0    0    0    0    0    0    0    0    0   76    0   19   43  182   15   58  109  237   48   94  156  253   55   96  148  242   16   51   92  223    1   27   57  205    0   12   27  101    0   12   12   21    0    0    0    0    0    0    0    0    0    0    0    0    0    0    0    0    0    0    0    0    0    0    0    0    0    0    0    0    0    0    0    0    0    0    0    0    0    0    0    0    0    0    0    0    0    0    0    0    0    0    0    0    0    0    0    0    0    0    0    0    0    0    0    0
    0    0    0    0    0    0    0    0    0    0    0   72    0   19   43  170    0   45  103  234    9   85  179  255   31  123  237  255   45  129  233  255   43  105  181  255   23   78  146  255    6   30   60  203    1    5   14  144    0    0    0  104    0    0    0   71    0    0    0   38    0    0    0   12    0    0    0    0    0    0    0    0    0    0    0    0    0    0    0    0    0    0    0    0    0    0    0    0    0    0    0    0    0    0    0    0    0    0    0    0    0    0    0    0    0    0    0    0    0    0    0    0
    0    0    0    0    0    0    0   12    0    5   10  146    0   36   78  240    0   76  173  252    0  103  230  255    2  113  252  255   13  121  253  255   50  134  239  255   49  128  226  255   14   65  127  255    2   36   83  242    0   29   66  216    0   23   52  185    0   13   34  154    0    6   12  124    0    0    0   95    0    0    0   62    0    0    0    0    0    0    0    0    0    0    0    0    0    0    0    0    0    0    0    0    0    0    0    0    0    0    0    0    0    0    0    0    0    0    0    0    0    0    0    0
    0    0    0    0    0    0    0   38    0   11   27  176    0   49  109  255    0   95  213  255    0  114  255  255    1  115  255  255    4  117  255  255   25  128  255  255   45  137  252  255   41  119  214  255   34  103  189  255   26   86  160  255   18   68  129  255   10   49   98  255    3   32   69  248    0   24   52  222    0   17   39  161    0    0    0   26    0    0    0    1    0    0    0    0    0    0    0    0    0    0    0    0    0    0    0    0    0    0    0    0    0    0    0    0    0    0    0    0    0    0    0    0
    0    0    0    0    0    0    0   43    0   15   37  164    0   50  113  243    0   91  205  255    4  115  253  255   16  123  255  255   21  126  255  255   16  123  255  255   23  126  255  255   61  148  255  255   70  149  249  255   62  140  236  255   50  127  223  255   39  114  208  255   28  101  190  255   19   81  157  251    9   51  106  218    0   10   23   98    0    0    0    8    0    0    0    1    0    0    0    0    0    0    0    0    0    0    0    0    0    0    0    0    0    0    0    0    0    0    0    0    0    0    0    0
    0    0    0    0    0    0    0    0    0    5   10   97    0   36   83  210    0   77  173  255   13  114  241  255   49  140  255  255   77  156  255  255   66  151  255  255   49  141  255  255   17  124  255  255   11  120  255  255   25  128  255  255   45  139  255  255   66  149  254  255   82  156  250  255   74  143  228  255   32   90  160  246    0   23   54  187    0    7    7   36  194   36   36   21  254   46   46   11  255   85   85    3    0    0    0    0    0    0    0    0    0    0    0    0    0    0    0    0    0    0    0    0
    0    0    0    0    0    0    0    0    0    0    0  115    0   25   56  222    0   62  139  255    0   97  217  255    3  115  253  255   21  126  255  255   83  159  255  255  100  168  255  255   51  143  255  255   13  122  255  255    1  115  255  255    0  114  255  255   12  111  246  255   42  123  242  255   62  141  241  255   33   99  181  255    0   28   63  245    0    2    4  105  224   44   44  126  254   51   51   79  255   51   51   20    0    0    0    0    0    0    0    0    0    0    0    0    0    0    0    0    0    0    0    0
    0    0    0    0    0    0    0    0    0    0    0   26    0   17   34  149    0   38   86  252    0   79  176  255    0  109  244  255    6  117  255  255   40  136  255  255   65  150  255  255   82  160  255  255   83  160  255  255   34  133  255  255    4  116  255  255   80   94  191  255  132   85  153  255   50  119  229  255   51  118  204  255    6   39   83  244    0    9   22   81  196   39   39   39  254   50   50   25  254   36   36    7    0    0    0    0    0    0    0    0    0    0    0    0    0    0    0    0    0    0    0    0
    0    0    0    0    0    0    0    0    0    0    0   26    0    8   18  152    0   28   61  254    0   64  142  255    0   93  207  255    1  114  255  255    6  118  255  255   11  120  255  255   15  122  255  255   23  126  255  255   10  119  255  255    1  114  255  255   21  110  239  255   96  106  180  255  161  121  147  255   77  145  231  255    1   63  142  253    3    3    8  223  213   85   41  191  254   96   50   45  255    0    0    1    0    0    0    0    0    0    0    0    0    0    0    0    0    0    0    0    0    0    0    0
    0    0    0    0    0    0    0    0    0    0    0   13    0    7   19  106    0   26   59  214    0   57  127  255    0   91  203  255    0  114  255  255    0  114  255  255    0  114  255  255    0  114  255  255    3  115  255  255    1  115  255  255    0  114  255  255    2  114  254  255   31  113  231  255   77  121  207  255   55  135  235  255   28   85  155  255   16   15   15  255   85   33   18  212  105   38   22   46    0    0    0    0  255  127  127    2  255   63   47   16  254   51   51   54  251   48   48   68    0    0    0    0
    0    0    0    0    0    0    0    0    0    0    0    3    0    5   15   51    0   21   45  152    0   41   95  238    0   77  172  255    0  106  237  255    0  114  255  255    0  114  255  255    0  114  255  255    0  114  255  255    0  114  255  255    0  114  255  255    0  114  255  255    4  114  252  255   27  119  240  255   78  134  207  255  107  127  155  255  114   91   68  255  100   61   25  228   53   29   10   95    0    0    0   18  255  111   47   32  255   95   51   80  254   77   51   99  254   52   52   63    0    0    0    0
    0    0    0    0    0    0    0    0    0    0    0    0    0    0    0   15    0   11   23   87    0   26   58  196    0   52  114  253    0   79  177  255    0  100  224  255    0  107  238  255    0  111  248  255    0  114  254  255    0  114  255  255   18  110  240  255   20  109  239  255   14  119  253  255   53  134  236  255  129  148  176  255  170  159  151  255  172  153  131  255  137  108   80  249  118   83   53  168  142   90   43   59  255  112   52   34  254  102   53   62  254   91   54   61  254   60   60   21    0    0    0    0
    0    0    0    0    0    0    0    0    0    0    0    0    0    0    0    0    0    0    0   32    0   12   26  127    0   23   50  241    0   39   89  255    0   74  166  255    0   85  191  255    0   94  209  255    0  100  222  255    0  103  232  255   53   94  196  255   62   97  200  255   55  120  225  255  129  139  185  255  159  156  158  255  166  153  139  255  169  170  167  255  135  133  130  255  133  102   68  227  158  101   49   98  210  120   45   17  255   63   63    4  255  102   51    5    0    0    0    0    0    0    0    0
    0    0    0    0    0    0    0    0    0    0    0    0    0    0    0    0    0    0    0    0    0    0    0   50    0    1    3  167    0    9   25  210    0   45  100  255    0   54  121  255    0   62  138  255    0   70  156  255    0   78  174  255   58   73  147  255   84   95  172  255  109  130  194  255  197  139  130  255  160  156  153  255  113  113  113  255  143  143  143  255  127  127  127  255   85   67   48  254  114   66   31  122  203  101   40   25    0    0    0    0    0    0    0    0    0    0    0    0    0    0    0    0
    0    0    0    0    0    0    0    0    0    0    0    0    0    0    0    0    0    0    0    0    0    0    0    0    0    0    0   14    0    6   18   83    0   14   34  227    0   23   53  237    0   30   70  248    0   39   88  254    0   48  106  255    8   61  126  255   58  108  170  255  141  162  194  255  190  174  165  255  169  162  154  255   92   92   91  255   85   86   84  255  109  109  108  255   34   28   26  247  119   49   22  145  254   99   49   46  255   51   51   20  241   53   53   19    0    0    0    0    0    0    0    0
    0    0    0    0    0    0    0    0    0    0    0    0    0    0    0    0    0    0    0    0    0    0    0    0    0    0    0    3    0    0    0   21    0    0    0   91    0    0    0  144    0    0    0  198    0    4    8  231    0   11   28  242   12   31   50  246   64   70   81  251  132  115  103  254  177  144  113  255  205  169  131  255  173  174  170  255  152  153  149  254  120  119  113  255   53   39   31  219  151   60   30  143  254   84   50   75  254   54   54  103  252   51   51   99    0    0    0    0    0    0    0    0
    0    0    0    0    0    0    0    0    0    0    0    0    0    0    0    0    0    0    0    0    0    0    0    0    0    0    0    0    0    0    0    1    0    0    0    4    0    0    0    6    0    0    0    8    0    0    0   33    0    3    3   80    1    1    3  135   67   28   18  197  145   72   48  245  177  120   94  255  157  138  118  255  165  150  129  254  100   92   84  242  112   76   41  253  138   84   30  166  159   95   31   48  255   85   85    3  254   58   58   13  255   51   51   15    0    0    0    0    0    0    0    0
    0    0    0    0    0    0    0    0    0    0    0    0    0    0    0    0    0    0    0    0    0    0    0    0    0    0    0    0    0    0    0    0    0    0    0    0    0    0    0    0    0    0    0    0    0    0    0    3  221   43   43   76  192   39   39   77   47   12    9  103   31   16   12  202   48   36   31  255   74   66   57  246  176  123   70  192  194  128   63   97  150   93   37   68  227  109   48  121  243  107   47   64  255   85   63   12  255    0    0    1  255    0    0    2    0    0    0    0    0    0    0    0
    0    0    0    0    0    0    0    0    0    0    0    0    0    0    0    0    0    0    0    0    0    0    0    0    0    0    0    0    0    0    0    0    0    0    0    0    0    0    0    0    0    0    0    0    0    0    0    0  255   51   51   64  254   49   49   52   71   20   20   25    8    4    4   58   17   15   12  101   47   34   26  134  204  100   47  117  254  133   55   23  198  113   28    9  254  105   52   77  255  106   47   48  255  102   51   10    0    0    0    0    0    0    0    0    0    0    0    0    0    0    0    0
    0    0    0    0    0    0    0    0    0    0    0    0    0    0    0    0    0    0    0    0    0    0    0    0    0    0    0    0    0    0    0    0    0    0    0    0    0    0    0    0    0    0    0    0    0    0    0    0  254   48   48   21  255   45   45   17  255    0    0    1    0    0    0    4   25   12   12   20  118   45   27   56  242   98   47  119  255  102   51    5    0    0    0    0  254   99   55   23  254   99   56   18  255   63   47   16  255   51   51   10    0    0    0    0    0    0    0    0    0    0    0    0
    0    0    0    0    0    0    0    0    0    0    0    0    0    0    0    0    0    0    0    0    0    0    0    0    0    0    0    0    0    0    0    0    0    0    0    0    0    0    0    0    0    0    0    0    0    0    0    0    0    0    0    0    0    0    0    0    0    0    0    0    0    0    0    0  254   56   56    9  254   67   50   45  254   84   51   94  255   85    0    3    0    0    0    0    0    0    0    0  254   53   53   19  251   50   50   70  254   49   49   52    0    0    0    0    0    0    0    0    0    0    0    0
    0    0    0    0    0    0    0    0    0    0    0    0    0    0    0    0    0    0    0    0    0    0    0    0    0    0    0    0    0    0    0    0    0    0    0    0    0    0    0    0    0    0    0    0    0    0    0    0    0    0    0    0    0    0    0    0    0    0    0    0    0    0    0    0  254   54   54   14  254   50   50   56  255   51   51   64  255    0    0    2    0    0    0    0    0    0    0    0  254   42   42   18  251   50   50   65  255   53   53   48    0    0    0    0    0    0    0    0    0    0    0    0
    0    0    0    0    0    0    0    0    0    0    0    0    0    0    0    0    0    0    0    0    0    0    0    0    0    0    0    0    0    0    0    0    0    0    0    0    0    0    0    0    0    0    0    0    0    0    0    0    0    0    0    0    0    0    0    0    0    0    0    0    0    0    0    0  254   56   56    9  254   53   53   38  254   54   54   47  255  127  127    2    0    0    0    0    0    0    0    0    0    0    0    0    0    0    0    0    0    0    0    0    0    0    0    0    0    0    0    0    0    0    0    0
    0    0    0    0    0    0    0    0    0    0    0    0    0    0    0    0    0    0    0    0    0    0    0    0    0    0    0    0    0    0    0    0    0    0    0    0    0    0    0    0    0    0    0    0    0    0    0    0    0    0    0    0    0    0    0    0    0    0    0    0    0    0    0    0    0    0    0    0    0    0    0    0    0    0    0    0    0    0    0    0    0    0    0    0    0    0    0    0    0    0    0    0    0    0    0    0    0    0    0    0    0    0    0    0    0    0    0    0    0    0    0    0
    0    0    0    0    0    0    0    0    0    0    0    0    0    0    0    0    0    0    0    0    0    0    0    0    0    0    0    0    0    0    0    0    0    0    0    0    0    0    0    0    0    0    0    0    0    0    0    0    0    0    0    0    0    0    0    0    0    0    0    0    0    0    0    0    0    0    0    0    0    0    0    0    0    0    0    0    0    0    0    0    0    0    0    0    0    0    0    0    0    0    0    0    0    0    0    0    0    0    0    0    0    0    0    0    0    0    0    0    0    0    0    0
