   28   28
    0    0    0    0    0    0    0    0    0    0    0    0    0    0    0    0    0    0    0    0    0    0    0    0    0    0    0    0    0    0    0    0    0    0    0    0    0    0    0    0    0    0    0    0    0    0    0    0    0    0    0    0    0    0    0    0    0    0    0    0    0    0    0    0    0    0    0    0    0    0    0    0    0    0    0    0    0    0    0    0    0    0    0    0    0    0    0    0    0    0    0    0    0    0    0    0    0    0    0    0    0    0    0    0    0    0    0    0    0    0    0    0
    0    0    0    0    0    0    0    0    0    0    0    0    0    0    0    0    0    0    0   10    0    0    0   26    0    0    0   22    0    0    0    0    0    0    0    0    0    0    0    0    0    0    0    0    0    0    0    0    0    0    0    0    0    0    0    0    0    0    0    0    0    0    0    0    0    0    0    0    0    0    0    0    0    0    0    0    0    0    0    0    0    0    0    0    0    0    0    0    0    0    0    0    0    0    0    0    0    0    0    0    0    0    0    0    0    0    0    0    0    0    0    0
    0    0    0    0    0    0    0    0    0    0    0    0    0    0    0   32   15    5    5   96   25    6    6  163   16    6    6  200    0    0    0  169    0    0    0  123    0    0    0   79    0    0    0   24    0    0    0    4    0    0    0    0    0    0    0    0    0    0    0    0    0    0    0    0    0    0    0    0    0    0    0    0    0    0    0    0    0    0    0    0    0    0    0    0    0    0    0    0    0    0    0    0    0    0    0    0    0    0    0    0    0    0    0    0    0    0    0    0    0    0    0    0
    0    0    0    0    0    0    0    0    0    0    0    0    0    0    0   76   36    8    8  182   92   32   36  237  137   65   73  253  131   72   80  242   80   28   34  223   47   11   12  205   22    5    7  101   12    0   12   21    0    0    0    0    0    0    0    0    0    0    0    0    0    0    0    0    0    0    0    0    0    0    0    0    0    0    0    0    0    0    0    0    0    0    0    0    0    0    0    0    0    0    0    0    0    0    0    0    0    0    0    0    0    0    0    0    0    0    0    0    0    0    0    0
    0    0    0    0    0    0    0    0    0    0    0   72   34    7   10  170   86   18   25  234  149   39   50  255  200   68   81  255  200   78   91  255  156   67   76  255  123   45   53  255   50   15   17  203   12    1    3  144    0    0    0  104    0    0    0   71    0    0    0   38    0    0    0   12    0    0    0    0    0    0    0    0    0    0    0    0    0    0    0    0    0    0    0    0    0    0    0    0    0    0    0    0    0    0    0    0    0    0    0    0    0    0    0    0    0    0    0    0    0    0    0    0
    0    0    0    0    0    0    0   12   10    1    3  146   64   12   19  240  140   30   42  252  189   41   56  255  207   47   63  255  209   56   72  255  205   84   96  255  193   81   92  255  106   34   41  255   68   14   21  242   54   10   16  216   41    9   12  185   28    6    8  154   10    2    2  124    0    0    0   95    0    0    0   62    0    0    0    0    0    0    0    0    0    0    0    0    0    0    0    0    0    0    0    0    0    0    0    0    0    0    0    0    0    0    0    0    0    0    0    0    0    0    0    0
    0    0    0    0    0    0    0   38   23    4    7  176   90   19   27  255  174   38   52  255  209   46   62  255  209   47   63  255  210   49   65  255  214   67   81  255  215   83   96  255  183   72   83  255  161   61   71  255  136   49   59  255  109   37   45  255   81   25   31  255   57   15   18  248   42    9   11  222   31    6    9  161    0    0    0   26    0    0    0    1    0    0    0    0    0    0    0    0    0    0    0    0    0    0    0    0    0    0    0    0    0    0    0    0    0    0    0    0    0    0    0    0
    0    0    0    0    0    0    0   43   29    6    9  164   92   18   26  243  168   37   50  255  208   49   65  255  212   59   74  255  213   63   78  255  212   59   74  255  213   64   79  255  220   96  108  255  216  102  114  255  205   93  104  255  191   80   92  255  177   69   80  255  160   56   67  255  132   42   51  251   86   25   31  218   18    5    5   98    0    0    0    8    0    0    0    1    0    0    0    0    0    0    0    0    0    0    0    0    0    0    0    0    0    0    0    0    0    0    0    0    0    0    0    0
    0    0    0    0    0    0    0    0   10    2    2   97   69   14   19  210  141   31   42  255  200   54   68  255  217   86   98  255  222  109  120  255  221   99  111  255  218   85   98  255  212   60   75  255  211   55   71  255  213   67   81  255  217   82   96  255  220   98  111  255  221  111  121  255  200  102  111  255  136   53   63  246   42    9   12  187    7    0    0   36  194   36   36   21  254   46   46   11  255   85   85    3    0    0    0    0    0    0    0    0    0    0    0    0    0    0    0    0    0    0    0    0
    0    0    0    0    0    0    0    0    0    0    0  115   44   10   12  222  113   25   33  255  178   39   54  255  208   48   63  255  213   63   79  255  224  113  124  255  227  127  137  255  219   88  102  255  211   57   72  255  209   47   63  255  209   46   62  255  211   46   62  255  217   66   79  255  208   93  104  255  154   59   68  255   53   10   14  245    4    0    2  105  224   44   44  126  254   51   51   79  255   51   51   20    0    0    0    0    0    0    0    0    0    0    0    0    0    0    0    0    0    0    0    0
    0    0    0    0    0    0    0    0    0    0    0   26   29    5   10  149   68   15   20  252  144   32   43  255  200   44   59  255  210   51   66  255  216   79   93  255  221   98  111  255  224  114  124  255  224  114  125  255  215   74   88  255  209   49   65  255  223   48   58  255  233   53   61  255  212   67   78  255  175   77   86  255   71   18   24  244   15    6    6   81  196   32   32   39  254   50   50   25  254   36   36    7    0    0    0    0    0    0    0    0    0    0    0    0    0    0    0    0    0    0    0    0
    0    0    0    0    0    0    0    0    0    0    0   26   13    3    5  152   50   11   15  254  116   25   34  255  169   37   50  255  209   47   63  255  210   51   67  255  211   55   70  255  212   59   74  255  213   65   80  255  211   54   69  255  209   47   63  255  213   48   61  255  227   64   60  255  237   97   77  255  203  104  114  255  115   26   35  253   10    3    2  223  213   85   41  191  254   96   50   45  255    0    0    1    0    0    0    0    0    0    0    0    0    0    0    0    0    0    0    0    0    0    0    0
    0    0    0    0    0    0    0    0    0    0    0   13   14    2    2  106   47    9   13  214  104   23   31  255  166   36   49  255  209   46   62  255  209   46   62  255  209   46   62  255  209   46   62  255  209   48   64  255  209   47   63  255  209   46   62  255  209   47   62  255  215   54   62  255  221   73   73  255  203   87   99  255  131   50   58  255   19   14   11  255   85   33   18  212  105   38   22   46    0    0    0    0  255  127  127    2  255   63   47   16  254   51   51   54  251   48   48   68    0    0    0    0
    0    0    0    0    0    0    0    0    0    0    0    3   10    0    0   51   38    8   10  152   78   16   22  238  141   31   42  255  194   43   58  255  209   46   62  255  209   46   62  255  209   46   62  255  209   46   62  255  209   46   62  255  209   46   62  255  209   46   62  255  210   47   62  255  213   59   68  255  212   90   84  255  168  106   97  255  116   90   66  255  100   61   25  228   53   29   10   95    0    0    0   18  255  111   47   32  255   95   51   80  254   77   51   99  254   52   52   63    0    0    0    0
    0    0    0    0    0    0    0    0    0    0    0    0    0    0    0   15   17    5    5   87   45   10   14  196   93   21   28  253  145   32   43  255  184   40   54  255  195   43   58  255  203   45   60  255  208   46   62  255  209   46   62  255  212   46   61  255  213   46   61  255  211   54   70  255  214   82   88  255  211  120  101  255  189  152  132  255  171  150  132  255  137  107   81  249  118   83   53  168  142   90   43   59  255  112   52   34  254  102   53   62  254   91   54   61  254   60   60   21    0    0    0    0
    0    0    0    0    0    0    0    0    0    0    0    0    0    0    0    0    0    0    0   32   22    4    6  127   42    9   11  241   73   16   21  255  136   29   39  255  156   35   46  255  171   38   50  255  182   40   54  255  189   42   56  255  205   44   55  255  215   48   59  255  219   66   74  255  220  109  101  255  187  145  133  255  164  152  140  255  168  167  168  255  134  131  131  255  133  102   68  227  158  101   49   98  210  120   45   17  255   63   63    4  255  102   51    5    0    0    0    0    0    0    0    0
    0    0    0    0    0    0    0    0    0    0    0    0    0    0    0    0    0    0    0    0    0    0    0   50    1    0    1  167   19    3    6  210   82   18   23  255   98   22   29  255  113   25   33  255  127   28   38  255  142   31   42  255  168   37   45  255  198   58   67  255  220   94   92  255  217  132  111  255  163  152  152  255  113  113  113  255  143  143  143  255  127  127  127  255   85   67   48  254  114   66   31  122  203  101   40   25    0    0    0    0    0    0    0    0    0    0    0    0    0    0    0    0
    0    0    0    0    0    0    0    0    0    0    0    0    0    0    0    0    0    0    0    0    0    0    0    0    0    0    0   14   15    3    6   83   29    5    6  227   45    8   11  237   58   12   16  248   72   16   21  254   86   19   25  255  104   29   36  255  150   78   85  255  193  145  146  255  190  174  165  255  168  161  155  255   91   91   92  255   84   84   85  255  108  108  109  255   34   28   26  247  119   49   22  145  254   99   49   46  255   51   51   20  241   53   53   19    0    0    0    0    0    0    0    0
    0    0    0    0    0    0    0    0    0    0    0    0    0    0    0    0    0    0    0    0    0    0    0    0    0    0    0    3    0    0    0   21    0    0    0   91    0    0    0  144    0    0    0  198    6    1    2  231   23    5    7  242   43   19   20  246   83   64   61  251  132  115  103  254  177  143  113  255  204  168  132  255  172  171  172  255  150  150  151  254  119  116  115  255   53   39   31  219  151   60   30  143  254   84   50   75  254   54   54  103  252   51   51   99    0    0    0    0    0    0    0    0
    0    0    0    0    0    0    0    0    0    0    0    0    0    0    0    0    0    0    0    0    0    0    0    0    0    0    0    0    0    0    0    1    0    0    0    4    0    0    0    6    0    0    0    8    0    0    0   33    3    0    0   80    3    1    1  135   68   28   15  197  145   72   48  245  177  120   94  255  157  137  119  255  164  147  131  254   99   91   86  242  111   76   41  253  138   84   30  166  159   95   31   48  255   85   85    3  254   58   58   13  255   51   51   15    0    0    0    0    0    0    0    0
    0    0    0    0    0    0    0    0    0    0    0    0    0    0    0    0    0    0    0    0    0    0    0    0    0    0    0    0    0    0    0    0    0    0    0    0    0    0    0    0    0    0    0    0    0    0    0    3  221   43   43   76  192   39   39   77   47   12    9  103   31   16   12  202   48   36   31  255   74   66   58  246  176  123   70  192  194  128   63   97  150   93   37   68  227  109   48  121  243  107   47   64  255   85   63   12  255    0    0    1  255    0    0    2    0    0    0    0    0    0    0    0
    0    0    0    0    0    0    0    0    0    0    0    0    0    0    0    0    0    0    0    0    0    0    0    0    0    0    0    0    0    0    0    0    0    0    0    0    0    0    0    0    0    0    0    0    0    0    0    0  255   51   51   64  254   49   49   52   71   20   20   25    8    4    4   58   17   15   12  101   47   34   26  134  204  100   47  117  254  133   55   23  198  113   28    9  254  105   52   77  255  106   47   48  255  102   51   10    0    0    0    0    0    0    0    0    0    0    0    0    0    0    0    0
    0    0    0    0    0    0    0    0    0    0    0    0    0    0    0    0    0    0    0    0    0    0    0    0    0    0    0    0    0    0    0    0    0    0    0    0    0    0    0    0    0    0    0    0    0    0    0    0  254   48   48   21  255   45   45   17  255    0    0    1    0    0    0    4   25   12   12   20  118   45   27   56  242   98   47  119  255  102   51    5    0    0    0    0  254   99   55   23  254   99   56   18  255   63   47   16  255   51   51   10    0    0    0    0    0    0    0    0    0    0    0    0
    0    0    0    0    0    0    0    0    0    0    0    0    0    0    0    0    0    0    0    0    0    0    0    0    0    0    0    0    0    0    0    0    0    0    0    0    0    0    0    0    0    0    0    0    0    0    0    0    0    0    0    0    0    0    0    0    0    0    0    0    0    0    0    0  254   56   56    9  254   67   50   45  254   84   51   94  255   85    0    3    0    0    0    0    0    0    0    0  254   53   53   19  251   50   50   70  254   49   49   52    0    0    0    0    0    0    0    0    0    0    0    0
    0    0    0    0    0    0    0    0    0    0    0    0    0    0    0    0    0    0    0    0    0    0    0    0    0    0    0    0    0    0    0    0    0    0    0    0    0    0    0    0    0    0    0    0    0    0    0    0    0    0    0    0    0    0    0    0    0    0    0    0    0    0    0    0  254   54   54   14  254   50   50   56  255   51   51   64  255    0    0    2    0    0    0    0    0    0    0    0  254   42   42   18  251   50   50   65  255   53   53   48    0    0    0    0    0    0    0    0    0    0    0    0
    0    0    0    0    0    0    0    0    0    0    0    0    0    0    0    0    0    0    0    0    0    0    0    0    0    0    0    0    0    0    0    0    0    0    0    0    0    0    0    0    0    0    0    0    0    0    0    0    0    0    0    0    0    0    0    0    0    0    0    0    0    0    0    0  254   56   56    9  254   53   53   38  254   54   54   47  255  127  127    2    0    0    0    0    0    0    0    0    0    0    0    0    0    0    0    0    0    0    0    0    0    0    0    0    0    0    0    0    0    0    0    0
    0    0    0    0    0    0    0    0    0    0    0    0    0    0    0    0    0    0    0    0    0    0    0    0    0    0    0    0    0    0    0    0    0    0    0    0    0    0    0    0    0    0    0    0    0    0    0    0    0    0    0    0    0    0    0    0    0    0    0    0    0    0    0    0    0    0    0    0    0    0    0    0    0    0    0    0    0    0    0    0    0    0    0    0    0    0    0    0    0    0    0    0    0    0    0    0    0    0    0    0    0    0    0    0    0    0    0    0    0    0    0    0
    0    0    0    0    0    0    0    0    0    0    0    0    0    0    0    0    0    0    0    0    0    0    0    0    0    0    0    0    0    0    0    0    0    0    0    0    0    0    0    0    0    0    0    0    0    0    0    0    0    0    0    0    0    0    0    0    0    0    0    0    0    0    0    0    0    0    0    0    0    0    0    0    0    0    0    0    0    0    0    0    0    0    0    0    0    0    0    0    0    0    0    0    0    0    0    0    0    0    0    0    0    0    0    0    0    0    0    0    0    0    0    0
