   28   28
    0    0    0    0    0    0    0    0    0    0    0    0    0    0    0    0    0    0    0    0    0    0    0    0    0    0    0    0    0    0    0    0    0    0    0    0    0    0    0    0    0    0    0    0    0    0    0    0    0    0    0    0    0    0    0    0    0    0    0    0    0    0    0    0    0    0    0    0    0    0    0    0    0    0    0    0    0    0    0    0    0    0    0    0    0    0    0    0    0    0    0    0    0    0    0    0    0    0    0    0    0    0    0    0    0    0    0    0    0    0    0    0
    0    0    0    0    0    0    0    0    0    0    0    0    0    0    0    0    0    0    0    0    0    0    0    0    0    0    0    0    0    0    0    0    0    0    0    0   25   25   25   10   34   34   34   15   32   26   26  203   34   27   27  255   34   27   27  255   34   27   27  255   34   27   27  255   33   26   26  221   34   34   34   15   23   23   23   11    0    0    0    0    0    0    0    0    0    0    0    0    0    0    0    0    0    0    0    0    0    0    0    0    0    0    0    0    0    0    0    0    0    0    0    0
    0    0    0    0    0    0    0    0    0    0    0    0    0    0    0    0    0    0    0    0    0    0    0    0    0    0    0    0    0    0    0    0   28   28   28   18   39   26   26  174   41   27   27  255  127   30   30  255  150   30   31  255  151   36   38  255  141   28   26  255  150   30   31  255  135   30   30  255   41   27   27  255   40   25   25  191   25   25   25   20    0    0    0    0    0    0    0    0    0    0    0    0    0    0    0    0    0    0    0    0    0    0    0    0    0    0    0    0    0    0    0    0
    0    0    0    0    0    0    0    0    0    0    0    0    0    0    0    0    0    0    0    0    0    0    0    0    0    0    0    0   22   22   22   23   43   26   26  165  116   30   30  255  154   31   33  255  203   50   68  255  215   45   67  255  210   85  109  255  141   28   26  255  215   45   66  255  208   51   71  255  154   31   33  255  123   30   31  255   45   25   25  180   29   29   29   26    0    0    0    0    0    0    0    0    0    0    0    0    0    0    0    0    0    0    0    0    0    0    0    0    0    0    0    0
    0    0    0    0    0    0    0    0    0    0    0    0    0    0    0    0    0    0    0    0    0    0    0    0   29   29   29   26   48   24   24  158  114   30   31  255  196   48   65  255  217   58   81  255  223   92  120  255  218   64   89  255  163   34   39  255  159   32   35  255  218   61   85  255  224   95  124  255  217   58   81  255  201   50   68  255  122   30   32  255   50   28   26  172   24   24   24   31    0    0    0    0    0    0    0    0    0    0    0    0    0    0    0    0    0    0    0    0    0    0    0    0
    0    0    0    0    0    0    0    0    0    0    0    0    0    0    0    0    0    0    0    0   28   28   28   27   51   26   26  153  112   30   32  255  194   49   65  255  222   87  114  255  225  101  131  255  225  101  131  255  225  101  131  255  219   64   88  255  218   61   85  255  225  101  131  255  225  101  131  255  225  101  131  255  223   90  118  255  199   51   68  255  119   31   33  255   53   27   27  166   30   30   30   33    0    0    0    0    0    0    0    0    0    0    0    0    0    0    0    0    0    0    0    0
    0    0    0    0    0    0    0    0    0    0    0    0    0    0    0    0    0    0    0    0   28   28   28   91   76   27   27  255  178   36   45  255  221   77  103  255  225  101  131  255  225  101  131  255  225  101  131  255  225  101  131  255  225  101  131  255  225  101  131  255  225  101  131  255  225  101  131  255  225  101  131  255  225  101  131  255  221   81  108  255  183   37   48  255   84   28   26  255   27   27   27  110    0    0    0    0    0    0    0    0    0    0    0    0    0    0    0    0    0    0    0    0
    0    0    0    0    0    0    0    0    0    0    0    0    0    0    0    0    0    0    0    0   28   28   28   91   76   27   27  255  178   36   45  255  221   77  103  255  225  101  131  255  225  101  131  255  225  101  131  255  225  101  131  255  225  101  131  255  225  101  131  255  225  101  131  255  225  101  131  255  225  101  131  255  225  101  131  255  221   81  108  255  183   37   48  255   84   28   26  255   27   27   27  110    0    0    0    0    0    0    0    0    0    0    0    0    0    0    0    0    0    0    0    0
    0    0    0    0    0    0    0    0    0    0    0    0    0    0    0    0    0    0    0    0   28   28   28   91   76   27   27  255  178   36   45  255  221   77  103  255  225  101  131  255  225  101  131  255  225  101  131  255  225  101  131  255  225  101  131  255  225  101  131  255  225  101  131  255  225  101  131  255  225  101  131  255  225  101  131  255  221   81  108  255  183   37   48  255   84   28   26  255   27   27   27  110    0    0    0    0    0    0    0    0    0    0    0    0    0    0    0    0    0    0    0    0
    0    0    0    0    0    0    0    0    0    0    0    0    0    0    0    0    0    0    0    0   28   28   28   91   76   27   27  255  178   36   45  255  221   77  103  255  225  101  131  255  225  101  131  255  225  101  131  255  225  101  131  255  225  101  131  255  225  101  131  255  225  101  131  255  225  101  131  255  225  101  131  255  225  101  131  255  221   81  108  255  183   37   48  255   84   28   26  255   27   27   27  110    0    0    0    0    0    0    0    0    0    0    0    0    0    0    0    0    0    0    0    0
    0    0    0    0    0    0    0    0    0    0    0    0    0    0    0    0    0    0    0    0   28   28   28   91   76   27   27  255  178   36   45  255  221   77  103  255  225  101  131  255  225  101  131  255  220   74  100  255  219   66   91  255  219   66   91  255  219   66   91  255  219   66   91  255  220   71   96  255  225  101  131  255  225  101  131  255  221   81  108  255  183   37   48  255   84   28   26  255   27   27   27  110    0    0    0    0    0    0    0    0    0    0    0    0    0    0    0    0    0    0    0    0
    0    0    0    0    0    0    0    0    0    0    0    0    0    0    0    0    0    0    0    0   28   28   28   91   76   27   27  255  178   36   45  255  221   77  103  255  225  101  131  255  220   74  100  255  117   39   50  255   90   33   40  255   90   33   40  255   90   33   40  255   90   33   40  255  108   37   46  255  220   71   96  255  225  101  131  255  221   81  108  255  183   37   48  255   84   28   26  255   27   27   27  110    0    0    0    0    0    0    0    0    0    0    0    0    0    0    0    0    0    0    0    0
    0    0    0    0    0    0    0    0   29   29   29   26   27   27   27  185   27   27   27  185   25   25   25  210   76   27   27  255  178   36   45  255  221   77  103  255  225  101  131  255  121   51   64  255   52   27   17  255   45   25   11  255   45   25   11  255   45   25   11  255   45   25   11  255   49   25   15  255  109   47   57  255  225  101  131  255  221   81  108  255  183   37   48  255   84   28   26  255   27   27   27  215   27   27   27  185   27   27   27  185   25   25   25   40    0    0    0    0    0    0    0    0
    0    0    0    0   36   36   36   14   25   25   25  208   52   44   39  255  148  109   84  255  105   80   63  255   76   27   27  255  178   36   45  255  221   77  103  255  225  101  131  255   84   48   57  255   47   25   10  255   52   24    5  255   52   24    5  255   52   24    5  255   52   24    5  255   48   24    8  255   67   34   38  255  220   69   94  255  221   81  108  255  183   37   48  255   84   28   26  255   96   74   59  255  148  109   84  255   62   51   43  255   26   26   26  212   26   26   26   29    0    0    0    0
    0    0    0    0   38   32   31  219  158  116   88  255  174  130  100  255  225  170  137  255  135  103   82  255   34   27   27  255   98   28   30  255  189   43   56  255  217   53   75  255   81   34   41  255   30   27   24  255   31   27   24  255   31   27   24  255   31   27   24  255   31   27   24  255   30   27   24  255   67   31   35  255  215   46   68  255  194   45   60  255  106   29   29  255   36   27   27  255  123   95   76  255  222  168  135  255  181  134  105  255  158  116   88  255   48   41   35  222   31   31   31   16
    0    0    0    0   39   36   33  255  196  147  114  255  207  156  123  255  246  188  155  255  216  163  131  255  107   81   64  255   84   27   27  255  145   29   28  255  148   30   30  255  183   38   53  255  197   42   61  255  197   42   61  255  197   42   61  255  197   42   61  255  197   42   61  255  197   42   61  255  187   40   55  255  148   30   30  255  146   29   28  255   92   28   26  255   96   74   60  255  210  159  127  255  245  188  155  255  211  159  126  255  196  147  114  255   52   44   40  255   26   26   26   19
    0    0    0    0   38   34   32  255  182  133  100  255  186  136  103  255  200  149  116  255  193  143  110  255  115   87   68  255   29   27   27  255   31   27   27  255   31   27   27  255  111   28   27  255  143   29   27  255  143   29   27  255  143   29   27  255  143   29   27  255  143   29   27  255  143   29   27  255  120   28   27  255   31   27   27  255   31   27   27  255   29   27   27  255  103   79   63  255  192  142  109  255  200  149  116  255  187  138  105  255  182  133  100  255   49   42   37  255   26   26   26   19
    0    0    0    0   28   28   28   18   25   25   25  248   25   25   25  248   25   25   25  248   27   27   27  251   76   27   27  255  141   28   26  255   76   27   27  255   64   41   24  255   45   33   26  255   29   28   27  255   29   28   27  255   29   28   27  255   29   28   27  255   29   28   27  255   29   28   27  255   40   32   26  255   68   43   24  255   68   27   27  255  141   28   26  255   84   28   26  255   27   27   27  251   25   25   25  248   25   25   25  248   25   25   25  248   28   28   28   36    0    0    0    0
    0    0    0    0    0    0    0    0    0    0    0    0    0    0    0    0   36   36   36    7   28   28   28  106   72   27   27  255  131   28   26  255   72   27   27  255   34   27   27  255   68   42   24  255   81   47   23  255   81   47   23  255   81   47   23  255   81   47   23  255   81   47   23  255   81   47   23  255   72   42   24  255   34   27   27  255   64   27   27  255  131   28   26  255   79   28   26  255   26   26   26  123   31   31   31    8    0    0    0    0    0    0    0    0    0    0    0    0    0    0    0    0
    0    0    0    0    0    0    0    0    0    0    0    0    0    0    0    0   27   27   27   73   27   27   27  255   27   27   27  255   27   27   27  255   27   27   27  255  100   28   26  255   72   27   27  255   44   27   27  255   44   27   27  255   44   27   27  255   44   27   27  255   44   27   27  255   44   27   27  255   64   27   27  255  108   28   26  255   27   27   27  255   27   27   27  255   27   27   27  255   27   27   27  255   27   27   27   92    0    0    0    0    0    0    0    0    0    0    0    0    0    0    0    0
    0    0    0    0    0    0    0    0    0    0    0    0   23   23   23   11   27   27   27  111   27   27   27  255   27   27   27  255   25   34   27  255   25   33   27  255   85   28   26  255  117   28   26  255  136   28   26  255  137   28   26  255  141   28   26  255  141   28   26  255  136   28   26  255  138   28   26  255  117   28   26  255   91   28   26  255   26   32   27  255   25   35   27  255   27   27   27  255   27   27   27  255   28   28   28  126   31   31   31   16    0    0    0    0    0    0    0    0    0    0    0    0
    0    0    0    0    0    0    0    0   25   25   25   10   28   28   28  108   27   27   27  255   38   27   27  255   58   27   27  255   36   53   27  255   19   64   29  255   24   53   31  255   26   35   28  255   93   28   26  255   95   28   26  255  109   28   26  255  110   28   26  255   94   28   26  255   99   28   26  255   26   32   28  255   24   53   31  255   20   62   29  255   32   56   28  255   58   27   27  255   40   27   27  255   27   27   27  255   26   26   26  123   34   34   34   15    0    0    0    0    0    0    0    0
    0    0    0    0    0    0    0    0   28   28   28   36   27   27   27  255   27   27   27  255   68   27   27  255  141   28   26  255   84   28   26  255   20   82   34  255   15  124   40  255   24   55   31  255   27   27   27  255   27   27   27  255   27   27   27  255   27   27   27  255   27   27   27  255   27   27   27  255   24   47   30  255   15  124   40  255   19   90   35  255   76   27   27  255  141   28   26  255   76   27   27  255   27   27   27  255   27   27   27  255   27   27   27   55    0    0    0    0    0    0    0    0
    0    0    0    0   36   36   36    7   27   27   27  122   27   27   27  255   27   27   27  255   78   29   32  255  170   34   41  255  121   31   34  255   42   61   31  255   20   86   35  255   25   44   29  255   27   27   27  255   27   27   27  255   27   27   27  255   27   27   27  255   27   27   27  255   27   27   27  255   25   39   29  255   20   86   35  255   38   65   32  255  114   30   33  255  170   34   41  255  114   30   33  255   43   27   27  255   27   27   27  255   26   26   26  133   36   36   36   14    0    0    0    0
    0    0    0    0   28   28   28   18   27   27   27  255   27   27   27  255   27   27   27  255   82   30   35  255  196   40   55  255  195   40   55  255  139   35   44  255  112   35   44  255   88   30   32  255   79   27   27  255   34   27   27  255   27   27   27  255   27   27   27  255   31   27   27  255   79   27   27  255   86   29   30  255  112   35   44  255  135   35   44  255  192   39   53  255  198   40   56  255  159   32   35  255   68   27   27  255   27   27   27  255   27   27   27  255   27   27   27   37    0    0    0    0
    0    0    0    0   28   28   28   18   27   27   27  255   27   27   27  255   27   27   27  255   47   27   27  255  123   31   35  255  177   36   45  255  177   36   45  255  177   36   45  255  110   30   32  255   83   27   27  255   35   27   27  255   27   27   27  255   27   27   27  255   31   27   27  255   83   27   27  255  103   29   30  255  177   36   45  255  177   36   45  255  177   36   45  255  130   32   36  255   83   27   27  255   47   27   27  255   27   27   27  255   27   27   27  255   27   27   27   37    0    0    0    0
    0    0    0    0   31   31   31    8   27   27   27  129   27   27   27  255   27   27   27  255   27   27   27  255   48   27   27  255   76   27   27  255   76   27   27  255   76   27   27  255   41   27   27  255   27   27   27  255   27   27   27  255   27   27   27  255   27   27   27  255   27   27   27  255   27   27   27  255   37   27   27  255   76   27   27  255   76   27   27  255   76   27   27  255   51   27   27  255   27   27   27  255   27   27   27  255   27   27   27  255   27   27   27  140   31   31   31   16    0    0    0    0
    0    0    0    0    0    0    0    0   28   28   28   36   27   27   27  255   27   27   27  255   27   27   27  255   27   27   27  255   27   27   27  255   27   27   27  255   27   27   27  255   27   27   27  255   27   27   27  255   27   27   27  255   27   27   27  255   27   27   27  255   27   27   27  255   27   27   27  255   27   27   27  255   27   27   27  255   27   27   27  255   27   27   27  255   27   27   27  255   27   27   27  255   27   27   27  255   27   27   27  255   27   27   27   55    0    0    0    0    0    0    0    0
