   28   28
    0    0    0    0    0    0    0    0    0    0    0    0    0    0    0    0    0    0    0    0    0    0    0    0    0    0    0    0    0    0    0    0    0    0    0    0    0    0    0    0    0    0    0    0    0    0    0    0    0    0    0    0    0    0    0    0    0    0    0    0    0    0    0    0    0    0    0    0    0    0    0    0    0    0    0    0    0    0    0    0    0    0    0    0    0    0    0    0    0    0    0    0    0    0    0    0    0    0    0    0    0    0    0    0    0    0    0    0    0    0    0    0
    0    0    0    0    0    0    0    0    0    0    0    0    0    0    0    0    0    0    0    0    0    0    0    0    0    0    0    0    0    0    0    0    0    0    0    0   25   25   25   10   34   34   34   15   32   26   26  203   34   27   27  255   34   27   27  255   34   27   27  255   34   27   27  255   33   26   26  221   34   34   34   15   23   23   23   11    0    0    0    0    0    0    0    0    0    0    0    0    0    0    0    0    0    0    0    0    0    0    0    0    0    0    0    0    0    0    0    0    0    0    0    0
    0    0    0    0    0    0    0    0    0    0    0    0    0    0    0    0    0    0    0    0    0    0    0    0    0    0    0    0    0    0    0    0   28   28   28   18   39   26   26  174   41   27   27  255  127   30   30  255  150   30   31  255  151   36   38  255  141   28   26  255  150   30   31  255  135   30   30  255   41   27   27  255   40   25   25  191   25   25   25   20    0    0    0    0    0    0    0    0    0    0    0    0    0    0    0    0    0    0    0    0    0    0    0    0    0    0    0    0    0    0    0    0
    0    0    0    0    0    0    0    0    0    0    0    0    0    0    0    0    0    0    0    0    0    0    0    0    0    0    0    0   22   22   22   23   43   26   26  165  116   30   30  255  154   31   33  255  203   50   68  255  215   45   67  255  210   85  109  255  141   28   26  255  215   45   66  255  208   51   71  255  154   31   33  255  123   30   31  255   45   25   25  180   29   29   29   26    0    0    0    0    0    0    0    0    0    0    0    0    0    0    0    0    0    0    0    0    0    0    0    0    0    0    0    0
    0    0    0    0    0    0    0    0    0    0    0    0    0    0    0    0    0    0    0    0    0    0    0    0   29   29   29   26   48   24   24  158  114   30   31  255  196   48   65  255  217   58   81  255  223   92  120  255  218   64   89  255  163   34   39  255  159   32   35  255  218   61   85  255  224   95  124  255  217   58   81  255  201   50   68  255  122   30   32  255   50   28   26  172   24   24   24   31    0    0    0    0    0    0    0    0    0    0    0    0    0    0    0    0    0    0    0    0    0    0    0    0
    0    0    0    0    0    0    0    0    0    0    0    0    0    0    0    0    0    0    0    0   28   28   28   27   51   26   26  153  112   30   32  255  194   49   65  255  222   87  114  255  225  101  131  255  225  101  131  255  225  101  131  255  219   64   88  255  218   61   85  255  225  101  131  255  225  101  131  255  225  101  131  255  223   90  118  255  199   51   68  255  119   31   33  255   53   27   27  166   30   30   30   33    0    0    0    0    0    0    0    0    0    0    0    0    0    0    0    0    0    0    0    0
    0    0    0    0    0    0    0    0    0    0    0    0    0    0    0    0    0    0    0    0   28   28   28   91   76   27   27  255  178   36   45  255  221   77  103  255  225  101  131  255  225  101  131  255  225  101  131  255  225  101  131  255  225  101  131  255  225  101  131  255  225  101  131  255  225  101  131  255  225  101  131  255  225  101  131  255  221   81  108  255  183   37   48  255   84   28   26  255   27   27   27  110    0    0    0    0    0    0    0    0    0    0    0    0    0    0    0    0    0    0    0    0
    0    0    0    0    0    0    0    0    0    0    0    0    0    0    0    0    0    0    0    0   28   28   28   91   76   27   27  255  178   36   45  255  221   77  103  255  225  101  131  255  225  101  131  255  225  101  131  255  225  101  131  255  225  101  131  255  225  101  131  255  225  101  131  255  225  101  131  255  225  101  131  255  225  101  131  255  221   81  108  255  183   37   48  255   84   28   26  255   27   27   27  110    0    0    0    0    0    0    0    0    0    0    0    0    0    0    0    0    0    0    0    0
    0    0    0    0    0    0    0    0    0    0    0    0    0    0    0    0    0    0    0    0   28   28   28   91   76   27   27  255  178   36   45  255  221   77  103  255  225  101  131  255  225  101  131  255  225  101  131  255  225  101  131  255  225  101  131  255  225  101  131  255  225  101  131  255  225  101  131  255  225  101  131  255  225  101  131  255  221   81  108  255  183   37   48  255   84   28   26  255   27   27   27  110    0    0    0    0    0    0    0    0    0    0    0    0    0    0    0    0    0    0    0    0
    0    0    0    0    0    0    0    0    0    0    0    0    0    0    0    0    0    0    0    0   28   28   28   91   76   27   27  255  178   36   45  255  221   77  103  255  225  101  131  255  225  101  131  255  221   77  103  255  220   70   95  255  220   70   95  255  220   70   95  255  220   70   95  255  220   74  100  255  225  101  131  255  225  101  131  255  221   81  108  255  183   37   48  255   84   28   26  255   27   27   27  110    0    0    0    0    0    0    0    0    0    0    0    0    0    0    0    0    0    0    0    0
    0    0    0    0    0    0    0    0    0    0    0    0    0    0    0    0    0    0    0    0   28   28   28   91   46   27   27  255  121   31   34  255  198   53   70  255  219   66   91  255  219   66   91  255  221   76  102  255  221   79  105  255  221   79  105  255  221   79  105  255  221   79  105  255  221   77  103  255  219   66   91  255  219   66   91  255  202   55   73  255  128   32   35  255   49   27   27  255   27   27   27  110    0    0    0    0    0    0    0    0    0    0    0    0    0    0    0    0    0    0    0    0
    0    0    0    0    0    0    0    0    0    0    0    0    0    0    0    0    0    0    0    0   28   28   28   91   27   27   27  255   84   27   27  255  183   37   48  255  219   69   93  255  222   82  109  255  219   67   92  255  218   63   87  255  218   63   87  255  218   63   87  255  218   63   87  255  219   66   90  255  222   82  109  255  220   71   96  255  189   38   51  255   92   28   26  255   27   27   27  255   27   27   27  110    0    0    0    0    0    0    0    0    0    0    0    0    0    0    0    0    0    0    0    0
    0    0    0    0    0    0    0    0    0    0    0    0    0    0    0    0    0    0    0    0   28   28   28   91   27   27   27  255   84   27   27  255  183   37   48  255  217   54   76  255  218   60   83  255  173   38   46  255  161   32   37  255  161   32   37  255  161   32   37  255  161   32   37  255  169   36   43  255  218   60   83  255  217   55   78  255  189   38   51  255   92   28   26  255   27   27   27  255   27   27   27  110    0    0    0    0    0    0    0    0    0    0    0    0    0    0    0    0    0    0    0    0
    0    0    0    0   36   36   36   14   25   25   25  200   25   25   25  200   25   25   25  200   25   25   25  220   27   27   27  255   84   27   27  255  150   30   31  255  157   31   34  255  157   31   34  255   74   28   29  255   51   27   27  255   51   27   27  255   51   27   27  255   51   27   27  255   66   28   28  255  157   31   34  255  157   31   34  255  151   30   31  255   92   28   26  255   27   27   27  255   27   27   27  224   25   25   25  200   25   25   25  200   25   25   25  200   26   26   26   29    0    0    0    0
    0    0    0    0   38   32   31  219  158  116   88  255  169  126   98  255  202  154  126  255  120   93   75  255   27   27   27  255   36   27   27  255   44   27   27  255   44   27   27  255   44   27   27  255   48   25   13  255   48   24    8  255   48   24    8  255   48   24    8  255   48   24    8  255   47   24   11  255   44   27   27  255   44   27   27  255   44   27   27  255   37   27   27  255   27   27   27  255  110   85   69  255  198  152  124  255  174  130  102  255  158  116   88  255   48   41   35  222   31   31   31   16
    0    0    0    0   39   36   33  255  196  147  114  255  207  156  123  255  246  188  155  255  216  163  131  255  107   81   64  255   38   26   17  255  125   89   64  255  210  160  130  255  232  216  207  255   73   71   70  255  206  203  202  255  230  178  148  255  229  174  142  255  221  219  217  255   58   56   54  255  232  221  215  255  214  163  133  255  135   97   71  255   40   25   15  255   96   74   60  255  210  159  127  255  245  188  155  255  211  159  126  255  196  147  114  255   52   44   40  255   26   26   26   19
    0    0    0    0   38   34   32  255  182  133  100  255  186  136  103  255  200  149  116  255  193  143  110  255  115   87   68  255   27   27   27  255   63   42   26  255  190  140  109  255  253  236  226  255  249  249  249  255  254  254  254  255  248  194  163  255  247  189  156  255  255  255  255  255  249  249  249  255  253  241  234  255  202  150  119  255   68   43   26  255   27   27   27  255  103   79   63  255  192  142  109  255  200  149  116  255  187  138  105  255  182  133  100  255   49   42   37  255   26   26   26   19
    0    0    0    0   28   28   28   18   25   25   25  249   59   49   42  255  181  132   99  255  126   95   73  255   76   27   27  255  141   28   26  255   76   27   27  255   64   41   24  255  152  106   76  255  193  144  111  255  198  148  115  255  182  133  100  255  181  132   99  255  198  148  115  255  195  145  112  255  159  112   81  255   68   43   24  255   68   27   27  255  141   28   26  255   84   28   26  255  115   87   68  255  181  132   99  255   72   57   48  255   25   25   25  250   28   28   28   36    0    0    0    0
    0    0    0    0    0    0    0    0   30   30   30   33   58   48   40  237  167  123   93  255  117   89   69  255   72   27   27  255  131   28   26  255   72   27   27  255   34   27   27  255   68   42   24  255  149  106   78  255  167  123   93  255  167  123   93  255  167  123   93  255  167  123   93  255  155  112   83  255   72   42   24  255   34   27   27  255   64   27   27  255  131   28   26  255   79   28   26  255  107   82   64  255  167  123   93  255   70   55   45  239   25   25   25   50    0    0    0    0    0    0    0    0
    0    0    0    0    0    0    0    0    0    0    0    0   27   27   27   46   25   25   25  228   27   27   27  255   27   27   27  255   27   27   27  255   27   27   27  255  100   28   26  255   72   27   27  255   44   27   27  255   44   27   27  255   44   27   27  255   44   27   27  255   44   27   27  255   44   27   27  255   64   27   27  255  108   28   26  255   27   27   27  255   27   27   27  255   27   27   27  255   27   27   27  255   26   26   26  231   28   28   28   63    0    0    0    0    0    0    0    0    0    0    0    0
    0    0    0    0    0    0    0    0    0    0    0    0   23   23   23   11   27   27   27  111   27   27   27  255   27   27   27  255   25   34   27  255   25   33   27  255   85   28   26  255  117   28   26  255  136   28   26  255  137   28   26  255  141   28   26  255  141   28   26  255  136   28   26  255  138   28   26  255  117   28   26  255   91   28   26  255   26   32   27  255   25   35   27  255   27   27   27  255   27   27   27  255   28   28   28  126   31   31   31   16    0    0    0    0    0    0    0    0    0    0    0    0
    0    0    0    0    0    0    0    0   25   25   25   10   28   28   28  108   27   27   27  255   38   27   27  255   58   27   27  255   36   53   27  255   19   64   29  255   24   53   31  255   26   35   28  255   93   28   26  255   95   28   26  255  109   28   26  255  110   28   26  255   94   28   26  255   99   28   26  255   26   32   28  255   24   53   31  255   20   62   29  255   32   56   28  255   58   27   27  255   40   27   27  255   27   27   27  255   26   26   26  123   34   34   34   15    0    0    0    0    0    0    0    0
    0    0    0    0    0    0    0    0   28   28   28   36   27   27   27  255   27   27   27  255   68   27   27  255  141   28   26  255   84   28   26  255   20   82   34  255   15  124   40  255   24   55   31  255   27   27   27  255   27   27   27  255   27   27   27  255   27   27   27  255   27   27   27  255   27   27   27  255   24   47   30  255   15  124   40  255   19   90   35  255   76   27   27  255  141   28   26  255   76   27   27  255   27   27   27  255   27   27   27  255   27   27   27   55    0    0    0    0    0    0    0    0
    0    0    0    0   36   36   36    7   27   27   27  122   27   27   27  255   40   27   27  255  107   30   32  255  170   34   41  255  121   31   34  255   42   61   31  255   20   86   35  255   25   44   29  255   27   27   27  255   27   27   27  255   27   27   27  255   27   27   27  255   27   27   27  255   27   27   27  255   25   39   29  255   20   86   35  255   38   65   32  255  114   30   33  255  170   34   41  255  114   30   33  255   43   27   27  255   27   27   27  255   26   26   26  133   36   36   36   14    0    0    0    0
    0    0    0    0   28   28   28   18   27   27   27  255   27   27   27  255   60   27   27  255  169   43   50  255  220   70   95  255  199   65   85  255  141   46   57  255  112   35   44  255   88   30   32  255   79   27   27  255   34   27   27  255   27   27   27  255   27   27   27  255   31   27   27  255   79   27   27  255   86   29   30  255  112   35   44  255  136   44   55  255  197   65   83  255  220   70   95  255  175   46   56  255   68   27   27  255   27   27   27  255   27   27   27  255   27   27   27   37    0    0    0    0
    0    0    0    0   28   28   28   18   27   27   27  255   27   27   27  255   43   27   27  255  132   43   52  255  220   72   97  255  222   86  114  255  219   68   93  255  191   39   52  255  110   30   32  255   83   27   27  255   35   27   27  255   27   27   27  255   27   27   27  255   31   27   27  255   83   27   27  255  103   29   30  255  188   38   51  255  219   64   88  255  223   89  117  255  220   72   97  255  142   46   57  255   47   27   27  255   27   27   27  255   27   27   27  255   27   27   27   37    0    0    0    0
    0    0    0    0   31   31   31    8   27   27   27  129   27   27   27  255   27   27   27  255   56   30   33  255  107   34   43  255  109   46   57  255  109   44   55  255   87   30   33  255   41   27   27  255   27   27   27  255   27   27   27  255   27   27   27  255   27   27   27  255   27   27   27  255   27   27   27  255   37   27   27  255   84   30   31  255  109   43   53  255  110   48   59  255  107   34   43  255   61   30   34  255   27   27   27  255   27   27   27  255   27   27   27  140   31   31   31   16    0    0    0    0
    0    0    0    0    0    0    0    0   28   28   28   36   27   27   27  255   27   27   27  255   27   27   27  255   27   27   27  255   27   27   27  255   27   27   27  255   27   27   27  255   27   27   27  255   27   27   27  255   27   27   27  255   27   27   27  255   27   27   27  255   27   27   27  255   27   27   27  255   27   27   27  255   27   27   27  255   27   27   27  255   27   27   27  255   27   27   27  255   27   27   27  255   27   27   27  255   27   27   27  255   27   27   27   55    0    0    0    0    0    0    0    0
