   28   28
    0    0    0    0    0    0    0    0    0    0    0    0    0    0    0    0    0    0    0    0    0    0    0    0    0    0    0    0    0    0    0    0    0    0    0    0    0    0    0    0    0    0    0    0    0    0    0    0    0    0    0    0    0    0    0    0    0    0    0    0    0    0    0    0    0    0    0    0    0    0    0    0    0    0    0    0    0    0    0    0    0    0    0    0    0    0    0    0    0    0    0    0    0    0    0    0    0    0    0    0    0    0    0    0    0    0    0    0    0    0    0    0
    0    0    0    0  164   24   32   31  161   22   33  167  145   24   36   21  178   38   51   20  172   30   40  191  189   41   52  255  217   70   81  255  227   88   98  255  241  140  147  255  245  178  182  255  245  196  199  255  245  218  220  255  245  242  242  255  245  245  245  255  245  222  224  255  245  198  201  255  245  176  181  255  243  151  157  255  240  129  137  255  236  104  114  255  217   71   82  255  205   56   67  255  179   34   46  192  145   24   36   21  161   22   32  125  159   23   35   64    0    0    0    0
    0    0    0    0  127   25   25   10  137   19   29  104  147   20   30  135  166   33   43  135  179   35   46  234  197   50   61  255  219   73   84  255  231   92  102  255  241  135  142  255  245  171  176  255  245  176  181  255  244  205  207  255  245  241  241  255  245  245  245  255  245  220  222  255  245  186  190  255  245  173  178  255  243  158  164  255  242  137  144  255  235  104  113  255  222   78   89  255  203   56   67  193  171   36   45  255  144   19   29  146  124   18   24   41  121   12   24   21    0    0    0    0
    0    0    0    0  100   17   22  114  114   18   24  136  104   16   23  171  128   28   35  172  193   50   61  213  202   54   65  255  226   83   94  255  234   96  106  255  241  133  141  255  244  164  170  255  244  169  175  255  244  201  203  255  245  240  241  255  245  241  241  255  245  225  227  255  245  214  215  255  244  174  179  255  239  134  142  255  234  105  114  255  233   93  103  255  230   89   99  255  213   75   84  129  158   39   48  255  106   17   22  192  111   17   23  130  104   17   23  120   95   15   15   16
    0    0    0    0   93   15   22  115   80   14   18  177   87   14   19  193  146   34   42  192  183   44   55  255  198   49   60  255  223   80   90  255  231   91  101  255  238  117  126  255  241  137  144  255  241  142  149  255  242  172  177  255  245  226  228  255  245  213  215  255  244  214  216  255  244  199  202  255  241  149  156  255  230  106  115  255  223   80   91  255  229   87   97  255  228   86   96  255  213   71   82  255  152   37   45  213   95   16   20  110   84   15   19  130   89   14   21  120   95   15   15   16
    0    0    0    0   76   25   25   10   72   12   18  126   68   12   16  223   99   21   25  120  172   32   42  202  194   47   58  255  218   71   82  255  229   87   97  255  234   96  106  255  235  104  114  255  237  113  122  255  241  142  150  255  244  208  211  255  245  184  189  255  245  193  196  255  244  172  177  255  238  127  134  255  223   89   98  255  216   73   84  255  225   81   92  255  219   73   84  255  206   56   67  229  111   24   31  105   67   12   15  181   70   12   17  120   72   12   12   21    0    0    0    0
    0    0    0    0    0    0    0    0   69    0   23   11   80   13   19  130  118   21   29  234  166   31   40  244  199   54   65  255  224   79   90  255  232   91  101  255  233   92  102  255  234   96  106  255  239  125  133  255  244  170  176  255  245  225  226  255  244  210  212  255  244  204  207  255  244  203  206  255  243  177  181  255  236  143  150  255  227  112  120  255  221   83   92  255  195   46   57  255  194   46   58  250  128   24   32  229   81   14   18  162   63   15   15   16   85   14   19  155   79   15   23   32
    0    0    0    0  113   21   28   36  115   18   25  181  114   18   25  109  137   23   31  255  184   44   54  255  206   64   74  255  233   92  102  255  233   93  103  255  236  104  113  255  239  126  134  255  244  176  181  255  245  218  219  255  245  242  242  255  245  245  245  255  245  245  245  255  245  242  242  255  245  226  227  255  245  200  203  255  237  145  152  255  218   82   91  255  204   53   64  255  194   46   56  255  142   24   32  255  115   18   25  255  115   18   25  254  113   17   24   74    0    0    0    0
    0    0    0    0  153    0   51    5  147   19   29   26  143   21   29   94  161   27   37  240  180   36   46   99  213   68   78  223  232   91  101  255  234   95  104  255  238  123  131  255  243  167  172  255  245  210  212  255  245  232  233  255  245  244  244  255  245  245  245  255  245  243  243  255  245  231  231  255  245  194  198  255  245  177  183  255  238  143  150  255  230   97  107  255  217   70   81  255  190   42   52  255  165   29   39  245  146   20   30  125  153   25   25   20  153   25   25   10    0    0    0    0
    0    0    0    0  147   19   29   26  145   21   29  130  115   16   24   31  158   28   37  135  190   45   56  234  204   57   68  255  225   81   92  255  233   95  105  255  241  135  142  255  245  180  184  255  245  207  209  255  245  228  229  255  245  243  243  255  245  245  245  255  245  227  228  255  245  201  204  255  242  154  160  255  241  135  143  255  236  117  126  255  226   87   97  255  213   65   76  255  198   48   59  193  165   30   40  203  115   18   24   42  144   22   29  104  144   19   28   53    0    0    0    0
    0    0    0    0    0    0    0    0   90   16   24   31   98   16   22  171  115   19   25  172  175   35   45  213  192   45   56  255  215   67   78  255  230   91  101  255  241  135  142  255  245  174  179  255  245  189  193  255  245  218  219  255  245  242  242  255  245  245  245  255  244  211  214  255  245  174  179  255  239  126  134  255  237  111  120  255  230   97  107  255  215   68   79  255  204   53   64  255  189   43   53  129  143   25   33  255  100   15   22  192   92   16   21   47    0    0    0    0    0    0    0    0
    0    0    0    0    0    0    0    0   90   16   24   31   81   13   19  172  116   21   28  255  159   28   38  152  187   39   50  234  213   64   75  255  230   91  101  255  241  135  142  255  245  177  181  255  245  204  207  255  245  232  232  255  245  244  244  255  245  245  245  255  245  225  226  255  245  201  204  255  241  151  158  255  238  117  125  255  231   93  103  255  223   78   88  255  197   47   58  255  194   48   58  255  126   22   30  255   79   13   18  193   92   16   21   47   66   12   14  103   72   12   12   21
    0    0    0    0   63   13   16  156   63   14   19   52   66   11   15  135  131   24   33  177  160   27   37  203  189   40   51  244  210   61   72  255  223   85   95  255  239  152  158  255  244  171  176  255  244  195  199  255  244  212  214  255  245  241  241  255  244  224  225  255  245  231  231  255  245  228  229  255  244  178  183  255  240  137  145  255  237  110  119  255  233   93  102  255  212   65   76  255  182   43   54   99  138   25   35  203   63   12   17  120   64   12   15  181   65   12   16  105   69   23   23   11
    0    0    0    0   65   12   16   62   64   12   15  166   62   13   15  114   79   15   19  115  168   29   38  192  181   33   48   69  222   78   89  254  232   98  108  255  241  154  160  255  242  167  172  255  243  185  189  255  244  200  203  255  245  239  240  255  245  241  241  255  245  243  243  255  245  231  232  255  245  185  189  255  244  162  167  255  242  142  148  255  236  105  114  255  220   75   86  255  202   52   63  193   85   17   22   89   65   12   16  141   64   12   15  161   65   13   17   74    0    0    0    0
    0    0    0    0  120   21   28   36  120   18   25  182    0    0    0    0  186   49   59  145  192   48   58  255  208   62   73  254  225   81   92  255  234   96  106  255  241  135  142  255  245  171  176  255  245  176  181  255  244  205  207  255  245  241  241  255  245  245  245  255  245  224  226  255  245  208  210  255  245  177  182  255  241  142  149  255  238  115  124  255  234   95  104  255  217   70   81  255  220   74   86  219  122   17   24   73  120   17   24  146    0    0    0    1    0    0    0    0    0    0    0    0
    0    0    0    0  102    0    0    5   77   14   21   36   90   15   19  130  105   19   25  130  177   35   49   36  217   70   83  223  227   84   95  255  233   95  105  255  239  127  137  255  242  151  157  255  242  156  162  255  244  189  193  255  245  236  237  255  245  231  231  255  245  207  209  255  245  225  226  255  243  195  198  255  240  154  160  255  236  116  126  255  233   94  104  255  232   90  101  255  218   78   88  255  146   36   45  245   95   16   22  125   93   15   22  145   89   17   20   74    0    0    0    0
    0    0    0    0   78    9   19   26   75   13   17  203   81   13   18  224  133   26   35  182  174   34   45  234  199   50   61  255  219   74   85  255  229   88   98  255  235  102  112  255  238  116  125  255  238  122  131  255  241  150  156  255  245  214  216  255  245  198  202  255  244  204  207  255  243  176  180  255  244  196  199  255  243  204  206  255  241  181  185  255  234  112  121  255  223   78   89  255  202   58   69  255  162   38   47  203  157   59   66   73   75   13   16  135   76   14   19   53    0    0    0    0
    0    0    0    0    0    0    0    0   94   13   20   73   92   15   20  146  148   28   37   62  167   29   40  213  188   42   53  162  220   75   86  255  231   89   99  255  233   92  102  255  234   96  106  255  238  121  130  255  243  151  158  255  244  214  216  255  244  168  173  255  244  183  187  255  242  162  167  255  241  148  155  255  244  179  184  255  245  178  183  255  234  120  129  255  224   79   90  255  185   40   51  240  174   47   55  178  174   61   68  209   68   12   16   63    0    0    0    0    0    0    0    0
    0    0    0    0  109   24   24   21  118   18   26  135  122   18   26  125  130   24   32  125  180   40   51  213  190   42   52  161  229   87   98  255  234   95  105  255  237  115  124  255  237  112  121  255  240  131  139  255  242  142  149  255  242  166  171  255  238  123  132  255  237  130  137  255  241  152  158  255  237  114  123  255  240  135  143  255  242  142  149  255  237  113  122  255  224   79   90  255  196   45   57  219  157   38   45   73  157   38   45  146  116   18   24   83  115   18   24   42    0    0    0    0
    0    0    0    0  127   25   25   10  115   19   24   53  111   15   23   32  158   28   37  135  192   49   59  234  207   61   72  255  203   56   67  255  230   92  102  255  234  110  118  255  230   96  105  255  225   89   99  255  223   84   95  255  233   98  108  255  234   95  105  255  234   99  108  255  238  128  136  255  234   96  105  255  234   99  109  255  232   97  107  255  231   96  106  255  225   81   92  255  199   49   60  245  160   27   37  202  137   19   27  146  115   18   24   42  141   20   28  150  147   19   29   26
    0    0    0    0    0    0    0    0  131   16   28   62  128   18   28  125  169   36   36   21  197   51   62  192  208   61   72  255  223   80   90  255  221   77   88  255  220   79   89  255  218   72   83  255  217   71   82  255  222   77   88  255  228   86   96  255  222   77   88  255  220   76   86  255  225   84   95  255  225   81   92  255  230   89   99  255  229   86   96  100  216   67   78  223  228   80   93   38  208   59   69  224  165   27   41   37  145   20   31  114  146   21   29   94  147   19   29   26  153    0   51    5
    0    0    0    0    0    0    0    0    0    0    0    0  114   18   25  109  149   28   36  254  175   34   44   74  255    0    0    1  219   75   86  254  204   55   66  255  201   53   64  255  199   50   61  255  193   45   56  255  206   60   71  255  219   74   85  255  205   56   67  255  195   46   58  219  206   65   75   74  211   68   78  255  211   65   76  255  201   55   66  254  201   53   60   38  190   42   53  253  189   41   52  255  158   30   39  254  115   17   24  146  116   17   24  145  113   17   24   74    0    0    0    0
    0    0    0    0  172   24   32   31  171   29   39  167  169   29   40  114  170   28   39  115  177   33   44  191  157   26   37   68  193   51   61  254  167   38   49   67  192   53   63  192  164   27   39  130  172   31   41  130  195   46   56  166  198   54   64  250  158   34   41   37  169   28   38  224  176   36   46  255  190   45   57  161  192   47   58  160  206   59   69   99  177   33   43  193  195   46   58  219  143   24   32   62  138   22   30  167  100   17   24  114   91   13   21   95    0    0    0    0    0    0    0    0
    0    0    0    0    0    0    0    0  166   29   39   52  152   26   33  135  156   30   39  135  168   38   46  234  144   23   31  193  108   17   24  255  163   44   53  255  169   70   77  255  133   27   34  255  166   35   45  255  149   26   36  126  162   44   53  166  159   36   44  182   92   17   23   88  146   26   35  203  152   26   35  255  158   32   41  255  186   60   69  255  199   68   82   37  102   28   31   72  138   25   35  167  110   19   26  104  134   26   33  135   65   16   16   31    0    0    0    0    0    0    0    0
    0    0    0    0    0    0    0    0  164   24   32   31  128   20   26  125   97   16   20   63   95   15   22  181  162   33   45  130   64   13   16  254  197   62   71  146   69   13   17  146   82   24   27  146  138   26   34  208  133   18   27  178   98   17   22  114    0    0    0    0   67   11   16  219  115   17   24   73  124   18   25  209  128   28   35  208  117   22   30  178   96   15   22  114   99   27   31  146   64   13   15  114   63   13   15  136   63   12   16  125   89   16   20  125  111   15   23   32    0    0    0    0
    0    0    0    0    0    0    0    0  164   24   32   31  161   24   32   63    0    0    0    0   94   16   22   78  176   37   48  110   64   13   16  110  193   58   66  145   73   14   17  104  160   24   32   62  157   22   32  125  128   18   26  135   99   17   22  115   77   14   17  145   67   10   16   94  115   16   24   31  113   16   24   63  148   20   28   62  122   18   26  135   95   15   22  115    0    0    0    0   64   13   15  115   64   13   15  135   64   12   16   63  115   16   24   62  111   15   23   32    0    0    0    0
    0    0    0    0    0    0    0    0    0    0    0    0   92   16   19   77   94   16   19   78    0    0    0    0   87   14   19  155    0    0    0    1  192   55   65   74   92   14   21  105  126   18   26  135  159   23   31   32  122   19   24   52  115   23   23   11   76   13   17   73    0    0    0    0    0    0    0    0  145   19   29   77  147   19   29   78  117   19   24   52  115   23   23   11    0    0    0    0   76   25   25   10   70   12   16  105   76   14   17  104    0    0    0    0    0    0    0    0    0    0    0    0
    0    0    0    0    0    0    0    0    0    0    0    0   95   15   15   16   95   15   15   16    0    0    0    0   87   15   15   32    0    0    0    0    0    0    0    0  115   23   23   11  121   12   24   21    0    0    0    0    0    0    0    0    0    0    0    0    0    0    0    0    0    0    0    0    0    0    0    0  143   15   31   16  143   15   31   16    0    0    0    0    0    0    0    0    0    0    0    0    0    0    0    0   69   23   23   11   72   12   12   21    0    0    0    0    0    0    0    0    0    0    0    0
