   28   28
    0    0    0    0   24   69  153  221   26   67  134   19   25   77  166   69   32   86  185  255   49  108  217  255   70  128  236  255   96  151  255  255  110  160  255  255  129  172  255  255  154  188  255  255  176  202  255  255  205  220  249  255  235  236  238  255  237  237  237  255  206  220  248  255  177  203  255  255  158  190  255  255  134  176  255  255   95  148  250  255   66  125  234  255   44  101  207  255   28   80  175  255   27   78  171  255   26   76  167   87   26   67  134   19   22   68  151  205   28   70  155   18
    0    0    0    0   15   40   96   50   19   60  137  223   20   60  137  247   33   84  181  229   45  103  210  255   59  116  222  255  100  154  255  255  123  168  255  255  140  179  255  255  146  183  255  255  156  190  255  255  202  218  249  255  235  236  238  255  237  237  237  255  192  213  253  255  152  187  255  255  145  183  255  255  132  175  255  255   93  148  252  255   70  129  238  255   48  105  211  255   30   82  180  234   27   75  167  242   22   64  141  255   20   59  136  226   16   48  109   63    0    0   85    3
    0    0    0    0   12   37   84  190    9   27   58   83   13   34   80  213   52  104  200  112   72  131  240  255   83  142  251  255   89  146  254  255   98  152  254  255  122  168  255  255  153  188  255  255  192  213  252  255  208  221  248  255  232  234  240  255  237  237  237  255  189  211  253  255  149  186  255  255  141  180  255  255  131  174  255  255   96  151  255  255   80  139  248  255   64  122  230  255   52  108  215  141   32   79  168  183   17   46  102  255   13   32   78   55   13   37   83  171   11   27   54   66
    0    0    0    0    0   14   42   18    7   17   40  245   11   32   68  197   38   82  164  255   71  130  238  255   76  134  242  255   78  137  246  255   75  134  243  255  100  153  252  255  138  178  255  255  195  213  249  255  202  218  250  255  207  221  247  255  229  233  240  255  167  196  255  255  131  174  255  255  120  166  255  255  118  165  255  255   93  149  254  255   80  139  248  255   66  125  233  255   46  103  209  255   29   74  156  255   12   36   78  202    6   19   45   39    4   12   24   63    7   20   45  173
    0    0    0    0    0   14   28   18    4    8   20  232    9   23   52  107   32   79  164  189   47  105  213  255   55  113  219  255   66  125  234  255   57  116  225  255   76  135  244  255  109  159  255  255  155  189  255  255  174  200  255  255  166  196  255  255  204  219  250  255  131  174  255  255  104  155  255  255  101  153  255  255   94  150  255  255   85  143  252  255   71  130  239  255   50  108  215  255   32   85  184  255   23   66  149  196    9   29   63  113    2    8   16   92    3    8   23  153    0   21   21   12
    6   16   34  110    0    0   25   10    3    6   19  160    4   14   34  224   28   74  160  151   44  103  212  255   58  117  226  255   65  124  233  255   68  125  233  255   95  148  247  255  127  172  254  255  163  195  254  255  171  199  255  255  171  200  254  255  207  221  249  255  135  176  255  255  105  156  255  255   89  147  255  255   86  145  254  255   84  143  252  255   73  132  241  255   51  109  215  255   32   84  179  255   22   66  143  162    4   15   39  213    3    9   19  169    0   12   12   21    0    0    0    0
    6   16   36  127   11   33   73  128   11   31   67  128    8   29   66  154   24   67  148  255   39   98  207  255   49  108  217  255   69  128  236  255  108  158  251  255  155  189  254  255  188  209  250  255  211  223  246  255  211  223  246  255  216  226  245  255  230  234  240  255  181  205  251  255  141  180  255  255  103  155  255  255   90  147  255  255   87  146  255  255   83  142  251  255   64  122  228  255   39   92  191  255   23   66  144  255   12   34   76  164    9   29   65  128   11   33   73  128    0   25   76   10
    0    0    0    0   11   32   74  109   13   38   82  114   21   57  131  169   28   76  165  255   38   96  204  255   48  106  213  255   80  137  243  255  131  173  255  255  169  198  254  255  192  212  251  255  229  232  240  255  237  237  237  255  237  237  237  255  237  237  237  255  215  226  246  255  186  209  252  255  136  177  255  255  106  158  255  255   91  148  255  255   86  145  254  255   63  120  226  255   38   94  196  255   28   76  165  255   20   60  133  178   13   39   87  117   11   32   74  109    0   31   63    8
    0    0    0    0   21   63  127   12   18   56  124  154   22   62  139  126   30   81  175  255   43  102  210  255   58  117  225  255   83  141  248  255  113  162  255  255  133  175  255  255  154  188  255  255  207  220  246  255  227  231  242  255  236  237  237  255  237  237  237  255  222  229  244  255  203  218  249  255  161  193  255  255  126  171  255  255   94  150  255  255   84  143  252  255   61  119  226  255   38   95  199  255   29   80  174  255   22   64  144  138   17   56  124  148   21   53  127   24    0    0    0    0
   12   33   74  182   13   33   76  174   17   49  110   88   14   35   83  159   32   87  187  125   41  100  209  255   51  110  219  255   68  127  236  255   94  149  252  255  104  156  255  255  117  165  255  255  164  194  253  255  199  216  250  255  234  236  238  255  237  237  237  255  211  223  247  255  179  204  253  255  155  189  255  255  132  175  255  255   94  149  253  255   73  132  241  255   51  109  215  255   35   90  193  255   29   83  179  138   13   39   86  150   15   47  103   96   23   46  115   11   12   33   74  168
   14   33   75   54   11   27   67   64    7   18   42  180   15   42   93   85   22   63  140  216   38   97  206  255   45  104  213  255   61  120  229  255   83  141  249  255   95  150  255  255  107  159  255  255  151  186  255  255  190  212  253  255  234  235  238  255  237  237  237  255  206  220  248  255  169  198  255  255  151  187  255  255  132  175  255  255   93  148  252  255   67  126  235  255   41   98  203  255   29   82  179  255   19   61  135  220    8   26   60  239    4   19   40  213    8   17   43   29   15   30   76   50
    0    0    0    0    0    0    0    3    4   12   28   62    5   16   40  227   24   65  144  255   45  104  213  255   63  122  231  255   79  138  247  255   90  147  254  255  110  160  255  255  142  181  255  255  201  217  248  255  218  228  245  255  236  236  238  255  237  237  237  255  232  234  239  255  208  221  247  255  158  190  255  255  132  175  255  255   93  148  252  255   67  126  235  255   41   98  204  255   28   80  175  255   21   60  135  255    7   21   48  255    3   12   27   83    0    0   51    5    0    0    0    0
    0    0    0    0    0    0   15   17    2    3   12  206   15   41   90   68   19   50  114  187   62  120  230  102   73  132  241  255   90  147  254  255  102  155  255  255  125  170  255  255  161  192  255  255  222  229  241  255  214  225  246  255  199  217  252  255  237  237  237  255  182  206  254  255  148  184  254  255   91  147  251  255   81  138  244  255   66  125  234  255   53  112  221  255   38   96  202  255   28   80  175  255   21   59  131  255   14   41   96   87    1    5   13  190    0    7   15   34    0    0    0    0
    0    0    0    0    2    5   11  236    0    7   14   36    2    5   11  201   41  101  209   73   49  108  217  255   75  133  242  255  102  155  255  255  127  171  255  255  142  181  255  255  164  195  255  255  223  229  241  255  237  237  237  255  237  237  237  255  237  237  237  255  119  166  255  255   94  149  252  255   60  119  228  255   42  101  210  255   41  100  209  255   39   98  207  255   34   91  197  255   28   80  175  255   24   74  166   92    1    5   14  182    0    4   13   55    2    3   11  217    0    0   12   20
    0    0    0    0    0    0    0    1    4   14   29   52    7   22   48  255   26   70  151  255   38   96  203  255   57  114  219  255   98  152  255  255  114  163  255  255  135  177  255  255  164  195  255  255  223  229  241  255  237  237  237  255  237  237  237  255  237  237  237  255  224  230  239  255  105  156  253  255   66  125  234  255   53  112  221  255   53  112  221  255   48  107  216  255   37   94  200  255   29   83  183  255   23   66  146  255    9   25   56  255    4   13   27   55   15   31   47   16    3   10   25  220
    0    0    0    0    5   20   50   50    8   19   45  223   10   26   61  247   25   71  152  229   48  107  216  255   70  129  238  255   85  143  252  255   95  151  255  255  122  168  255  255  162  194  255  255  223  229  241  255  237  237  237  255  237  237  237  255  237  237  237  255  184  207  254  255  145  183  254  255   91  147  252  255   82  140  247  255   78  136  245  255   65  124  233  255   47  106  215  255   37   95  203  255   25   70  155  231   11   30   67  244    9   23   46   55    8   21   46  218   13   26   53   19
    9   23   50   55    8   21   52  190   10   23   50   75    9   25   57  169   31   79  172   96   40   98  207  220   46  105  214  255   65  124  233  255   87  144  250  255  115  163  255  255  164  195  255  255  225  230  241  255  237  237  237  255  237  237  237  255  237  237  237  255  215  225  246  255  206  219  247  255  141  180  255  255  111  160  255  255   91  147  253  255   80  139  248  255   68  127  236  255   48  107  216  255   36   86  182  127    9   24   55  197    7   23   52   98    7   21   52  179    0   17   51   15
    8   22   52  181   14   28   70   18    8   28   66  230   15   47  109  112   21   56  128  203   33   88  192  138   38   96  204  255   53  112  221  255   78  135  242  255  109  158  252  255  148  185  255  255  208  220  245  255  228  232  240  255  236  237  237  255  237  237  237  255  228  233  240  255  214  224  244  255  162  193  255  255  122  167  254  255   86  142  248  255   76  135  244  255   70  129  238  255   51  109  217  255   28   71  153  255   13   37   82  255    9   24   54  197    9   19   49   26    0    0    0    0
    0    0    0    0   24   66  146  103   16   50  113  242   18   50  110  182   23   67  149  255   27   80  176  255   33   90  195  255   41  100  208  255   53  112  221  255   74  133  242  255  108  159  254  255  158  191  255  255  195  213  252  255  234  235  238  255  237  237  237  255  202  218  250  255  166  196  255  255  122  167  255  255   89  144  248  255   57  116  225  255   46  105  214  255   43  101  208  255   34   88  188  255   25   70  154  255   17   49  114  190   14   43   94   35   25   67  151   79   36   72  145    7
    0    0    0    0   23   68  153  153   22   69  151  235   23   70  153  141   26   74  162  255   30   83  180  255   39   95  199  255   45  103  210  255   51  110  219  255   74  132  240  255  107  158  254  255  139  179  255  255  177  203  255  255  233  235  238  255  237  237  237  255  184  208  254  255  164  195  254  255  116  164  255  255   87  144  248  255   59  118  227  255   44  103  212  255   36   93  199  255   26   81  179  192   23   73  160  215   23   70  156  152   23   69  152  110   23   69  151  140   23   69  139   11
    0    0    0    0   23   69  153  128   24   68  152  127   23   71  157  154   30   82  179  255   42  100  206  255   62  120  227  255   74  133  242  255   77  135  243  255  103  154  251  255  133  175  255  255  144  182  255  255  177  203  255  255  233  235  238  255  237  237  237  255  175  202  255  255  202  219  249  255  154  188  255  255  117  165  255  255   84  141  248  255   60  119  228  255   40   97  203  255   26   82  178  183   25   75  169  209   23   71  160  164   24   68  152  127   23   69  153  128   25   76  153   10
    0    0    0    0   18   49  114  237   12   36   84   21   16   51  113  169   30   83  181  255   41   99  207  255   55  113  220  255   75  134  243  255   90  146  252  255  122  168  255  255  150  186  255  255  170  198  254  255  176  203  255  255  198  215  248  255  221  228  243  255  179  204  255  255  195  214  251  255  166  196  255  255  132  175  255  255   93  148  252  255   67  126  235  255   41   98  204  255   28   80  175  255   26   76  168  255   17   54  120  178   16   41   90   31   17   51  113  218   13   53  107   19
    7   21   46  164   13   37   79   96    8   23   47  177   10   31   69  220   29   83  181  138   35   93  200  255   40   98  206  255   58  117  226  255   80  138  247  255  113  162  255  255  150  186  255  255  202  218  249  255  178  204  254  255  161  193  255  255  200  217  251  255  188  211  254  255  161  193  255  255  150  186  255  255  132  175  255  255   93  148  252  255   68  127  236  255   44  101  207  255   29   81  178  255   25   76  168  150   12   33   73  208    8   23   51  184   12   35   75  102    8   22   48  159
    6   20   45   73    4   11   26  174    5   18   41   99    6   20   42  240   21   61  135  203   30   84  186  255   35   92  199  255   44  103  212  255   60  119  228  255   86  143  248  255  122  168  255  255  175  201  253  255  188  211  254  255  183  207  254  255  215  226  247  255  192  213  253  255  152  187  255  255  145  183  255  255  132  175  255  255   95  150  254  255   77  136  245  255   57  115  222  255   38   93  196  255   23   66  143  208    6   20   49  234    6   18   38  112    4   12   26  166    6   18   40   81
    0    0    0    0    3    7   19   64    2    3   13  209    5   14   33  255   18   52  116  255   27   79  173  255   32   89  193  255   39   98  207  255   48  107  216  255   72  131  240  255  103  155  254  255  147  184  255  255  199  217  250  255  226  231  241  255  234  236  238  255  193  213  253  255  159  191  255  255  150  186  255  255  132  175  255  255   96  151  255  255   82  141  250  255   69  128  237  255   54  111  222  140   15   47  104  183    6   17   39  255    2    3   13  213    3    6   20   75    0    0    0    4
    0    0    0    0    0    0   14   18    2    4   12  224    9   31   68   82   14   46  100  193   31   87  187  114   36   94  201  255   47  106  215  255   64  123  232  255   92  147  249  255  126  170  255  255  177  203  253  255  206  220  249  255  235  236  238  255  237  237  237  255  217  227  246  255  185  209  253  255  151  187  255  255  132  175  255  255   93  148  252  255   73  132  241  255   55  114  222  255   34   90  190  234   17   54  124  242   10   33   77   99    2    3   13  208    0    6   13   37    0    0    0    0
    0    0    0    0    3    7   20  238    3    9   20  252    4    9   21  191   28   79  175   80   31   88  193  243   37   95  203  255   54  113  222  255   93  146  246  255  126  171  255  255  160  192  255  255  220  227  242  255  235  236  238  255  237  237  237  255  237  237  237  255  236  237  237  255  228  232  240  255  185  209  253  255  147  183  255  255  102  155  254  255   74  133  242  255   48  106  212  255   33   88  189  255   29   79  175  103    1   10   23  174    3    7   19   65    2    7   18  205    0   14   14   18
    0    0    0    0    0    0    0    0    0    7   14   36    5   13   31  255   19   56  124  255   29   84  185  255   35   92  198  255   49  108  217  255   67  126  235  255   96  149  250  255  130  173  255  255  183  207  253  255  207  221  249  255  235  236  238  255  237  237  237  255  221  229  245  255  189  211  253  255  151  187  255  255  132  175  255  255   93  148  252  255   72  131  240  255   53  111  219  255   34   88  188  255   20   58  127  255    6   17   38  255    0    4   13   55    2    3   11  218    0    0   13   19
