   28   28
    0    0    0    0    0    0    0    0    7   14   28   36    3   11   25  201    0    0    0    0    0    0    0    0    0    0    0    0    0    0    0    0    0    0    0    0   18   56  123  163   17   55  124   74    0    0    0    0    0    0    0    0    0    0    0    0    0    0    0    0    0    0    0    0    0    0    0    0   14   33   75   54   12   33   74  182    0    0    0    0    0    0    0    0    6   16   36  127    6   16   34  110    0    0    0    0    8   21   46  181    9   23   46   55    0    0    0    0    0    0    0    0
    0    0    0    0   15   30   75   17    0    0    0    3    0    3   11   64    1    5   13  174    0    0   21   12    0   31   31    8   12   32   72  127   11   34   79  112    0   42  127    6   19   39   78   13    0    0   63    4    0    0   17   15    4   10   24  221   13   13   40   19   12   37   84  222   20   67  150   49   24   68  152  187    3   11   22   68   16   24   39  237   37   49   73  143   14   42   99   18   14   42  113   18    0   42   42    6    0    0    0    0   18   72  145   14    0   85  170    3    0    0    0    0
    0    0    0    0   11   33   73  206    0    4   12   62    2    5   12  180    2    2   14   88    4    8   16  154   13   24   42  114    5   19   43  128   25   58  121  160   24   59  126  115   13   33   77  191   13   32   74   55    3    7   17  218    0   13   13   19    8   21   46  218   15   45  105   51   21   61  137  224   35   49   70   36    0    7   14   36   14   28   42   36    7   11   23  130   15   41   93  237   15   46  103  240    8   22   47   92   10   20   50   25   24   66  148  180   23   71  151   32    0    0    0    0
    0    0    0    0    0    0   18   14    2    7   16  180    9   30   72   85    3    9   22  159   33   48   76  106   42   46   57  115   22   44   86  127   43   69  116  255   34   69  134  255   15   45   99  255   15   44   99   97    4    8   21  180   15   47  101   65   23   66  132   54   13   41   90  205   25   65  138  255   35   53   88  255    7   15   32  255   21   32   52  255   22   35   60  255    6   19   44  155   13   37   83  168   16   46  101  126    9   25   58  158   17   47  103   86   31   63  159    8    0    0    0    0
    0    0    0    0    0    0   51    5   11   28   66   88   20   57  126  159   17   49  110  104   21   57  126  143   31   83  181   73   52   84  140  127   39   80  155  224   26   75  164  209   23   68  151  234   21   61  136  255   25   69  151   99   20   60  128  174   30   74  154  255   31   86  191   80   26   75  167  193   24   72  160  240   25   54  105  203   36   62  111  229   19   51  111  213   19   53  118  219   26   72  160  224   29   79  173  209   26   75  165  105   25   75  165  159   25   74  163   89   51  102  153    5
    0    0    0    0   10   31   69   96    6   18   41  154   16   42   97  125   20   61  137  208   30   87  189  149   29   84  185  216   29   81  179  128   38   94  199  184   47  103  209  150   44   98  200  207   30   80  174  184   28   79  173  242   39   94  198  103   49  107  214  254   39   96  200  243   31   87  185  114   28   81  176  220   36   92  195  138   33   89  191  196   45  104  210  161   49  107  215  128   27   76  172   93   26   76  167  117   20   61  136  207   23   60  129   55   25   74  164  141   21   85  170   12
    0    0    0    0   12   35   76  144   17   51  114  114   15   41   92  146   30   83  179  178   35   92  197  216   37   94  200  130   42  100  206  127   52  109  216  208   66  124  232  255   58  115  222  255   63  122  229  140   44  102  208  234   50  108  215  255   70  129  238  255   59  117  224  255   43  100  206  255   43  100  206  255   48  105  212  255   48  105  212  255   59  118  225  255   63  121  229  182   39   95  201  109   28   80  174  133   15   45  101  146   15   39   91  117   15   47   95   16    0    0    0    0
   18   56  124  127   28   56  141    9   19   55  123  128   20   60  130  127   32   86  184  163   51  109  219  209   70  129  238  181   69  128  236  191   80  140  248  200   84  143  252  255   75  134  243  255   84  140  245  255   74  132  240  255   74  133  242  255   82  141  250  255   64  123  232  255   58  117  226  255   64  123  232  255   69  128  237  255   72  131  240  255   64  122  230  255   53  110  217  255   44  100  205  255   30   84  179  173   20   68  158   37   15   42   95  101   13   40   93   19    0    0    0    0
   18   55  122  110   11   33   73  135   14   42   92   36   15   46  102  224   32   84  182  151   48  107  216  255   77  134  241  255   91  147  251  255   93  149  253  255   93  149  255  255   89  147  255  255  113  162  255  255   91  148  254  255   88  146  255  255   95  150  255  255   82  138  242  255   84  139  243  255   92  146  249  255   94  149  252  255   94  150  253  255   74  132  240  255   52  109  215  255   39   95  198  255   31   83  179  162   15   41   94  135   16   32   74   31   12   32   74  124   23   23   69   11
    0    0    0    0   12   33   75   85   35   42   77   36   30   45   76  201   34   90  192   73   48  106  212  255   82  140  248  255  110  160  254  255  129  173  255  255  119  165  255  255  100  153  255  255  135  176  255  255  119  166  255  255  112  161  255  255  179  203  248  255  129  173  255  255  124  170  255  255   95  151  255  255   92  149  254  255   92  149  254  255   82  141  250  255   64  123  230  174   28   81  177  185   23   66  145  196   13   40   93  112   15   41   93  148   12   35   80  102    0   36   72    7
    0    0    0    0    0    0   19   13   10   15   29  192   39   55   86  239   22   64  143  202   43  100  205  255   75  134  243  255  120  166  255  255  159  192  255  255  154  188  255  255  124  169  255  255  136  176  255  255  157  190  255  255  146  183  255  255  203  219  250  255  127  171  255  255  107  158  255  255   89  147  255  255   86  145  254  255   84  143  252  255   72  131  240  255   49  107  214  218   28   80  174  223   22   67  148  139   12   48  121   21    6   16   39  200    6   13   34   37    0    0    0    0
    0    0    0    0    4   10   24  190    9   13   27   55   31   55  105   97   29   72  152  255   57  116  224  255   76  134  243  255  113  162  253  255  154  188  253  255  186  208  250  255  172  199  253  255  146  183  255  255  180  205  253  255  175  202  255  255  206  220  249  255  133  175  255  255  105  156  255  255  103  155  255  255   95  150  255  255   85  143  252  255   71  130  239  255   51  109  217  255   33   86  186  255   24   67  147  220   11   33   73  200    4   12   28  243    3   11   24  208    0   17   34   15
    0    0    0    0    7   20   44  237    8   24   49   31   12   30   67  226   40   84  165  255   78  137  246  255   85  144  253  255   90  147  254  255  106  157  255  255  128  171  254  255  184  206  250  255  210  222  246  255  182  206  253  255  214  225  246  255  233  235  239  255  173  200  255  255  135  177  255  255  122  168  255  255  122  167  255  255   95  150  255  255   81  140  249  255   68  127  236  255   56  112  219  131   20   68  144   37    9   23   51  192    6   18   39   84    6   13   27   37    0    0    0    3
    0    0    0    0   14   14   42   18   14   35   84   36   12   37   83  205   58  114  213   87   63  122  231  255   70  129  238  255   91  148  254  255  103  155  255  255  125  170  255  255  156  189  255  255  190  211  252  255  205  220  249  255  234  235  239  255  237  237  237  255  191  212  253  255  151  186  255  255  144  182  255  255  132  175  255  255   96  151  255  255   80  139  248  255   63  121  229  255   41   99  202  244   32   84  179  236   27   68  152   82    0    0   63    4   12   39   85  202   14   42   84   18
    0    0    0    0    2    5   12  236    0    7   14   36    2    5   12  201   41  101  209   73   49  108  217  255   75  133  242  255  102  155  255  255  127  171  255  255  142  181  255  255  164  195  255  255  223  229  241  255  237  237  237  255  237  237  237  255  237  237  237  255  178  204  255  255  152  187  255  255  146  183  255  255  124  169  255  255  110  160  255  255   80  139  248  255   71  131  239  128   26   75  165  145   24   74  161   93    1    5   12  181    0    4   13   55    2    4   12  218    0    0   13   19
    0    0   14   18    2    5   12  237    2    4   12  206   15   41   90   68   19   51  114  187   59  118  222  103   71  130  239  255   90  148  254  255  102  155  255  255  125  169  255  255  161  192  255  255  222  229  241  255  214  224  246  255  199  217  252  255  237  237  237  255  182  206  254  255  157  191  254  255  154  188  255  255  124  168  254  255   98  149  244  255   53  112  221  255   38   96  202  255   28   80  174  245   20   58  129  249   14   41   96   87    2    5   13  190    0    7   15   34    2    5   12  219
    3    6   17  219    0    0    0    3    3   11   26   67    6   18   41  255   25   65  144  255   37   95  203  255   49  107  213  255   79  138  247  255   91  147  254  255  110  160  255  255  142  180  255  255  201  217  247  255  218  227  245  255  236  236  238  255  237  237  237  255  232  235  239  255  208  221  247  255  157  190  255  255  132  175  255  255   93  148  252  255   67  126  235  255   41   98  204  255   29   84  184  130   18   55  121  176    7   21   48  255    6   12   27   83    0    0   51    5    0    0    0    0
    0    0    0    0    0   18   36   14    6   18   41  209    9   28   63  255   23   63  140  240   38   97  206  220   45  104  213  255   61  120  229  255   84  141  248  255   95  150  255  255  107  159  255  255  151  186  255  255  190  212  253  255  234  235  238  255  237  237  237  255  206  220  248  255  169  198  255  255  151  187  255  255  132  175  255  255   93  148  252  255   67  126  235  255   41   98  203  255   29   82  179  255   21   61  134  221    9   27   62  239    5   19   41  213    8   17   43   29    0    0    0    0
    0    0    0    0   18   56  123   68    9   39   68   26   15   43   96  198   26   75  165  203   44  103  210  138   50  109  218  255   68  127  236  255   93  149  251  255  104  156  255  255  117  165  255  255  164  194  254  255  199  217  251  255  235  235  238  255  237  237  237  255  211  223  247  255  179  204  253  255  155  190  255  255  132  175  255  255   94  149  253  255   73  132  241  255   51  109  215  255   35   91  192  255   29   83  179  138   13   37   86  150   13   32   71   39   20   57  123   62    0   51  153    5
    0    0    0    0   19   56  123  153   19   58  117   13   20   63  140  125   29   80  173  255   45  103  210  255   64  123  232  255   83  140  248  255  112  162  255  255  133  175  255  255  155  188  255  255  207  220  247  255  227  232  242  255  236  236  238  255  237  237  237  255  222  229  244  255  203  219  249  255  161  192  255  255  126  171  255  255   95  150  255  255   84  143  252  255   66  124  232  255   43  100  204  203   27   78  169  222   22   64  144  138   12   51  127   20   18   56  122  141   21   63  127   12
    0    0    0    0   11   32   74  109   13   37   81  129   17   51  112  255   26   74  162  255   39   97  204  255   57  116  225  255   81  137  243  255  131  173  255  255  169  198  255  255  193  212  252  255  229  232  240  255  237  237  237  255  237  237  237  255  237  237  237  255  215  225  246  255  186  208  252  255  136  177  255  255  106  157  255  255   91  148  255  255   86  145  254  255   71  128  235  255   47  102  206  172   25   71  156  202   18   52  116  255   18   46  101   55   10   32   74   93    0   31   63    8
    6   16   36  127   11   33   73  128   12   31   69  146   12   31   70  255   24   68  148  255   37   95  203  255   45  103  211  255   69  128  236  255  108  158  251  255  155  189  254  255  188  209  251  255  212  223  246  255  211  222  246  255  216  226  245  255  230  234  240  255  181  205  251  255  141  180  255  255  103  156  255  255   90  148  255  255   88  146  255  255   83  142  251  255   64  121  227  255   39   92  191  255   24   66  144  255   12   34   75  255    9   23   55   55   11   32   74  110   25   25   76   10
    6   16   34  110    0    0   25   10    3    7   19  161    5   15   35  224   28   74  162  151   42  100  208  255   54  113  220  255   65  124  233  255   67  126  233  255   96  148  247  255  128  171  254  255  163  194  254  255  171  198  255  255  171  199  254  255  207  221  249  255  135  176  255  255  104  156  255  255   89  147  255  255   86  145  254  255   84  143  252  255   74  133  242  255   51  109  215  255   32   84  179  255   22   66  144  162    5   16   39  213    3    7   19  169    0   12   12   21    0    0    0    0
    0    0    0    0    4    9   24  158    2    8   16   92    7   23   52  107   32   77  163  190   57  116  225  255   70  129  238  255   66  125  234  255   57  116  225  255   76  135  244  255  108  159  255  255  155  189  255  255  174  200  255  255  166  196  255  255  204  219  250  255  131  174  255  255  103  155  255  255  101  153  255  255   94  149  255  255   85  143  252  255   71  130  239  255   50  108  215  255   32   85  184  255   24   68  149  196   11   29   63  112    3    9   22  220    4   10   24  177    0   21   21   12
    8   21   46  181    6   12   28   81    8   21   46  181   12   32   69  197   38   82  163  255   76  135  244  255   83  142  251  255   78  137  246  255   75  134  243  255  100  152  251  255  137  177  255  255  195  214  249  255  202  218  249  255  208  221  247  255  229  233  240  255  167  196  255  255  131  174  255  255  120  166  255  255  118  165  255  255   93  149  254  255   80  139  248  255   54  112  218  255   35   92  195  255   29   73  156  255   13   35   77  203    7   19   41  239    5   12   30  100    7   20   47  173
    9   23   46   55   13   37   84  190    9   24   61   83   16   43   95  255   34   82  169  198   78  139  246  126   82  141  250  255   89  146  253  255   98  152  254  255  122  168  255  255  153  187  255  255  193  213  251  255  208  221  249  255  232  234  239  255  237  237  237  255  189  211  253  255  149  185  255  255  141  180  255  255  131  174  255  255   96  151  255  255   81  140  249  255   60  118  226  255   40   97  201  255   32   82  178  127   12   36   81  197   10   28   62   98   12   38   84  179    7   23   54   66
    0    0    0    0   15   40  101   50   20   61  137  223   21   62  138  255   32   83  179  244   54  112  221  231   76  134  243  255  100  154  255  255  124  169  255  255  140  179  255  255  146  184  255  255  156  190  255  255  202  218  249  255  235  236  238  255  237  237  237  255  192  213  253  255  152  187  255  255  145  183  255  255  132  175  255  255   93  148  252  255   71  130  239  255   47  105  212  255   32   84  183  255   27   77  169  231   21   62  140  244   20   60  136  226   16   48  113   63    0    0   85    3
    0    0    0    0   23   69  152  221   26   67  134   19   25   77  166   69   32   86  186  255   50  109  218  255   71  129  238  255   96  150  255  255  109  160  255  255  129  173  255  255  153  188  255  255  176  202  255  255  205  220  249  255  235  236  238  255  237  237  237  255  206  220  248  255  177  203  255  255  157  190  255  255  134  176  255  255   95  148  249  255   65  124  233  255   44  101  207  255   28   80  175  255   24   76  164  104   26   67  147   19   26   67  134   19   24   68  152  205   28   70  141   18
