   28   28
    0    0    0    0    0    0    0    0    0    0    0    0    0    0    0    0    0    0    0    0    0    0    0    0    0    0    0    0    0    0    0    0    0    0    0    0    0    0    0    0    0    0    0    0    0    0    0    0    0    0    0    0    0    0    0    0    0    0    0    0    0    0    0    0    0    0    0    0    0    0    0    0    0    0    0    0    0    0    0    0    0    0    0    0    0    0    0    0    0    0    0    0    0    0    0    0    0    0    0    0    0    0    0    0    0    0    0    0    0    0    0    0
    0    0    0    0  164   24   32   31  127   25   25   10   98   15   22  114   90   15   19  115   76   25   25   10    0    0    0    0  113   21   28   36  153    0   51    5  147   19   29   26    0    0    0    0    0    0    0    0   65   13   14  156   61   12   16   62  120   21   28   36  102    0    0    5   78    9   19   26    0    0    0    0  114   12   25   20  127   25   25   10    0    0    0    0    0    0    0    0  172   32   41   31    0    0    0    0    0    0    0    0    0    0    0    0    0    0    0    0    0    0    0    0
    0    0    0    0  161   22   32  167  137   19   26  104  115   16   24  135   81   14   18  176   72   14   16  126   69   23   23   11  114   18   25  182  147   19   29   26  145   21   29  130   90   16   24   31   90   16   24   31   63   14   14   52   64   12   16  166  120   18   25  182   77   14   21   36   75   13   17  203   94   13   20   73  118   16   24  135  115   19   24   53  127   20   28   62    0    0    0    0  169   29   39  167  171   29   39   52  164   24   32   31  164   24   32   31    0    0    0    0    0    0    0    0
    0    0    0    0  157   24   24   21  144   20   30  136  104   16   22  171   87   15   19  193   69   12   16  223   80   15   17  130  114   18   25  109  145   21   30   93  115   16   24   31   98   16   22  171   81   13   19  172   66   11   15  135   64   13   15  114    0    0    0    0   92   15   21  129   81   13   18  224   92   15   20  146  122   18   26  125  111   15   23   32  128   18   26  125  116   18   25  109  169   29   38  114  153   26   35  136  128   20   28  125  161   24   32   63   96   16   23   77   95   15   15   16
    0    0    0    0  169   36   48   21  166   33   43  135  128   28   34  172  145   34   42  193   99   21   25  120  117   22   29  234  137   23   31  255  161   27   37  240  158   28   37  135  115   17   25  172  116   20   28  255  131   24   33  177   79   15   19  115  186   49   59  145  103   19   25  130  133   28   35  182  148   28   37   62  132   22   30  125  158   28   37  135  169   36   36   21  149   28   36  254  170   31   39  115  156   30   39  135   97   16   24   63    0    0    0    0   94   16   22   78   95   15   15   16
    0    0    0    0  171   29   39  192  180   37   47  234  193   50   61  213  183   44   55  255  172   32   42  203  167   31   40  244  184   44   54  255  180   36   48   99  190   44   55  234  175   35   46  213  159   28   38  152  161   29   39  202  168   29   38  192  192   48   58  255  177   35   49   36  174   34   45  234  167   29   39  213  180   40   50  213  192   50   61  234  197   51   62  192  175   34   44   74  177   33   43  192  167   37   46  234   95   15   22  181   94   16   19   78    0    0    0    0    0    0    0    0
    0    0    0    0  189   41   52  255  197   50   61  255  202   54   65  255  198   49   60  255  195   47   58  255  199   54   65  255  206   64   74  255  213   68   80  223  204   57   68  255  192   45   56  255  188   39   50  234  189   40   51  244  181   33   44   69  208   62   73  254  217   70   82  223  199   50   61  255  190   42   53  162  190   42   52  161  207   61   72  255  208   61   72  255  255    0    0    1  161   26   37   68  144   22   33  193  162   35   45  130  176   37   48  110   85   14   19  155   79   15   23   32
    0    0    0    0  217   70   81  255  219   73   84  255  226   83   94  255  223   80   90  255  218   71   82  255  224   79   90  255  233   92  102  255  232   91  101  255  225   81   92  255  215   67   78  255  213   64   75  255  210   61   72  255  222   78   89  254  225   81   92  255  227   84   95  255  219   74   85  255  220   75   86  255  230   87   98  255  203   56   67  255  223   80   90  255  219   75   86  254  193   51   61  254  108   17   24  255   64   13   16  254   64   13   16  110    0    0    0    1    0    0    0    0
    0    0    0    0  227   88   99  255  230   93  102  255  234   96  106  255  231   92  102  255  229   87   97  255  232   91  101  255  233   93  103  255  234   95  105  255  233   94  104  255  230   91  101  255  230   91  101  255  222   86   95  255  232   98  108  255  234   96  106  255  233   95  105  255  229   88   98  255  230   89   99  255  234   96  106  255  230   92  102  255  221   78   88  255  204   55   66  255  167   38   49   67  163   44   52  255  197   62   73  146  193   58   66  145  192   58   68   74    0    0    0    0
    0    0    0    0  241  140  147  255  241  135  142  255  241  133  141  255  238  117  126  255  234   96  106  255  233   92  102  255  236  104  113  255  238  122  131  255  241  135  142  255  241  135  142  255  241  135  142  255  239  152  158  255  241  154  160  255  241  135  142  255  239  128  136  255  235  102  112  255  233   92  102  255  237  115  124  255  234  110  118  255  220   79   89  255  201   53   64  255  192   51   63  193  170   70   77  255   71   13   17  146   73   14   17  104   92   16   21  105  115   23   23   11
    0    0    0    0  245  177  182  255  245  171  176  255  244  164  170  255  241  137  145  255  235  104  114  255  234   96  106  255  239  126  134  255  243  167  172  255  245  180  184  255  245  174  179  255  245  177  182  255  244  171  176  255  242  167  172  255  245  171  176  255  242  150  157  255  237  116  125  255  234   96  106  255  236  112  121  255  230   96  106  255  219   72   83  255  199   50   61  255  166   27   37  129  133   27   35  255   80   22   27  146  160   24   32   62  126   18   28  135  121   24   24   21
    0    0    0    0  245  195  199  255  245  176  181  255  244  169  174  255  241  142  150  255  237  112  122  255  238  125  133  255  244  176  181  255  245  210  212  255  245  207  209  255  245  189  193  255  245  204  207  255  245  195  198  255  243  185  189  255  245  176  181  255  242  155  162  255  238  123  131  255  238  121  129  255  240  131  139  255  226   89   99  255  217   71   82  255  193   45   56  255  172   31   41  130  166   35   44  255  138   25   34  208  157   22   32  125  159   23   31   32    0    0    0    0
    0    0    0    0  245  218  220  255  244  205  207  255  244  201  203  255  242  172  177  255  241  142  150  255  244  170  176  255  245  218  219  255  245  232  233  255  245  228  229  255  245  218  219  255  245  232  232  255  245  212  214  255  244  200  203  255  244  205  207  255  244  189  193  255  241  150  156  255  242  152  158  255  242  142  149  255  223   84   95  255  222   76   87  255  206   60   71  255  195   46   58  166  151   26   36  126  133   18   27  178  128   18   26  135  120   19   24   53    0    0    0    0
    0    0    0    0  245  242  242  255  245  241  241  255  245  240  240  255  245  227  228  255  244  209  211  255  245  225  225  255  245  242  242  255  245  244  244  255  245  243  243  255  245  242  242  255  245  244  244  255  245  241  241  255  245  239  240  255  245  241  241  255  245  236  236  255  245  214  216  255  244  214  216  255  242  165  171  255  233   98  108  255  228   86   96  255  219   74   85  255  198   54   64  250  162   44   52  166   98   15   22  114   99   15   22  115  115   23   23   11    0    0    0    0
    0    0    0    0  245  245  245  255  245  245  245  255  245  241  241  255  245  213  215  255  245  184  189  255  244  210  212  255  245  245  245  255  245  245  245  255  245  245  245  255  245  245  245  255  245  245  245  255  244  224  225  255  245  241  241  255  245  245  245  255  245  231  231  255  245  198  202  255  244  168  173  255  238  123  132  255  234   95  105  255  222   77   88  255  205   56   67  255  158   34   41   37  159   36   44  182    0    0    0    0   77   14   17  145   75   13   17   74    0    0    0    0
    0    0    0    0  245  223  224  255  245  221  222  255  245  226  227  255  244  215  216  255  245  193  196  255  244  205  207  255  245  245  245  255  245  244  244  255  245  227  228  255  244  211  214  255  245  224  226  255  245  231  231  255  245  242  242  255  245  224  226  255  245  207  210  255  244  205  207  255  244  182  187  255  238  130  137  255  234   99  109  255  220   75   86  255  195   46   58  219  169   29   39  224   89   17   23   88   67   11   16  219   67   10   16   95    0    0    0    0    0    0    0    0
    0    0    0    0  245  197  201  255  245  185  190  255  245  214  216  255  244  199  202  255  244  172  177  255  244  203  205  255  245  242  242  255  245  231  231  255  244  201  204  255  245  174  179  255  244  201  204  255  245  228  229  255  245  231  232  255  245  208  210  255  245  225  226  255  243  175  180  255  242  161  167  255  241  152  158  255  238  129  136  255  225   84   95  255  209   66   76   73  176   36   46  255  146   27   35  203  115   17   24   73  115   16   24   31    0    0    0    0    0    0    0    0
    0    0    0    0  245  176  181  255  245  173  178  255  245  174  179  255  241  150  156  255  238  127  134  255  243  177  181  255  245  226  227  255  244  194  197  255  242  154  160  255  239  126  134  255  241  152  158  255  244  178  183  255  245  185  189  255  245  177  182  255  244  195  198  255  244  197  200  255  241  148  155  255  237  114  123  255  234   96  106  255  225   81   92  255  211   68   78  255  187   45   56  162  152   26   35  255  124   18   26  209  113   20   24   63  145   19   29   77  143   15   31   16
    0    0    0    0  243  151  157  255  244  158  164  255  239  134  142  255  231  107  115  255  223   89   98  255  235  143  149  255  245  200  203  255  245  178  183  255  241  135  143  255  237  111  120  255  237  117  126  255  240  138  145  255  244  162  168  255  241  142  149  255  240  153  160  255  243  204  206  255  244  179  184  255  241  135  143  255  235   99  109  255  231   89   99  255  211   65   76  255  193   47   58  161  158   32   41  255  129   28   35  208  145   20   28   63  147   19   29   78  143   15   31   16
    0    0    0    0  240  129  137  255  242  137  144  255  234  105  114  255  223   81   90  255  216   74   84  255  227  112  120  255  237  145  152  255  238  143  150  255  235  117  126  255  230   97  107  255  232   92  103  255  237  110  119  255  242  142  148  255  238  115  124  255  235  117  125  255  240  181  185  255  245  179  184  255  242  142  149  255  232   97  107  255  229   86   96  100  201   55   66  254  206   59   69   99  186   60   69  255  117   22   30  178  122   18   26  135  110   19   24   53    0    0    0    0
    0    0    0    0  236  104  114  255  235  103  112  255  233   93  103  255  229   87   97  255  225   81   92  255  221   82   93  255  218   82   91  255  230   97  106  255  225   87   98  255  215   68   79  255  223   78   89  255  233   92  102  255  236  105  115  255  234   95  104  255  233   94  104  255  234  112  121  255  234  120  128  255  237  113  122  255  231   96  106  255  216   67   78  223  194   53   60   38  175   33   43  193  199   68   82   37   93   15   22  114   95   15   22  115  115   23   23   11    0    0    0    0
    0    0    0    0  217   71   82  255  222   78   89  255  230   89   99  255  228   86   96  255  219   73   84  255  195   46   57  255  204   53   64  255  217   70   81  255  213   65   76  255  204   53   64  255  197   47   58  255  212   65   76  255  220   75   86  255  217   70   81  255  232   90  101  255  223   78   89  255  224   79   90  255  224   79   90  255  225   81   92  255  228   80   93   38  190   42   53  253  195   46   58  219  101   27   31   73   99   27   31  146    0    0    0    0    0    0    0    0    0    0    0    0
    0    0    0    0  205   57   67  255  204   57   67  192  211   76   84  130  214   72   82  255  205   56   67  230  194   46   58  250  194   46   56  255  190   42   53  255  199   49   59  192  188   43   54  130  195   47   58  255  182   43   56   99  202   51   63  193  220   74   86  219  217   79   88  255  202   58   69  255  187   40   51  240  196   46   57  219  199   49   60  245  207   58   69  224  189   41   52  255  139   24   32   62  138   25   35  167   62   13   15  114   64   13   15  115   76   25   25   10    0    0    0    0
    0    0    0    0  178   35   44  193  170   36   45  255  158   39   48  255  151   36   45  214  114   24   29  105  126   24   32  229  142   24   32  255  165   29   38  245  165   30   40  203  143   25   33  255  126   22   30  255  136   26   35  203   88   17   22   89  122   17   24   73  146   37   45  245  162   38   47  203  175   47   57  177  157   38   45   73  159   27   37  202  165   27   34   37  158   30   39  254  138   22   32  167  107   22   26  104   64   13   15  135   64   13   15  135   70   14   16  105   69   23   23   11
    0    0    0    0  157   24   24   21  144   19   29  146  105   17   23  193   95   16   20  110   67   12   15  181   81   14   18  162  115   18   25  255  145   20   30  126  115   18   24   42  100   15   22  193   80   13   18  193   63   12   17  120   63   12   16  141  120   17   24  146   95   16   22  126  157   59   66   73  174   59   68  209  157   38   45  146  137   19   29  146  145   20   29  114  115   17   24  146  100   17   22  114  131   26   33  136   63   12   16  125   64   12   16   63   78   14   17  104   72   12   24   21
    0    0    0    0  161   22   32  125  121   18   24   42  111   17   23  130   84   15   19  130   70   12   17  120   63   15   15   16  115   18   25  254  145   24   24   21  144   22   29  104   86   16   21   47   92   16   21   47   64   12   15  181   63   12   15  161    0    0    0    1   91   15   21  145   75   13   18  135   64   12   16   63  116   18   24   83  115   18   24   42  146   21   29   94  116   17   24  145   89   16   18   94   65   16   16   31   89   16   20  125  113   20   24   63    0    0    0    0    0    0    0    0
    0    0    0    0  161   24   32   63  121   12   24   21  102   17   21  120   89   14   19  120   72   12   12   21   87   14   19  155  113   17   24   74  153   25   25   10  144   19   28   53    0    0    0    0   66   12   14  103   65   12   16  105   65   13   17   74    0    0    0    0   93   17   20   74   76   14   19   53    0    0    0    0  115   18   24   42  141   20   28  150  147   19   29   26  115   17   24   73    0    0    0    0    0    0    0    0  111   15   23   32  111   15   23   32    0    0    0    0    0    0    0    0
    0    0    0    0    0    0    0    0    0    0    0    0   95   15   15   16   95   15   15   16    0    0    0    0   87   15   15   32    0    0    0    0    0    0    0    0    0    0    0    0    0    0    0    0   60   12   12   21   69    0   23   11    0    0    0    0    0    0    0    0    0    0    0    0    0    0    0    0    0    0    0    0    0    0    0    0  147   19   29   26  153    0   51    5    0    0    0    0    0    0    0    0    0    0    0    0    0    0    0    0    0    0    0    0    0    0    0    0    0    0    0    0
