   28   28
    0    0    0    0    0    0    0    0    0    0    0    0    0    0    0    0    0    0    0    0    0    0    0    0    0    0    0    0    0    0    0    0    0    0    0    0    0    0    0    0    0    0    0    0    0    0    0    0    0    0    0    0    0    0    0    0    0    0    0    0    0    0    0    0    0    0    0    0    0    0    0    0    0    0    0    0    0    0    0    0    0    0    0    0    0    0    0    0    0    0    0    0    0    0    0    0    0    0    0    0    0    0    0    0    0    0    0    0    0    0    0    0
    0    0    0    0    0    0    0    0    0    0    0    0    0    0    0    0    0    0    0    0   30   71  163   25   51  102  153    5    0    0    0    0    0   51   51    5    9   29   68   26    0    0    0    0    0   12   25   20    0    0   25   10   16   41   82   31    0    7   14   36    2    4   12  188    0    0    0    0    0    0    0    0   25   63  127   20   25   51  127   10    8   32   74   31    0    0    0    0    0    0   51    5    5   17   40   88    9   23   50  141   17   34   85   15   20   71  152   25    0   51  153    5
    0    0    0    0    0    0    0    0   24   72  157   21   24   66  151   42   24   74  167   41   25   74  164  150   29   78  166   26   14   42   99   72    9   39   68   26   13   35   77  151   10   27   62   73    4   10   23  176    3   10   24   74   13   39   84  156    1    5   12  182    4    4   12   62   12   12   36   21    6   18   42   42   19   56  125  104   19   52  125   53   11   32   73  156    0    0    0    1    5   10   20   98    5   12   27  203   12   31   70  120   17   44  104  120   23   67  151  150   19   68  156   26
    0    0    0    0    8   21   46   93   24   66  151   42   17   52  115  130   19   56  121  130   25   74  163  120   14   39   86  109   15   43   97  146   17   34   68   15   12   36   83  119   10   27   62  146    4   13   30  208    6   18   40  151    0   15   47   16    2    4   14  108    1    5   12  141    5   11   28  150    7   21   47  192   10   32   75   47   19   56  122   77   14   35   79  109    7   16   35  109    3    7   18  240    5   15   32  178    9   25   55  192   19   55  124  192   20   62  137   74    0    0    0    0
    0    0    0    0    8   21   46   94    0    0    0    0    5   21   48   47   19   54  123  130   25   74  165  120   20   57  128  234    0    0  255    1   23   69  151  140   14   40   89  120   18   52  119   83   15   43   96  145   11   31   70  152   29   74  158  140    2    4   13  110   15   45  102  161   12   34   76  255   13   34   77  193   19   58  129  130   22   67  148  223   18   50  112  255   13   37   83  255    6   15   37  115   18   53  115  177   17   43   93  193   21   62  138  192   24   68  155   74    0    0    0    0
    0    0    0    0    0    0    0    0    4   19   44   52    8   21   46  181   22   62  137  223   28   79  175  203   25   74  169   89   36   91  194  181   35   89  188  245   31   82  176  202   24   70  156  223   26   74  163  223   24   72  161   74   32   86  185  218   25   74  165  182   23   66  148  229   22   62  137  126   27   74  164  223   32   85  185  223   28   80  174  126   31   80  172  229   24   69  152  255   25   74  164  192   29   78  168  255   35   89  187  223   29   81  177  223   26   75  167  203   29   78  166   26
    0    0    0    0    5   16   36  187   27   76  167   73   25   70  157  162   19   52  117  161   20   61  135  100   51  102  204    5   45  101  207  254   52  109  214  255   30   85  187  193   31   84  184  130   36   92  195  255   55  114  221  229   50  108  214  250   26   73  167   38   29   84  185  250   30   84  185  229   32   86  186  255   41   97  202  255   53  111  217  229   49  106  209  250   43   98  199  255   33   88  190  255   37   94  198  255   39   96  200  255   39   96  199  255   30   85  187  255   27   82  186   37
    0    0    0    0    0    0    0    1    3    3   13   73    2    5   13  255    9   26   57  255   33   82  171  254   61  119  227  254   78  137  246  255   38   94  198  255   82  141  250  255   65  124  232  254   61  120  229  255   74  133  242  255   72  131  240  255   71  129  238  254   47  106  215  255   51  110  219  255   54  113  222  255   69  128  237  255   84  143  252  255   86  145  254  255   71  130  239  255   58  117  226  255   68  127  236  255   75  134  243  255   63  122  231  255   57  116  225  255   55  117  227   37
    0    0    0    0   35   42   70   36   35   47   68  182   35   46   70  109   27   48   86  255   23   56  121   99   40   97  203  223   63  122  231  255   80  139  248  255   89  147  254  255   83  142  251  255   79  138  247  255   86  144  252  255   88  146  254  255   91  148  254  255   68  125  232  255   81  139  247  255   81  139  247  255   86  144  252  255   88  146  254  255   87  145  254  255   86  145  254  255   79  138  247  255   82  140  249  255   88  146  254  255   84  142  250  255   78  136  243  255   75  137  241   37
    0    0    0    0    8   26   57   88    1    7   19  130    2    7   18  109   24   37   59  255   33   75  151  203   36   93  197  244   59  118  227  255   87  145  251  255  103  155  255  255   86  145  254  255   90  147  255  255  106  157  255  255  113  162  255  255  124  169  255  255  121  167  254  255  114  162  255  255  114  162  255  255  114  162  255  255  106  158  255  255   94  149  255  255   86  145  254  255   87  145  254  255   98  152  255  255  112  161  255  255  114  162  255  255  117  164  255  255  117  165  254   37
    0    0    0    0   12   36   83  141   23   69  152   77   21   28   44  109   20   46   94  255   21   67  148  151   34   91  196  234   57  116  225  255   79  137  244  255  100  153  255  255   88  146  254  255   97  151  255  255  123  168  255  255  143  182  255  255  136  177  255  255  142  180  255  255  151  187  255  255  148  185  255  255  153  188  255  255  143  181  255  255  111  160  255  255   88  146  254  255   90  147  254  255  111  161  255  255  137  177  255  255  145  183  255  255  150  186  255  255  151  186  254   37
    0    0    0    0   17   68  153   15   23   65  146  120   27   62  124  192   29   70  147  255   26   75  167  152   30   86  188  234   57  116  225  255   69  127  234  255  109  159  255  255  109  160  255  255  102  154  255  255  127  171  255  255  148  184  255  255  152  187  255  255  162  193  254  255  187  209  250  255  164  195  255  255  181  205  253  255  189  210  251  255  155  189  254  255  108  158  255  255   96  151  255  255  115  163  255  255  141  180  255  255  150  186  255  255  167  196  255  255  172  199  254   37
    0    0    0    0    9   39   88   26   13   40   93  150   16   48  109  151   18   53  119  152   32   86  188  150   44  101  207  244   67  126  235  255   63  121  229  255  114  162  255  255  132  174  255  255  123  169  255  255  159  191  255  255  181  206  254  255  172  200  255  255  180  205  252  255  223  230  242  255  198  216  250  255  210  223  247  255  219  228  245  255  201  217  249  255  148  184  255  255  116  164  255  255  141  181  255  255  176  203  254  255  183  207  254  255  196  215  251  255  199  213  248   37
    0    0    0    0    0   51  102    5    8   25   57   89    9   23   50  141   25   61  127  140   36   87  184  244   59  117  226  255   77  136  245  255   84  142  250  255  133  174  252  255  200  217  249  255  193  212  251  255  220  228  242  255  231  234  239  255  229  232  240  255  230  233  239  255  236  236  237  255  233  235  239  255  234  236  238  255  235  236  238  255  233  235  238  255  214  224  246  255  186  209  252  255  207  220  246  255  230  233  239  255  231  234  239  255  232  235  239  255  227  234  234   37
    0    0    0    0    7   14   28   36    4   11   25  182    0    0    0    1   21   59  130  145   20   57  129   75   40   98  204  218   64  123  232  255   87  145  254  255  100  153  255  255  136  177  255  255  168  198  255  255  211  223  247  255  235  236  238  255  237  237  237  255  201  218  251  255  237  237  237  255  237  237  237  255  237  237  237  255  237  237  237  255  237  237  237  255  195  215  253  255  156  190  255  255  187  209  252  255  229  233  241  255  237  237  237  255  237  237  237  255  234  234  234   37
    0    0    0    0    0    0    0    0    4    8   16   63    3    6   17  219    4   15   35  115   25   73  162  191   31   86  187  224   59  118  227  255   89  147  254  255  104  157  254  255  148  185  255  255  176  202  253  255  183  207  253  255  203  219  249  255  237  237  237  255  214  225  246  255  214  225  247  255  190  212  253  255  208  222  248  255  232  235  239  255  237  237  237  255  184  207  255  255  164  194  255  255  190  211  253  255  209  222  248  255  204  219  249  255  204  219  249  255  199  220  248   37
    0    0    0    0    0    0    0    0   12   36   72   21   10   31   73   73   17   50  114  176   26   72  158  255   43   97  195   99   67  125  234  254  103  155  255  255  125  169  255  255  135  176  255  255  143  181  255  255  199  216  248  255  190  211  253  255  218  226  242  255  216  225  243  255  189  209  249  255  148  184  255  255  173  200  252  255  213  224  244  255  231  234  240  255  187  210  254  255  144  182  255  255  171  199  253  255  196  215  250  255  166  196  254  255  169  198  255  255  172  199  254   37
    0    0    0    0   19   54  126   93   12   30   72   42   13   38   85  193   19   56  123  255   30   78  170  178   52  108  213  239   69  128  237  255   87  145  254  255   97  151  255  255  120  167  255  255  166  196  253  255  176  202  251  255  154  188  254  255  161  193  255  255  155  189  255  255  133  174  255  255  105  157  255  255  124  170  255  255  163  194  255  255  206  221  249  255  157  190  255  255  101  154  254  255  117  165  255  255  146  183  255  255  147  184  255  255  149  185  255  255  151  186  254   37
    0    0    0    0   18   56  124   94   18   54  121   42   34   66  127  192   34   74  147  255   31   84  181  177   50  106  213  239   81  140  249  255   88  146  254  255  109  159  255  255  148  185  255  255  175  202  252  255  133  175  254  255  119  166  255  255  140  180  255  255  118  165  255  255  103  156  255  255   95  150  255  255  109  160  255  255  145  183  255  255  173  201  254  255  115  163  253  255   67  126  235  255   80  137  244  255  109  159  254  255  131  174  255  255  128  172  255  255  124  172  254   37
    0    0    0    0    9   39   68   26   13   37   81  150   25   50  101  151   42   68  118  255   44   87  161  126   38   94  199  229   79  137  248   74   83  141  249  255  114  162  255  255  150  186  255  255  150  186  253  255  107  158  253  255   99  152  255  255  120  167  255  255   98  152  255  255   85  144  251  255   79  137  245  255   90  146  251  255  111  160  255  255  111  160  254  255   80  138  246  255   54  113  222  255   64  123  232  255   89  145  251  255  111  161  255  255  109  160  255  255  103  158  254   37
    0    0    0    0    0   51   51    5    8   22   48   89    5   19   43  141   41   62  103   37   29   78  168  166   32   84  186   63   51  110  219  217   81  139  247  255   99  153  255  255   97  152  254  255   96  151  254  255   88  146  254  255   87  146  254  255   93  149  255  255   86  145  253  255   72  131  240  255   54  113  222  255   67  126  235  255   77  136  244  255   62  120  229  255   62  121  230  255   69  128  237  255   78  137  246  255   86  145  253  255   91  148  255  255   92  148  255  255   89  144  254   37
    0    0    0    0    0    0    0    0    0    0    0    0   39   46   58  109   41   46   57  110   32   88  193  181   30   86  188  254    0    0  255    2   75  134  243  255   65  124  233  255   74  133  242  255   65  124  233  255   82  141  250  255   61  120  229  255   64  123  232  255   59  118  226  255   33   90  195  255   41  100  209  255   50  109  218  255   57  116  225  255   43  102  211  255   30   86  189  255   59  118  227  255   75  134  243  255   83  142  251  255   70  129  238  255   59  118  227  255   55  117  227   37
    0    0    0    0    0    0    0    5    2    2   14   88    1    5   12  141   16   45  100  140   17   48  108   89   29   84  184  223   46  104  214  219   37   95  201  250   34   93  200  219   29   83  184  234   41   96  198  255   65  121  225  255   64  124  232  224   40  100  209  219   30   72  156   67   37   92  195  255   33   88  190  161   36   94  199  160   32   88  190  255   34   90  193  255   34   90  193  255   42  101  209  224   57  113  217  255   68  123  224  161   41  100  205  160   43  101  208  255   48   96  206   37
    0    0    0    0    2    8   20   88    1    5   13  151    2    4   12  120    8   23   53  120   16   50  112  150   21   61  136  244    0    0  255    1   22   66  146  229   20   38   73   73   30   54   97  151   23   56  117  214   21   53  113  234   15   43   92   99    3    3   13   73   17   47  107  193   14   40   90  255   17   49  109  255   22   66  147  214   23   69  152  234   19   54  120  255   15   42   95  255    8   20   49   88   20   56  121  203   24   59  125  255   26   71  154  255   26   76  169  203   29   78  176   26
    0    0    0    0    4   10   24  126    6    6   12   42    1    5   13  130   13   39   86  130   10   31   70  120   10   30   70  141   18   56  123  109   17   52  117  146   19   38   75  146   33   43   63  193   25   34   53  110    7   22   46  104   12   36   80  146    1    5   12  146    2    4   13  114    4   11   25  178    7   21   50  209   12   32   72   63   19   56  125  104   12   35   77  239    5   15   36  147    3    6   17  219    6   20   45   73    9   25   58  209   18   55  122  208   20   62  137   74    0    0    0    0
    0    0    0    0    0    0    0    0   12   30   72   42    7   23   52  130    0    5   16   47    6   19   39   78   10   30   71  140   18   55  122  110   12   36   72   21   12   34   73  104    0    5   16   47    3    9   21  130    7   17   40  145   12   24   48   21    1    5   12  145    2    4   12  219    8   16   41   31    4   16   40   63   18   55  122   83   18   54  127   42   11   32   73  218    0    0    0    1    4    8   19  115    5   13   30  135   12   28   65  125   18   48  112  125   22   67  149  135   24   72  157   21
    0    0    0    0    0    0    0    0   12   36   72   21   12   30   72   42    0    0    0    0    0    0    0    0   12   32   72   63    0    0    0    0   18   55  121  166   14   33   72   53    0    0    0    0    6   12   24   42    6   17   41   74    0   23   46   11    3    3   13   73    2    5   14   89    1    7   17  129    0    0    0    0   18   54  127   42   12   60  121   21   12   32   72   63    5   15   36  181    0   25   25   10    4   16   33  105    9   24   56  135   15   39   87   32   24   68  156   52   23   69  139   11
    0    0    0    0    0    0    0    0    0    0    0    0    0    0    0    0    0    0    0    0    0    0    0    0    0    0    0    0    0    0    0    0   15   55  119   32    0    0    0    0    0    0    0    0    0    0    0    0    0    0    0    0    0    0    0    0    0    0    0    0    0    0    0    5    0    9   19   26    0    0    0    0    0    0    0    0    0    0    0    0    0    0    0    0    6   13   34   37    0    0    0    0    0   23   46   11   12   24   48   21    0    0    0    0    0    0    0    0    0    0    0    0
