   28   28
    0    0    0    0   23   68  152  237   21   63  134   36   22   66  146  255   27   78  172  255   27   79  174  255   41   99  204  255   64  123  232  255   92  146  248  255  132  174  255  255  157  190  255  255  178  203  255  255  205  220  249  255  235  236  238  255  237  237  237  255  207  221  248  255  179  204  255  255  157  190  255  255  130  173  255  255  109  160  255  255   96  151  255  255   74  132  240  255   51  110  219  255   34   88  189  255   27   79  175   74    0    0    0    0   24   69  153  218   26   67  147   19
    2    5   12  237   15   46  115   33   21   61  137  240   22   64  141  255   27   76  167  255   29   81  177  255   44  101  207  255   68  127  236  255   91  147  251  255  129  173  255  255  145  183  255  255  151  187  255  255  189  211  253  255  234  235  238  255  237  237  237  255  205  220  248  255  155  189  255  255  146  183  255  255  141  180  255  255  126  171  255  255  103  155  255  255   62  119  224  255   41   99  205  255   34   86  184  244   22   64  142  250   23   60  134   55   17   34   85   15    2    5   13  221
    7   21   49   36   12   37   84  206    7   22   49   67   16   45   98  255   28   74  157  255   34   80  165  255   61  120  228  255   79  138  247  255   95  150  255  255  128  172  255  255  142  181  255  255  149  186  255  255  187  210  253  255  234  235  238  255  235  236  238  255  208  222  248  255  193  214  252  255  156  189  255  255  126  170  255  255  101  154  254  255   90  147  254  255   83  142  251  255   72  131  240  255   57  110  212  115   13   37   82  191   12   30   67   83   13   38   84  193    5   15   35   50
    7   21   46  201    3   11   30   68    7   18   41  255   13   34   75  255   29   72  151  255   46  103  209  255   66  125  233  255   80  139  248  255   93  149  254  255  118  165  255  255  122  168  255  255  132  175  255  255  167  197  255  255  227  232  240  255  212  224  246  255  204  219  249  255  204  219  248  255  143  181  255  255  104  156  253  255   78  137  246  255   78  137  246  255   79  138  246  255   73  132  241  255   43   88  172  255   14   37   81  255    8   21   46  255   12   36   79   83    2    6   14  190
   41  101  209   73    5   13   31  187   14   39   89  255   16   44   97  255   26   72  157  255   32   84  183  255   49  106  213  255   70  129  238  255   84  143  251  255   94  149  255  255  101  154  255  255  104  156  255  255  130  173  255  255  200  217  250  255  167  197  255  255  175  202  255  255  160  192  255  255  112  162  255  255   78  137  246  255   58  117  226  255   65  124  233  255   57  115  222  255   46  104  212  255   35   84  176  255   17   47  102  255    6   16   36  255   14   42   93  193   37   91  192   81
   49  108  217  255   57  110  207  102   20   41   81  255   10   25   56  255   29   79  172  255   30   82  176  255   48  105  211  255   71  130  239  255   84  143  252  255   86  145  254  255   89  146  255  255  102  155  255  255  130  173  255  255  200  217  250  255  168  198  254  255  169  198  255  255  163  194  254  255  126  170  254  255   94  148  247  255   66  124  232  255   64  123  232  255   60  119  228  255   46  105  214  255   33   87  186  255   12   31   67  255   18   38   76  255   49   98  185  114   29   71  150  243
   75  133  242  255   44   88  170  255   60  115  217  255   24   56  116  255   22   63  139  255   36   90  187  255   61  118  223  255   81  140  249  255   87  145  254  255   89  147  254  255  100  153  255  255  134  176  255  255  175  201  252  255  225  231  242  255  213  224  246  255  206  220  247  255  210  222  247  255  185  207  251  255  153  188  254  255  104  154  247  255   64  123  232  255   51  110  219  255   40   99  208  255   25   70  153  255   23   56  117  255   57  110  208  255   72  131  240  255   44   76  138  255
  102  155  255  255   56   95  170  255   79  138  247  255   58  115  220  255   45   96  189  255   39   94  196  255   61  118  223  255   84  143  251  255   88  145  253  255  103  156  255  255  131  173  255  255  179  204  253  255  212  224  247  255  235  236  238  255  237  237  237  255  237  237  237  255  232  235  239  255  198  215  250  255  173  201  254  255  126  168  248  255   69  127  236  255   71  128  235  255   66  123  231  255   53  105  203  255   57  113  217  255   77  136  245  255   90  147  254  255  101  154  255  255
  127  171  255  255  102  155  255  255   90  147  254  255   83  141  249  255   88  143  245  255   88  138  229  255  113  156  238  255  108  158  251  255   78  135  241  255  112  160  248  255  157  190  255  255  200  216  250  255  221  229  245  255  236  236  238  255  237  237  237  255  228  232  241  255  213  224  245  255  152  185  252  255  101  149  238  255   92  144  241  255  104  156  250  255  131  173  255  255  115  163  255  255   95  149  252  255   84  141  249  255   90  147  253  255  101  154  255  255  125  170  255  255
  142  181  255  255  125  170  255  255  110  160  255  255   95  150  255  255  104  156  255  255  133  175  255  255  169  198  254  255  155  189  254  255   95  148  247  255  119  164  250  255  156  190  255  255  180  204  253  255  210  223  248  255  235  236  238  255  237  237  237  255  203  219  250  255  172  199  253  255  117  164  253  255   83  139  245  255   83  139  245  255  125  169  250  255  171  199  254  255  136  177  255  255  105  157  255  255   95  150  255  255  108  159  255  255  124  169  255  255  140  180  255  255
  164  195  255  255  161  192  255  255  142  181  255  255  107  159  255  255  117  165  255  255  154  188  255  255  192  212  251  255  188  209  250  255  127  172  254  255  119  166  255  255  149  185  255  255  163  194  255  255  203  218  249  255  235  236  238  255  237  237  237  255  193  213  253  255  155  189  255  255  109  160  255  255   95  151  255  255   86  143  250  255  133  172  243  255  196  214  250  255  157  190  255  255  120  167  255  255  107  159  255  255  139  179  255  255  160  192  255  255  164  195  255  255
  223  229  241  255  222  229  241  255  201  217  248  255  151  186  255  255  164  194  253  255  207  220  246  255  229  232  240  255  211  223  246  255  163  195  254  255  142  181  255  255  189  209  249  255  210  222  246  255  171  199  252  255  192  212  251  255  194  213  251  255  164  195  255  255  190  211  253  255  190  210  248  255  151  187  255  255  150  186  253  255  196  213  245  255  230  233  240  255  209  221  246  255  168  196  253  255  151  186  255  255  197  214  248  255  221  228  242  255  223  229  241  255
  237  237  237  255  214  225  246  255  218  228  245  255  190  212  253  255  199  216  250  255  227  231  242  255  237  237  237  255  211  223  246  255  171  199  255  255  171  199  255  255  201  217  250  255  211  223  247  255  181  205  254  255  225  231  240  255  205  220  249  255  201  217  249  255  208  221  249  255  204  220  249  255  175  201  255  255  169  198  255  255  206  220  247  255  237  237  237  255  228  232  241  255  201  218  250  255  190  212  253  255  216  226  246  255  214  225  246  255  235  236  238  255
  237  237  237  255  199  217  252  255  236  236  238  255  234  235  238  255  234  236  238  255  236  237  237  255  237  237  237  255  216  226  245  255  171  200  254  255  166  196  255  255  207  221  247  255  232  234  240  255  141  179  252  255  228  232  238  255  235  236  238  255  235  236  238  255  227  231  241  255  169  198  255  255  149  185  255  255  168  198  254  255  212  224  246  255  237  237  237  255  236  237  237  255  235  236  238  255  234  235  238  255  236  236  238  255  202  218  251  255  234  235  238  255
  237  237  237  255  237  237  237  255  237  237  237  255  237  237  237  255  237  237  237  255  237  237  237  255  237  237  237  255  230  234  240  255  207  221  249  255  204  219  250  255  229  233  240  255  237  237  237  255  237  237  237  255  237  237  237  255  237  237  237  255  237  237  237  255  237  237  237  255  231  234  239  255  205  220  249  255  205  220  250  255  229  233  241  255  237  237  237  255  237  237  237  255  237  237  237  255  237  237  237  255  237  237  237  255  237  237  237  255  237  237  237  255
  177  203  255  255  182  206  254  255  232  234  239  255  206  220  248  255  211  223  247  255  222  229  244  255  215  226  246  255  181  205  251  255  135  176  255  255  131  174  255  255  167  196  255  255  189  211  253  255  135  176  255  255  228  232  238  255  233  235  238  255  231  234  238  255  223  229  241  255  164  195  255  255  136  176  255  255  133  175  255  255  177  202  252  255  214  225  246  255  222  229  244  255  212  224  247  255  206  220  248  255  230  233  239  255  186  209  252  255  123  169  255  255
  116  162  248  255  148  184  254  255  208  221  247  255  169  198  255  255  179  204  253  255  203  218  249  255  186  209  252  255  141  180  255  255  105  156  255  255  107  157  255  255  132  175  255  255  158  191  254  255  173  201  255  255  223  229  240  255  179  204  255  255  152  187  255  255  151  186  255  255  134  175  255  255  105  156  255  255  103  156  255  255  137  177  255  255  183  207  252  255  203  218  249  255  181  206  252  255  169  198  255  255  205  220  247  255  153  187  253  255   98  152  252  255
  114  161  249  255   91  147  251  255  158  190  255  255  151  187  255  255  155  189  255  255  161  193  255  255  136  177  255  255  103  155  255  255   89  147  255  255  119  166  255  255  128  172  255  255  189  210  248  255  165  195  252  255  177  201  251  255  178  202  251  255  155  189  255  255  145  183  255  255  117  165  255  255  101  154  255  255   89  146  254  255   99  152  253  255  133  175  255  255  159  192  255  255  157  190  255  255  151  187  255  255  157  190  255  255   96  151  251  255   62  121  229  255
  107  158  255  255   81  138  244  255  132  175  255  255  132  175  255  255  132  175  255  255  126  171  255  255  106  158  255  255   90  147  255  255   86  145  254  255  104  156  255  255  133  175  255  255  150  186  255  255  201  217  249  255  235  236  238  255  237  237  237  255  193  213  253  255  155  189  255  255  109  160  255  255   95  151  255  255   86  143  250  255   82  139  247  255  104  156  255  255  125  170  255  255  132  175  255  255  132  175  255  255  132  175  255  255   85  141  245  255   45  104  213  255
   89  143  244  255   66  125  234  255   93  148  252  255   93  148  252  255   94  149  253  255   94  150  255  255   91  148  255  255   87  146  255  255   84  143  252  255  123  168  254  255  156  190  255  255  180  204  253  255  210  223  248  255  235  236  238  255  237  237  237  255  203  219  250  255  171  199  253  255  119  166  254  255   90  147  252  255   88  145  250  255   83  142  251  255   91  148  255  255   94  150  255  255   94  149  253  255   93  148  252  255   93  148  252  255   69  127  236  255   43  102  211  255
   57  116  225  255   53  112  221  255   67  126  235  255   67  126  235  255   68  127  235  255   65  122  229  255   72  131  238  255   83  142  251  255   83  141  249  255  118  164  253  255  157  190  255  255  200  216  250  255  221  229  245  255  236  236  238  255  237  237  237  255  228  232  241  255  213  224  245  255  154  187  254  255  112  160  250  255   99  151  249  255   82  141  250  255   86  145  254  255   84  143  252  255   74  133  242  255   67  126  235  255   67  126  235  255   54  113  222  255   40   99  208  255
   44  101  207  255   30   71  149  255   41   98  204  255   40   95  196  255   39   89  183  255   38   94  196  255   60  117  223  255   82  141  250  255   86  144  251  255  104  156  255  255  131  173  255  255  180  204  252  255  213  224  247  255  236  236  238  255  237  237  237  255  237  237  237  255  232  234  239  255  197  215  251  255  172  200  255  255  123  164  243  255   63  122  229  255   67  126  235  255   60  119  228  255   46   98  196  255   40   94  195  255   41   98  204  255   39   96  202  255   34   92  198  255
   28   80  175  255   20   59  129  255   26   75  165  255   17   47  105  255   22   63  139  255   36   90  187  255   61  118  223  255   81  140  249  255   87  145  254  255   89  147  254  255  100  153  255  255  134  176  255  255  175  201  252  255  225  231  242  255  213  224  246  255  206  220  247  255  210  222  247  255  185  208  251  255  153  188  254  255  102  151  244  255   60  119  226  255   51  110  219  255   40   99  208  255   25   70  153  255   16   48  106  255   25   72  159  255   28   80  175  255   17   48  107  255
   24   74  163   92   20   58  131  243   17   55  119  115    5   13   32  220   22   64  144  138   30   82  176  255   48  105  211  255   71  130  239  255   84  143  252  255   86  145  254  255   89  146  255  255  102  155  255  255  130  173  255  255  200  217  250  255  168  198  254  255  169  198  255  255  163  194  254  255  126  171  254  255   94  148  247  255   66  124  232  255   64  123  232  255   60  119  228  255   45  104  213  255   32   81  172  151    6   15   35  208   10   27   60  255   20   55  121  255    7   24   53  104
    1    5   12  181    8   21   47  250    2    9   19  192    7   22   49  239   22   65  145  202   32   84  183  255   49  106  213  255   70  129  238  255   84  143  251  255   94  149  255  255  101  154  255  255  104  156  255  255  130  173  255  255  200  217  250  255  167  197  255  255  175  202  255  255  160  192  255  255  112  162  255  255   78  137  246  255   58  117  226  255   65  124  233  255   57  115  222  255   46  104  212  255   35   82  169  208   12   33   72  105    3    6   17   74   17   44   96   74    2    7   16  173
    7   18   40  255    2    6   15  241    4    9   18   55   15   44   92   97   28   72  151  255   46  102  209  255   66  125  233  255   80  139  248  255   93  148  254  255  117  165  255  255  122  168  255  255  132  174  255  255  167  197  255  255  227  232  240  255  212  224  246  255  204  219  250  255  203  219  248  255  143  181  255  255  104  156  252  255   78  137  246  255   78  137  246  255   79  138  246  255   73  132  241  255   43   88  172  255   12   35   75  216    7   20   47  200    2    6   17  200    0    3   11   66
    3    7   18  255   11   33   74  237   16   32   82   31   16   47  103  226   31   79  167  193   48  108  215  115   61  120  228  255   79  138  247  255   95  150  255  255  128  172  255  255  142  181  255  255  149  186  255  255  187  210  253  255  234  235  238  255  235  236  238  255  208  222  248  255  193  214  252  255  156  189  255  255  126  170  255  255  101  154  254  255   90  147  254  255   83  142  251  255   72  131  240  255   57  112  211  116   13   37   82  192   12   30   66   84   11   33   74  223    3    6   18  221
    0    0   13   19   15   45  112   34   21   61  137  239   22   64  141  255   27   76  168  250   29   81  179  243   44  101  207  255   68  127  236  255   91  147  251  255  129  173  255  255  145  183  255  255  151  187  255  255  189  211  253  255  234  235  238  255  237  237  237  255  205  220  248  255  155  189  255  255  146  184  255  255  141  180  255  255  126  171  255  255  103  155  255  255   62  119  224  255   41   99  206  255   34   87  185  243   22   64  142  250   21   61  137  240   20   56  122   50    0   13   13   19
