   28   28
    0    0    0    0    0    0    0    0    0    0    0    0    0    0    0    0    0    0    0    0    0    0    0    0    0    0    0    0    0    0    0    0    0    0    0    0    0    0    0    0    0    0    0    0    0    0    0    0    0    0    0    0    0    0    0    0    0    0    0    0    0    0    0    0    0    0    0    0    0    0    0    0    0    0    0    0    0    0    0    0    0    0    0    0    0    0    0    0    0    0    0    0    0    0    0    0    0    0    0    0    0    0    0    0    0    0    0    0    0    0    0    0
    0    0    0    0  164   24   32   31  161   22   33  167  155   21   28   36  178   35   44  160  201   53   64  255  213   66   77  255  235  101  111  255  239  126  135  255  243  148  154  255  245  172  177  255  245  196  199  255  245  219  221  255  245  242  242  255  245  245  245  255  245  221  222  255  245  198  201  255  246  180  185  255  242  146  153  255  229   95  105  255  218   72   83  255  192   43   54  255  172   30   40  255  179   34   46  192  155   21   28   36  160   21   32  140  159   23   35   64    0    0    0    0
    0    0    0    0  127   25   25   10  137   19   29  104  148   20   29  213  160   28   38  214  203   58   69  234  203   56   67  255  234   98  108  255  241  134  142  255  243  156  162  255  245  171  176  255  245  184  188  255  245  215  218  255  245  242  242  255  245  245  245  255  244  210  212  255  245  177  182  255  245  171  176  255  242  142  149  255  232   97  107  255  221   75   86  255  200   52   63  255  175   33   43  193  171   36   45  255  146   20   29  224  142   19   27  120  121   12   24   21    0    0    0    0
    0    0    0    0  121   24   24   21  114   18   24  136  104   16   23  171  128   28   35  172  214   74   84  213  229   87   98  255  233   92  102  255  234  103  112  255  238  129  137  255  244  169  174  255  245  208  211  255  245  226  226  255  245  239  239  255  245  245  245  255  244  206  208  255  244  171  176  255  244  163  169  255  242  140  147  255  235  100  110  255  227   85   95  255  215   69   80  255  197   53   63  129  158   39   48  255  110   17   24  146  122   18   24   83  104   17   23  120   95   15   15   16
    0    0    0    0    0    0    0    0   83   13   17   73   87   14   19  193  146   34   42  192  204   66   77  255  211   65   76  255  230   89   99  255  222   79   89  255  229  100  110  255  240  144  151  255  244  192  196  255  244  214  216  255  245  213  215  255  245  234  235  255  243  178  182  255  241  144  151  255  240  137  145  255  239  121  130  255  232   94  104  255  224   81   91  255  211   64   75  255  188   45   55  255  152   37   45  213   97   16   24   63   76   15   18   83   89   14   21  120   95   15   15   16
    0    0    0    0    0    0    0    0   69   10   17   73   68   12   16  223   99   21   25  120  203   55   66  202  209   62   73  255  226   82   93  255  216   73   83  255  221   84   94  255  237  121  130  255  243  165  171  255  245  191  195  255  245  185  190  255  244  218  220  255  241  148  155  255  237  113  123  255  235  105  115  255  234   97  107  255  229   89   99  255  220   73   84  255  198   50   61  255  173   32   42  229  111   24   31  105   67   12   15  181   70   12   17  120   72   12   12   21    0    0    0    0
    0    0    0    0   85   14   20  187   69    0   23   11   80   13   19  130  118   21   29  234  188   43   55  244  209   59   70  255  220   78   89  255  226  109  117  255  235  138  145  255  242  174  178  255  244  199  202  255  244  206  208  255  244  209  212  255  245  232  232  255  244  176  181  255  239  131  138  255  234   97  107  255  233   92  102  255  232   91  101  255  225   81   92  255  203   58   69  255  170   31   40  250  128   24   32  229   81   14   18  162   63   15   15   16    0    0    0    0    0    0    0    0
    0    0    0    0  110   20   27   37  115   18   25  254  115   17   24  146  152   26   35  145  187   42   53  255  204   52   63  255  215   74   84  255  235  136  143  255  245  196  200  255  244  224  225  255  245  241  241  255  245  245  245  255  245  245  245  255  245  245  245  255  245  222  223  255  244  183  187  255  240  132  140  255  236  105  114  255  234   95  105  255  233   92  102  255  208   66   76  255  190   47   58  255  152   26   35  182  114   18   25  109  115   18   25  254  113   17   24   74    0    0    0    0
    0    0    0    0    0    0    0    0  153   25   25   10  145   20   31  114  161   27   37  240  195   47   58  255  196   47   58  255  229   91  101  255  236  136  143  255  245  176  182  255  245  191  194  255  245  225  226  255  245  243  243  255  245  245  245  255  245  245  245  255  245  234  234  255  245  215  217  255  243  172  178  255  239  128  136  255  234   97  107  255  232   91  101  255  193   45   56  255  197   52   63  255  165   29   39  245  146   21   28  141  153   17   34   15    0    0    0    0    0    0    0    0
    0    0    0    0  115   17   24   73  129   19   29  104  139   20   28  135  158   28   37  135  196   47   58  234  212   63   74  255  224   83   94  255  234  113  122  255  241  135  142  255  241  149  156  255  245  194  198  255  245  225  226  255  245  243  243  255  245  245  245  255  245  231  231  255  245  211  212  255  245  183  187  255  242  142  149  255  234   99  109  255  226   83   93  255  205   58   69  255  193   47   58  245  163   30   38  151  133   19   27  120  145   19   29   79  112   19   24   52  115   23   23   11
    0    0    0    0  115   17   24  146  108   16   24  136  101   16   22  125  126   20   28  125  191   45   56  213  204   52   63  255  213   64   75  255  228   94  105  255  237  111  120  255  239  122  130  255  244  167  172  255  245  207  210  255  245  241  241  255  245  245  245  255  245  222  223  255  245  192  195  255  245  176  181  255  242  142  149  255  231   96  106  255  217   70   81  255  193   46   57  255  179   37   46  234  122   18   27  150  100   15   22  192   92   16   21   47  115   17   24  104  121   24   24   21
    0    0    0    0    0    0    0    0   90   16   24   31   79   14   18  125  121   22   29  208  186   44   54  255  210   61   72  255  222   77   87  255  231   90  100  255  237  114  122  255  241  147  153  255  245  194  197  255  245  223  224  255  245  243  243  255  245  245  245  255  245  235  235  255  245  209  211  255  246  179  184  255  242  142  149  255  231   96  106  255  215   67   78  255  189   40   51  255  168   29   39  255  126   22   30  255   79   13   18  193   92   16   21   47    0    0    0    0    0    0    0    0
    0    0    0    0    0    0    0    0   63   14   19   52   66   11   15  135  131   24   33  177  169   38   46  126  218   72   83  229  232   90  100  255  236  108  117  255  239  133  140  255  244  173  177  255  245  221  223  255  245  232  233  255  244  225  226  255  245  245  245  255  245  215  217  255  241  184  187  255  235  140  148  255  231  116  124  255  222   82   92  255  211   63   74  255  191   42   53  255  166   29   39  255  138   25   35  203   63   12   17  120   65   13   16   78    0    0    0    0    0    0    0    0
    0    0    0    0   65   16   16   31   64   12   15  166   62   13   15  114   79   15   19  115  199   52   62  166  218   72   83  250  235  100  110  255  241  139  146  255  243  159  166  255  245  181  185  255  245  224  226  255  245  243  243  255  245  241  241  255  245  245  245  255  242  153  159  255  233  119  128  255  217   86   96  255  208   64   75  255  206   56   67  255  202   52   63  255  191   42   53  255  169   29   39  224   85   17   22   89   65   12   16  141   65   12   16  140   64   12   16   63    0    0    0    0
    0    0    0    0    0    0    0    0    0    0    0    1   77   14   18  109  120   23   29  254  189   46   56  255  193   44   55  255  235  101  111  255  239  132  140  255  242  155  161  255  245  182  186  255  245  224  226  255  245  245  245  255  245  245  245  255  245  245  245  255  244  229  230  255  235  119  127  255  220   81   91  255  213   64   75  255  213   64   75  255  205   55   66  255  191   42   53  255  176   34   45  255  131   25   32  254   76   13   17  146    0    0    0    1   77   14   18  181   75   13   20   37
    0    0    0    0  102    0    0    5   95   17   20   88   95   16   21  234  125   22   30  235  190   46   57  245  216   69   80  255  231   89   99  255  235  102  112  255  240  130  138  255  244  176  180  255  245  225  226  255  245  245  245  255  245  245  245  255  245  245  245  255  244  205  206  255  241  159  165  255  232  104  113  255  229   91  100  255  227   84   94  255  217   69   80  255  203   51   62  255  191   43   54  250  134   24   32  229   96   15   22  146   94   15   22  145   93   17   20   74    0    0    0    0
    0    0    0    0   98   14   20   88   97   15   20  151   97   14   21  120  112   17   25  120  197   49   61  150  203   52   62  244  213   65   76  255  228   88   98  255  238  122  130  255  243  174  179  255  245  227  228  255  245  245  245  255  245  245  245  255  245  245  245  255  245  231  232  255  244  216  218  255  242  162  168  255  239  125  133  255  232   95  105  255  229   88   98  255  216   69   80  255  202   54   64  229  116   18   26  125   97   15   21  177   98   15   20  135   96   14   19   53    0    0    0    0
    0    0    0    0   97   14   20  126  111   13   24   73  115   17   23  192  143   22   31  192  163   30   40  151  195   45   55  234  204   53   64  255  221   77   88  255  233  109  118  255  241  155  161  255  244  207  210  255  245  234  235  255  245  244  244  255  245  245  245  255  245  236  236  255  244  217  218  255  243  174  178  255  237  128  136  255  227   88   99  255  224   80   91  255  218   72   83  255  193   49   60  255  137   22   30  255  107   15   23  209   97   12   20   63    0    0    0    0    0    0    0    0
    0    0    0    0  157   24   36   21  155   21   31  177  142   21   29  193  150   22   31  192  168   28   38  255  188   40   51  255  197   47   58  255  207   58   69  255  219   76   87  255  235  112  121  255  242  164  170  255  244  206  209  255  245  240  241  255  245  245  245  255  244  216  217  255  243  178  182  255  238  129  137  255  226   90  100  255  209   61   72  255  206   55   66  255  198   50   61  255  175   33   44  255  153   22   32  213  129   20   28   63  159   21   33   83  163   24   36   42    0    0    0    0
    0    0    0    0  178   25   25   10  161   24   32  126  162   22   33  223  165   25   35  223  181   37   48  255  196   51   62  255  212   65   76  255  213   66   77  255  223   87   96  255  237  128  136  255  244  161  167  255  244  196  199  255  245  239  240  255  245  245  245  255  245  203  205  255  243  191  194  255  240  139  147  255  232  104  113  255  217   72   83  255  207   58   69  255  191   42   53  255  169   28   38   99  166   26   35  234  162   22   32  181  161   23   31  120  169   24   36   21    0    0    0    0
    0    0    0    0  164   24   32   31  162   23   33  166  158   20   34   37  177   33   42  161  196   47   58  255  215   70   81  255  231   90  100  255  232   92  101  255  237  120  128  255  243  161  167  255  245  170  175  255  244  196  199  255  245  239  240  255  245  245  245  255  245  202  205  255  245  223  224  255  244  185  189  255  241  138  145  255  230   94  104  255  214   66   77  255  191   42   53  255  171   29   40  223  178   33   44  193  158   20   34   37  162   23   32  140  161   24   36   63    0    0    0    0
    0    0    0    0  120   21   28   36  120   18   25  182  121   18   25  109  152   28   36  255  194   45   56  255  192   43   54  255  217   70   81  255  229   89   99  255  239  124  132  255  245  172  177  255  245  204  207  255  245  202  205  255  245  197  200  255  245  226  227  255  244  206  208  255  245  201  204  255  246  181  186  255  242  142  149  255  231   96  106  255  215   67   78  255  191   42   53  255  171   30   40  255  160   30   39  255  121   17   24  145  121   17   24  145  120   17   24   74    0    0    0    0
    0    0    0    0   95   15   22  193   89   17   20   88   93   16   21  234  100   15   21  130  190   42   53  191  198   47   58  255  204   52   63  255  220   77   88  255  233  113  122  255  242  160  165  255  245  209  211  255  245  208  210  255  245  187  190  255  244  218  220  255  244  210  212  255  245  177  182  255  245  171  176  255  242  142  149  255  232   97  107  255  220   74   84  255  197   50   61  255  176   33   44  224  103   18   23   99   93   15   21  240   90   15   19  115   95   15   21  166   95   15   23   32
    0    0    0    0   78    9   19   26   74   13   18  151   70   13   16  151  108   17   23  255  165   30   40  255  188   40   51  255  201   49   60  255  209   61   71  255  222   84   94  255  237  123  132  255  243  171  176  255  244  211  213  255  244  223  224  255  245  238  238  255  244  210  213  255  245  180  184  255  245  172  177  255  242  142  149  255  235  100  110  255  227   84   94  255  214   68   79  255  183   42   52  193  117   18   25  255   72   12   17  177   73   13   16  135   76   14   19   53    0    0    0    0
    0    0    0    0    0    0    0    0   62   13   17   73   64   12   15  209  110   18   24  208  153   25   35  178  188   39   51  239  202   51   62  255  211   63   74  255  224   85   95  255  237  125  133  255  242  173  178  255  245  217  219  255  245  242  242  255  245  245  245  255  244  220  222  255  245  194  198  255  245  176  181  255  242  142  149  255  233   98  108  255  226   83   93  255  214   67   78  255  168   33   43  129  117   19   26  224   63   13   15  193   64   13   16  110    0    0    0    0    0    0    0    0
    0    0    0    0   72   12   24   21   70   14   17  177   71   13   17  208  104   18   24  125  177   37   49  135  195   44   56  239  204   53   64  255  224   88   98  255  238  127  134  255  242  163  168  255  244  211  214  255  245  236  236  255  245  244  244  255  245  245  245  255  245  239  239  255  245  223  225  255  245  192  196  255  243  152  159  255  233  107  116  255  221   80   90  255  202   54   65  255  183   40   50  234  114   19   25  120   70   13   17  130   70   13   17  130   72   12   18   42    0    0    0    0
    0    0    0    0   76   25   25   10   72   13   17   74   67   13   16  151   99   17   23  213  175   35   45  234  191   42   53  255  204   53   64  255  221   81   91  255  235  115  123  255  241  154  159  255  244  203  205  255  245  229  230  255  245  243  243  255  245  245  245  255  245  236  236  255  244  214  216  255  245  184  189  255  242  147  154  255  232  101  111  255  221   78   88  255  203   55   66  255  179   37   47  245  111   18   26  202   66   12   15  146   66   12   15  145   68   13   17   74    0    0    0    0
    0    0    0    0    0    0    0    0    0    0    0    0   63   15   15   16  103   20   27   37  172   34   41   37  186   41   55   37  199   55   62   37  220   75   82   37  234  103  110   37  241  144  151   37  241  192  192   37  241  220  220   37  241  241  241   37  241  241  241   37  241  234  234   37  241  206  206   37  241  172  179   37  241  144  151   37  227   96  103   37  220   75   89   37  206   55   68   37  172   34   48   37  117   20   27   37   60   12   12   21   60   12   12   21   69   23   23   11    0    0    0    0
