   28   28
    0    0    0    0    0    0    0    0    0    0    0    0    0    0    0    0    0    0    0    0    0    0    0    0    0    0    0    0    0    0    0    0    0    0    0    0    0    0    0    0    0    0    0    0    0    0    0    0    0    0    0    0    0    0    0    0    0    0    0    0    0    0    0    0    0    0    0    0    0    0    0    0    0    0    0    0    0    0    0    0    0    0    0    0    0    0    0    0    0    0    0    0    0    0    0    0    0    0    0    0    0    0    0    0    0    0    0    0    0    0    0    0
    0    0    0    0  115   16   24   62  161   22   33  167  151   21   31  130  168   29   40  255  173   31   41  255  189   41   52  255  217   70   81  255  227   88   98  255  241  140  147  255  245  178  182  255  245  196  199  255  245  218  220  255  245  242  242  255  245  245  245  255  245  222  224  255  245  198  201  255  245  176  181  255  243  151  157  255  240  129  137  255  236  104  114  255  213   66   77  255  205   56   67  255  179   34   46  192  145   24   36   21  161   22   32  125  134   20   28   89   51    0    0    5
    0    0    0    0   67   13   16  167  137   19   29  104  148   20   29  213  165   32   42  255  171   32   42  255  195   49   60  255  219   73   84  255  231   92  102  255  241  135  142  255  245  171  176  255  245  176  181  255  244  205  207  255  245  241  241  255  245  245  245  255  245  220  222  255  245  186  190  255  245  173  178  255  243  158  164  255  242  137  144  255  235  104  113  255  202   55   65  255  208   61   72  245  167   32   41  203  144   19   29  146  124   18   24   41   73   13   16  150   58    9    9   26
    0    0    0    0  100   17   22  114  106   16   22  136   93   16   20  171  148   35   43  255  173   39   49  255  209   65   75  255  226   83   94  255  234   96  106  255  241  133  141  255  244  164  170  255  244  169  175  255  244  201  203  255  245  240  241  255  245  241  241  255  245  225  227  255  245  214  215  255  244  174  179  255  239  134  142  255  234  105  114  255  233   93  103  255  230   89   99  255  220   77   88  234  139   32   40  150  106   17   22  192  111   17   23  130   85   14   19  120   63   15   15   16
    0    0    0    0   93   15   22  115   92   17   23  177  117   21   28  255  144   31   40  255  183   44   55  255  209   61   72  255  223   80   90  255  231   91  101  255  238  117  126  255  241  137  144  255  241  142  149  255  242  172  177  255  245  226  228  255  245  213  215  255  244  214  216  255  244  199  202  255  241  149  156  255  230  106  115  255  223   80   91  255  229   87   97  255  209   63   74  255  213   71   82  255  150   34   43  255  105   18   24  255  109   19   26  193   93   17   21  120   63   15   15   16
    0    0    0    0  196   50   61  166   84   14   20  126   90   16   21  255  145   32   40  255  178   36   46  255  194   47   58  255  218   71   82  255  229   87   97  255  234   96  106  255  235  104  114  255  237  113  122  255  241  142  150  255  244  208  211  255  245  184  189  255  245  193  196  255  244  172  177  255  238  127  134  255  223   89   98  255  216   73   84  255  225   81   92  255  209   62   73  255  205   56   67  255  160   36   45  255   80   14   19  255   90   16   21  152  195   49   61  150  205   58   58   26
    0    0    0    0  217   72   83  250  211   71   81  229  147   42   49  255  125   24   32  255  168   32   42  255  199   54   65  255  224   79   90  255  232   91  101  255  233   92  102  255  234   96  106  255  239  125  133  255  244  170  176  255  245  225  226  255  244  210  212  255  244  204  207  255  244  203  206  255  243  177  181  255  236  143  150  255  227  112  120  255  221   83   92  255  210   61   72  255  195   47   58  255  136   27   35  255  131   34   42  255  209   68   79  234  133   34   41  244   96   20   27   37
    0    0    0    0  218   89   99  255  147   37   45  255  222   77   87  255  179   42   52  255  184   44   54  255  206   64   74  255  233   92  102  255  233   93  103  255  236  104  113  255  239  126  134  255  244  176  181  255  245  218  219  255  245  242  242  255  245  245  245  255  245  245  245  255  245  242  242  255  245  226  227  255  245  200  203  255  227  110  118  255  216   75   85  255  204   53   64  255  194   46   56  255  170   37   46  255  219   73   84  255  231   89   99  255  234   98  108  255  234  103  110   37
    0    0    0    0  241  139  146  255  236  108  117  255  231   90  101  255  228   94  105  255  214   77   88  255  199   62   72  255  235  136  143  255  228  113  121  255  236  118  126  255  243  167  172  255  245  210  212  255  245  232  233  255  245  244  244  255  245  245  245  255  245  243  243  255  245  231  231  255  243  190  194  255  241  168  174  255  232  129  136  255  234  133  140  255  236  139  146  255  235  116  124  255  229   97  107  255  229   89   99  255  235  105  114  255  241  134  142  255  241  137  144   37
    0    0    0    0  244  160  166  255  239  133  141  255  237  113  123  255  237  111  120  255  241  135  143  255  245  176  182  255  245  196  200  255  234  138  145  255  227  108  116  255  245  180  184  255  245  207  209  255  245  228  229  255  245  243  243  255  245  245  245  255  245  227  228  255  245  201  204  255  235  132  140  255  223   87   97  255  230  114  123  255  243  186  190  255  245  182  187  255  241  139  146  255  238  114  123  255  237  111  120  255  239  131  138  255  244  156  162  255  241  165  165   37
    0    0    0    0  245  181  186  255  244  173  177  255  241  146  153  255  239  122  130  255  241  149  156  255  245  191  195  255  244  224  225  255  242  174  179  255  238  131  138  255  244  170  175  255  245  189  193  255  245  217  218  255  245  242  242  255  245  245  245  255  244  211  214  255  245  174  179  255  239  126  134  255  237  111  120  255  230   97  107  255  242  204  207  255  245  196  199  255  242  155  161  255  239  122  130  255  241  140  147  255  244  171  176  255  245  180  184  255  241  179  186   37
    0    0    0    0  245  224  226  255  245  221  223  255  244  194  197  255  244  167  172  255  244  194  197  255  245  225  226  255  245  241  241  255  244  200  203  255  243  162  167  255  244  184  188  255  245  215  217  255  245  204  207  255  244  219  221  255  244  223  224  255  245  196  200  255  244  201  204  255  242  179  183  255  241  152  158  255  237  154  160  255  244  229  229  255  245  228  229  255  245  200  203  255  244  167  172  255  245  188  191  255  245  220  222  255  245  224  226  255  241  220  220   37
    0    0    0    0  245  243  243  255  245  233  233  255  245  223  224  255  245  207  210  255  245  225  226  255  245  243  243  255  245  245  245  255  244  206  208  255  245  189  193  255  244  210  212  255  245  229  229  255  245  207  210  255  245  228  230  255  245  220  222  255  245  214  216  255  245  225  226  255  245  218  219  255  245  193  197  255  245  202  205  255  245  240  240  255  245  245  245  255  245  229  229  255  245  207  210  255  245  220  221  255  245  233  233  255  245  241  241  255  241  241  241   37
    0    0    0    0  245  241  241  255  244  225  226  255  245  242  242  255  245  241  241  255  245  243  243  255  245  245  245  255  245  245  245  255  244  209  211  255  245  185  190  255  245  213  215  255  245  239  239  255  243  181  186  255  245  232  233  255  245  242  242  255  245  242  242  255  245  230  231  255  245  190  194  255  245  179  184  255  244  204  207  255  245  241  241  255  245  245  245  255  245  243  243  255  245  241  241  255  245  242  242  255  244  228  229  255  245  237  237  255  241  241  241   37
    0    0    0    0  245  245  245  255  245  245  245  255  245  245  245  255  245  245  245  255  245  245  245  255  245  245  245  255  245  245  245  255  245  232  232  255  244  218  220  255  245  234  235  255  245  245  245  255  245  245  245  255  245  245  245  255  245  245  245  255  245  245  245  255  245  245  245  255  245  237  237  255  244  220  221  255  245  229  230  255  245  244  244  255  245  245  245  255  245  245  245  255  245  245  245  255  245  245  245  255  245  245  245  255  245  245  245  255  241  241  241   37
    0    0    0    0  243  200  202  255  245  214  217  255  245  234  235  255  245  222  223  255  245  230  231  255  245  234  234  255  245  222  223  255  244  177  181  255  241  148  155  255  243  178  182  255  244  206  208  255  243  171  177  255  245  232  233  255  245  240  240  255  245  236  236  255  245  223  225  255  245  181  186  255  242  152  159  255  244  171  176  255  245  216  218  255  245  234  234  255  245  232  232  255  245  222  223  255  245  231  232  255  245  221  222  255  242  161  167  255  241  137  144   37
    0    0    0    0  235  161  166  255  242  183  187  255  245  209  211  255  245  192  195  255  245  211  212  255  245  215  217  255  244  183  187  255  239  131  139  255  238  117  126  255  242  150  157  255  244  182  186  255  245  196  199  255  245  224  226  255  245  201  204  255  245  177  182  255  245  173  178  255  241  149  155  255  238  117  126  255  239  127  135  255  244  176  180  255  245  215  217  255  245  214  216  255  245  192  195  255  245  204  207  255  242  191  195  255  235  127  136  255  227  110  117   37
    0    0    0    0  235  148  155  255  235  140  147  255  246  179  183  255  245  176  181  255  245  183  187  255  244  172  178  255  240  132  140  255  234   97  107  255  237  112  121  255  242  151  158  255  244  184  189  255  245  199  201  255  246  210  213  255  246  213  215  255  245  188  192  255  244  168  174  255  240  134  141  255  237  110  119  255  232   95  105  255  238  126  135  255  243  170  176  255  245  184  189  255  245  176  181  255  245  178  183  255  237  148  155  255  219   93  102  255  213   82   89   37
    0    0    0    0  236  137  144  255  231  116  124  255  242  142  149  255  242  142  149  255  242  142  149  255  239  128  136  255  236  105  114  255  233   92  102  255  236  109  117  255  243  158  164  255  245  179  184  255  245  215  216  255  245  242  242  255  245  245  245  255  244  211  214  255  245  174  179  255  239  126  134  255  237  111  120  255  230   97  107  255  234  103  113  255  239  126  134  255  242  142  149  255  242  142  149  255  242  142  149  255  233  121  129  255  211   71   81  255  199   55   68   37
    0    0    0    0  222   89   99  255  223   83   92  255  231   96  106  255  231   96  106  255  234   99  108  255  234   97  107  255  234   95  105  255  232   91  101  255  234  111  120  255  245  180  184  255  245  207  209  255  245  228  229  255  245  243  243  255  245  245  245  255  245  227  228  255  245  201  204  255  238  135  142  255  231   95  104  255  232   94  104  255  233   95  105  255  234   97  107  255  234   99  109  255  231   96  106  255  231   96  106  255  225   85   95  255  209   60   71  255  199   55   62   37
    0    0    0    0  216   69   80  255  211   63   74  255  215   67   78  255  217   70   81  255  210   64   75  255  198   51   62  255  233   92  102  255  228   86   97  255  237  119  128  255  243  167  172  255  245  210  212  255  245  232  233  255  245  244  244  255  245  245  245  255  245  243  243  255  245  231  231  255  244  190  194  255  243  169  175  255  231  106  116  255  232   90  101  255  233   92  102  255  227   85   95  255  218   71   81  255  215   67   78  255  213   64   75  255  204   53   64  255  199   48   62   37
    0    0    0    0  180   39   49  255  137   25   33  255  189   40   51  255  167   31   41  255  184   44   54  255  206   64   74  255  233   92  102  255  233   93  103  255  236  104  113  255  239  126  134  255  244  176  181  255  245  218  219  255  245  242  242  255  245  245  245  255  245  245  245  255  245  242  242  255  245  226  227  255  245  200  203  255  216   97  106  255  213   72   82  255  204   53   64  255  194   46   56  255  162   29   39  255  188   40   51  255  191   42   53  255  191   42   53  255  192   41   55   37
    0    0    0    0  169   28   38  224  167   29   38  245  129   21   30  234  118   21   29  235  166   31   40  245  199   54   65  255  224   79   90  255  232   91  101  255  233   92  102  255  234   96  106  255  239  125  133  255  244  171  176  255  245  225  226  255  244  210  212  255  244  204  207  255  244  203  206  255  243  177  182  255  236  144  150  255  227  112  120  255  221   83   92  255  210   61   72  255  194   46   58  250  128   24   32  229  114   20   26  255  162   28   37  255  110   18   25  230   79   15   23   32
    0    0    0    0   85   18   20   98  119   21   28  203   72   11   16  151   97   18   25  151  172   32   42  202  194   47   58  255  218   71   82  255  229   87   97  255  234   96  106  255  235  104  113  255  237  113  122  255  241  142  150  255  244  208  211  255  245  184  189  255  245  193  196  255  244  172  177  255  238  127  134  255  223   89   98  255  216   73   84  255  225   81   92  255  210   62   73  255  206   56   67  229  112   24   31  104   67   12   15  182  110   21   26  182  104   19   24  105   69   23   23   11
    0    0    0    0   77   14   18  255   70   12   15  224   76   12   17  146  139   33   40  208  183   44   55  255  209   61   72  255  223   80   90  255  231   91  101  255  238  117  126  255  241  137  144  255  241  142  149  255  242  172  177  255  245  226  228  255  245  213  215  255  244  214  216  255  244  199  202  255  241  149  156  255  230  106  115  255  223   80   91  255  229   87   97  255  209   63   74  255  213   71   82  255  152   37   45  213   93   16   21  109   77   14   18  109   66   13   15  135   60   12   12   21
    0    0    0    0   80   15   19  255   96   15   21  182  123   20   24   62  160   39   46  208  191   52   62  152  214   68   79  234  226   83   94  255  234   96  106  255  241  133  141  255  244  164  170  255  244  169  175  255  244  201  203  255  245  240  241  255  245  241  241  255  245  225  227  255  245  214  215  255  244  174  179  255  239  134  142  255  234  105  114  255  233   93  103  255  230   89   99  255  220   77   88  234  138   32   40  151  105   17   22  193   95   15   21  192   77   14   18  177   60   12   12   21
    0    0    0    0   72   13   17   74  135   19   29  105  148   20   29  213  165   32   42  255  177   35   45  203  197   50   61  244  219   73   84  255  231   92  102  255  241  135  142  255  245  171  176  255  245  176  181  255  244  205  207  255  245  241  241  255  245  245  245  255  245  220  222  255  245  186  190  255  245  173  178  255  243  158  164  255  242  137  144  255  235  104  113  255  202   55   65  255  208   61   72  245  166   32   41  202  147   20   29  223  142   19   27  120   79   13   17   74   69   23   23   11
    0    0    0    0    0    0    0    0  139   23   23   11  151   20   27   37  165   27   41   37  172   34   41   37  192   48   55   37  213   68   82   37  227   89  103   37  241  137  144   37  241  172  172   37  241  172  179   37  241  206  206   37  241  241  241   37  241  241  241   37  241  220  220   37  241  179  179   37  241  172  172   37  241  165  172   37  241  144  151   37  234  103  117   37  192   41   55   37  206   55   68   37  172   34   41   37  151   20   27   37  159   15   31   16    0    0    0    0    0    0    0    0
