   28   28
    0    0    0    0    0    0    0    0    0    0    0    0    0    0    0    0    0    0    0    0    0    0    0    0    0    0    0    0    0    0    0    0    0    0    0    0    0    0    0    0    0    0    0    0    0    0    0    0    0    0    0    0    0    0    0    0    0    0    0    0    0    0    0    0    0    0    0    0    0    0    0    0    0    0    0    0    0    0    0    0    0    0    0    0    0    0    0    0    0    0    0    0    0    0    0    0    0    0    0    0    0    0    0    0    0    0    0    0    0    0    0    0
    0    0    0    0    0    0    0    0    0    0    0    0    0    0    0    0    0    0    0    0    0    0    0    0    0    0    0    0    0    0    0    0    0    0    0    0   34   34   34   15   31   31   31   24   28   31   38  205   28   31   39  255   28   31   39  255   28   31   39  255   28   31   39  255   27   31   39  222   31   31   31   24   30   30   30   17    0    0    0    0    0    0    0    0    0    0    0    0    0    0    0    0    0    0    0    0    0    0    0    0    0    0    0    0    0    0    0    0    0    0    0    0
    0    0    0    0    0    0    0    0    0    0    0    0    0    0    0    0    0    0    0    0    0    0    0    0    0    0    0    0    0    0    0    0   28   28   28   27   28   32   48  180   30   35   51  255   42   70  145  255   46   80  172  255   57   91  174  255   41   68  156  255   46   80  172  255   43   73  155  255   30   35   51  255   28   32   49  196   24   24   24   31    0    0    0    0    0    0    0    0    0    0    0    0    0    0    0    0    0    0    0    0    0    0    0    0    0    0    0    0    0    0    0    0
    0    0    0    0    0    0    0    0    0    0    0    0    0    0    0    0    0    0    0    0    0    0    0    0    0    0    0    0   28   28   28   36   30   36   56  176   42   69  138  255   48   86  179  255   77  135  230  255   69  135  240  255  103  156  228  255   41   68  156  255   67  133  239  255   79  140  234  255   48   86  179  255   43   72  146  255   29   36   56  190   31   31   31   41    0    0    0    0    0    0    0    0    0    0    0    0    0    0    0    0    0    0    0    0    0    0    0    0    0    0    0    0
    0    0    0    0    0    0    0    0    0    0    0    0    0    0    0    0    0    0    0    0    0    0    0    0   24   24   24   41   30   36   61  175   43   71  139  255   76  132  224  255   91  155  245  255  123  185  253  255   97  161  246  255   54   97  191  255   50   92  187  255   94  157  246  255  126  187  254  255   91  155  245  255   79  137  228  255   44   74  147  255   31   39   65  187   26   26   26   48    0    0    0    0    0    0    0    0    0    0    0    0    0    0    0    0    0    0    0    0    0    0    0    0
    0    0    0    0    0    0    0    0    0    0    0    0    0    0    0    0    0    0    0    0   29   29   29   43   30   37   63  177   43   72  141  255   78  134  224  255  119  181  252  255  132  193  255  255  132  193  255  255  132  193  255  255  100  163  247  255   97  161  247  255  132  193  255  255  132  193  255  255  132  193  255  255  122  184  252  255   81  138  228  255   44   76  149  255   31   39   69  188   29   29   29   52    0    0    0    0    0    0    0    0    0    0    0    0    0    0    0    0    0    0    0    0
    0    0    0    0    0    0    0    0    0    0    0    0    0    0    0    0    0    0    0    0   28   28   28   91   33   44   82  255   53  100  197  255  104  167  248  255  132  193  255  255  132  193  255  255  132  193  255  255  132  193  255  255  132  193  255  255  132  193  255  255  132  193  255  255  132  193  255  255  132  193  255  255  132  193  255  255  109  171  249  255   55  105  204  255   34   48   92  255   27   27   27  110    0    0    0    0    0    0    0    0    0    0    0    0    0    0    0    0    0    0    0    0
    0    0    0    0    0    0    0    0    0    0    0    0    0    0    0    0    0    0    0    0   28   28   28   91   33   44   82  255   53  100  197  255  104  167  248  255  132  193  255  255  132  193  255  255  132  193  255  255  132  193  255  255  132  193  255  255  132  193  255  255  132  193  255  255  132  193  255  255  132  193  255  255  132  193  255  255  109  171  249  255   55  105  204  255   34   48   92  255   27   27   27  110    0    0    0    0    0    0    0    0    0    0    0    0    0    0    0    0    0    0    0    0
    0    0    0    0    0    0    0    0    0    0    0    0    0    0    0    0    0    0    0    0   28   28   28   91   33   44   82  255   53  100  197  255  104  167  248  255  132  193  255  255  132  193  255  255  132  193  255  255  132  193  255  255  132  193  255  255  132  193  255  255  132  193  255  255  132  193  255  255  132  193  255  255  132  193  255  255  109  171  249  255   55  105  204  255   34   48   92  255   27   27   27  110    0    0    0    0    0    0    0    0    0    0    0    0    0    0    0    0    0    0    0    0
    0    0    0    0    0    0    0    0    0    0    0    0    0    0    0    0    0    0    0    0   28   28   28   91   33   44   82  255   53  100  197  255  104  167  248  255  132  193  255  255  132  193  255  255   88  153  244  255   76  142  242  255   76  142  242  255   76  142  242  255   76  142  242  255   84  149  243  255  132  193  255  255  132  193  255  255  109  171  249  255   55  105  204  255   34   48   92  255   27   27   27  110    0    0    0    0    0    0    0    0    0    0    0    0    0    0    0    0    0    0    0    0
    0    0    0    0    0    0    0    0    0    0    0    0    0    0    0    0    0    0    0    0   28   28   28   91   27   28   30  255   35   50   98  255   58  109  206  255   70  136  240  255   70  136  240  255  116  178  251  255  128  189  254  255  128  189  254  255  128  189  254  255  128  189  254  255  120  181  252  255   70  136  240  255   70  136  240  255   60  113  212  255   36   54  107  255   27   28   31  255   27   27   27  110    0    0    0    0    0    0    0    0    0    0    0    0    0    0    0    0    0    0    0    0
    0    0    0    0    0    0    0    0    0    0    0    0    0    0    0    0    0    0    0    0   28   28   28   91   27   27   27  255   34   47   91  255   55  105  203  255  107  170  249  255  130  191  255  255   79  143  240  255   65  130  236  255   65  130  236  255   65  130  236  255   65  130  236  255   74  139  239  255  130  191  255  255  112  175  250  255   57  109  209  255   35   51  101  255   27   27   27  255   27   27   27  110    0    0    0    0    0    0    0    0    0    0    0    0    0    0    0    0    0    0    0    0
    0    0    0    0    0    0    0    2   23   23   23   32   23   23   23   32   23   23   23   32   27   27   27  112   27   27   27  255   34   47   91  255   53  100  197  255   63  124  229  255   63  124  229  255   44   76  159  255   39   63  140  255   39   63  140  255   39   63  140  255   39   63  140  255   43   72  153  255   63  124  229  255   63  124  229  255   55  104  202  255   35   51  101  255   27   27   27  255   27   27   27  128   23   23   23   32   23   23   23   32   23   23   23   32   51   51   51    5    0    0    0    0
    0    0    0    0   36   32   32   70   61   50   43  255   64   53   45  255   72   60   53  255   51   44   39  255   27   27   27  255   32   43   77  255   38   59  128  255   38   59  128  255   38   59  128  255   34   34   45  255   32   26   22  255   32   26   22  255   32   26   22  255   32   26   22  255   33   31   37  255   38   59  128  255   38   59  128  255   38   59  128  255   33   46   85  255   27   27   27  255   48   42   38  255   71   59   52  255   65   53   46  255   61   50   43  255   42   36   33   85    0    0    0    4
    0    0    0    0   38   35   32  255  186  137  104  255  199  148  115  255  237  181  148  255  164  125  100  255   55   46   40  255   31   27   24  255   61   48   40  255   90   73   63  255   98   92   89  255   56   41   31  255  105   86   73  255  113   77   54  255  113   76   52  255  110   91   78  255   51   35   24  255   98   94   92  255   91   74   64  255   64   51   42  255   31   26   23  255   51   43   38  255  154  118   94  255  235  179  146  255  204  152  119  255  186  137  104  255   50   43   38  255   26   26   26   19
    0    0    0    0   39   35   33  255  191  142  109  255  199  148  115  255  227  172  139  255  211  158  125  255  115   87   68  255   34   26   20  255  105   73   51  255  213  160  128  255  253  236  226  255  149  149  149  255  235  235  235  255  248  194  163  255  247  189  156  255  246  246  246  255  139  139  139  255  253  241  234  255  220  166  133  255  113   78   55  255   35   26   19  255  103   79   63  255  208  155  122  255  227  172  139  255  201  151  118  255  191  142  109  255   51   43   39  255   26   26   26   19
    0    0    0    0   37   33   31  137  104   80   63  255  122   92   72  255  190  140  107  255  159  119   91  255   74   66   75  255   34   48   92  255   47   43   54  255  127   90   66  255  204  172  152  255  225  200  184  255  227  202  185  255  215  164  132  255  214  161  128  255  227  202  185  255  226  201  184  255  207  178  159  255  135   96   71  255   49   42   49  255   34   48   92  255   69   64   78  255  153  114   88  255  190  140  107  255  129   97   76  255  104   80   63  255   47   40   36  146   25   25   25   10
    0    0    0    0   36   36   36    7   26   26   26  125   59   49   42  255  181  132   99  255  126   95   73  255   33   44   82  255   41   68  156  255   33   45   82  255   42   33   26  255  104   69   46  255  174  127   95  255  188  139  106  255  181  132   99  255  181  132   99  255  188  139  106  255  179  131   98  255  109   72   48  255   44   34   26  255   32   42   73  255   41   68  156  255   34   48   92  255  115   87   68  255  181  132   99  255   72   57   48  255   28   28   28  136   34   34   34   15    0    0    0    0
    0    0    0    0    0    0    0    0   23   23   23   11   50   41   37  117   75   60   50  255   58   48   41  255   29   32   44  255   31   40   67  255   29   33   44  255   33   45   84  255   43   40   52  255   69   54   45  255   75   60   50  255   75   60   50  255   75   60   50  255   75   60   50  255   71   56   46  255   44   39   45  255   34   47   90  255   29   32   41  255   31   40   67  255   29   34   47  255   55   46   40  255   75   60   50  255   54   44   40  131   30   30   30   17    0    0    0    0    0    0    0    0
    0    0    0    0    0    0    0    0    0    0    0    0   21   21   21   12   27   27   27  113   27   27   27  255   27   27   27  255   27   27   27  255   27   27   27  255   36   53  110  255   39   62  136  255   38   59  128  255   38   59  128  255   38   59  128  255   38   59  128  255   38   59  128  255   38   59  128  255   39   61  134  255   37   56  119  255   27   27   27  255   27   27   27  255   27   27   27  255   27   27   27  255   27   27   27  128   31   31   31   16    0    0    0    0    0    0    0    0    0    0    0    0
    0    0    0    0    0    0    0    0    0    0    0    0   27   27   27   47   27   27   27  232   27   27   27  255   27   27   27  255   83   69   26  255   75   63   26  255   28   30   37  255   29   32   43  255   38   60  132  255   48   86  180  255   42   70  158  255   41   68  156  255   48   86  181  255   39   63  140  255   29   32   43  255   28   31   39  255   67   57   26  255   92   75   25  255   27   27   27  255   27   27   27  255   27   27   27  235   27   27   27   65    0    0    0    0    0    0    0    0    0    0    0    0
    0    0    0    0    0    0    0    0   29   29   29   35   25   25   25  249   27   27   27  255   32   42   72  255   41   67  152  255   36   49   90  255  141  117   12  255  225  184    1  255   84   73   19  255   27   28   30  255   28   29   32  255   27   28   31  255   27   28   31  255   28   29   32  255   27   28   30  255   69   60   21  255  225  184    1  255  155  129   11  255   35   45   80  255   41   67  152  255   33   44   80  255   27   27   27  255   25   25   25  249   28   28   28   53    0    0    0    0    0    0    0    0
    0    0    0    0    0    0    0    1   25   25   25   50   27   27   27  255   27   28   29  255   33   45   80  255   43   72  161  255   35   51   99  255  136  114   16  255  218  179    2  255   82   71   20  255   27   27   27  255   27   27   27  255   27   27   27  255   27   27   27  255   27   27   27  255   27   27   27  255   67   59   21  255  218  179    2  255  150  125   14  255   34   47   89  255   43   72  161  255   34   48   89  255   27   28   30  255   27   27   27  255   26   26   26   68    0    0    0    2    0    0    0    0
    0    0    0    0   28   28   28   18   27   27   27  255   27   27   27  255   31   39   64  255   54   94  187  255   76  142  242  255   66  115  207  255   43   63  108  255   33   43   60  255   30   36   51  255   29   33   47  255   27   28   30  255   27   27   27  255   27   27   27  255   27   27   28  255   29   33   47  255   30   36   50  255   33   43   60  255   41   60  100  255   65  110  201  255   76  142  242  255   56  100  193  255   32   42   73  255   27   27   27  255   27   27   27  255   27   27   27   37    0    0    0    0
    0    0    0    0   28   28   28   18   27   27   27  255   27   27   27  255   30   36   55  255   65  100  169  255  116  178  251  255  124  185  253  255   94  158  246  255   62  122  226  255   44   75  151  255   38   58  124  255   29   32   41  255   27   27   27  255   27   27   27  255   28   29   34  255   38   58  124  255   42   71  144  255   62  121  224  255   89  154  245  255  125  187  253  255  116  178  251  255   71  110  179  255   31   38   62  255   27   27   27  255   27   27   27  255   27   27   27   37    0    0    0    0
    0    0    0    0   21   21   21   12   25   25   25  180   27   27   27  255   27   27   27  255   36   51   76  255   53   96  166  255   74  116  171  255   71  113  171  255   42   69  131  255   30   35   51  255   27   27   27  255   27   27   27  255   27   27   27  255   27   27   27  255   27   27   27  255   27   27   27  255   29   33   45  255   41   66  127  255   68  110  170  255   78  119  172  255   53   96  166  255   38   57   87  255   27   27   27  255   27   27   27  255   27   27   27  186   31   31   31   24    0    0    0    0
    0    0    0    0    0    0    0    0   28   28   28   36   27   27   27  255   27   27   27  255   27   27   27  255   27   27   27  255   27   27   27  255   27   27   27  255   27   27   27  255   27   27   27  255   27   27   27  255   27   27   27  255   27   27   27  255   27   27   27  255   27   27   27  255   27   27   27  255   27   27   27  255   27   27   27  255   27   27   27  255   27   27   27  255   27   27   27  255   27   27   27  255   27   27   27  255   27   27   27  255   27   27   27   55    0    0    0    0    0    0    0    0
    0    0    0    0    0    0    0    0   30   30   30   17   27   27   27  148   27   27   27  255   27   27   27  255   27   27   27  255   27   27   27  255   27   27   27  255   27   27   27  255   27   27   27  255   27   27   27  255   27   27   27  255   27   27   27  255   27   27   27  255   27   27   27  255   27   27   27  255   27   27   27  255   27   27   27  255   27   27   27  255   27   27   27  255   27   27   27  255   27   27   27  255   27   27   27  255   27   27   27  159   29   29   29   26    0    0    0    0    0    0    0    0
