   28   28
    0    0    0    0    0    0    0    0    0    0    0    0    0    0    0    0    0    0    0    0    0    0    0    0    0    0    0    0    0    0    0    0    0    0    0    0    0    0    0    0    0    0    0    0    0    0    0    0    0    0    0    0    0    0    0    0    0    0    0    0    0    0    0    0    0    0    0    0    0    0    0    0    0    0    0    0    0    0    0    0    0    0    0    0    0    0    0    0    0    0    0    0    0    0    0    0    0    0    0    0    0    0    0    0    0    0    0    0    0    0    0    0
    0    0    0    0    0    0    0    0    0    0    0    0    0    0    0    0    0    0    0   10    0    0    0   26    0    0    0   22    0    0    0    0    0    0    0    0    0    0    0    0    0    0    0    0    0    0    0    0    0    0    0    0    0    0    0    0    0    0    0    0    0    0    0    0    0    0    0    0    0    0    0    0    0    0    0    0    0    0    0    0    0    0    0    0    0    0    0    0    0    0    0    0    0    0    0    0    0    0    0    0    0    0    0    0    0    0    0    0    0    0    0    0
    0    0    0    0    0    0    0    0    0    0    0    0    0    0    0   32    0   10   21   96    3   14   31  163    5   11   19  200    0    0    0  169    0    0    0  122    0    0    0   47    0    0    0    7    0    0    0    0    0    0    0    0    0    0    0    0    0    0    0    0    0    0    0    0    0    0    0    0    0    0    0    0    0    0    0    0    0    0    0    0    0    0    0    0    0    0    0    0    0    0    0    0    0    0    0    0    0    0    0    0    0    0    0    0    0    0    0    0    0    0    0    0
    0    0    0    0    0    0    0    0    0    0    0    0    0    0    0   76    0   22   54  182   15   63  121  237   39   86  150  253   16   62  114  242    0   35   79  221    0   16   38  126    0    6   20   37    0    0    0    5    0    0    0    0    0    0    0    0    0    0    0    0    0    0    0    0    0    0    0    0    0    0    0    0    0    0    0    0    0    0    0    0    0    0    0    0    0    0    0    0    0    0    0    0    0    0    0    0    0    0    0    0    0    0    0    0    0    0    0    0    0    0    0    0
    0    0    0    0    0    0    0    0    0    0    0   72    0   24   55  170    0   57  131  234    9   97  207  255   34  123  235  255   55  124  209  255   35   95  168  254    4   37   75  213    1   13   29  167    0    9   13   56    0    0    0    7    0    0    0    0    0    0    0    0    0    0    0    0    0    0    0    0    0    0    0    0    0    0    0    0    0    0    0    0    0    0    0    0    0    0    0    0    0    0    0    0    0    0    0    0    0    0    0    0    0    0    0    0    0    0    0    0    0    0    0    0
    0    0    0    0    0    0    0   12    0    5   12  146    0   40   93  240    0   88  198  252    0  111  250  255   11  120  254  255   50  139  249  255   52  133  233  255   22   76  144  255    8   49   97  255    1   19   37  156    0    0    0   89    0    0    0   32    0    0    0    0    0    0    0    0    0    0    0    0    0    0    0    0    0    0    0    0    0    0    0    0    0    0    0    0    0    0    0    0    0    0    0    0    0    0    0    0    0    0    0    0    0    0    0    0    0    0    0    0    0    0    0    0
    0    0    0    0    0    0    0   38    0   11   27  176    0   51  116  255    0   98  219  255    0  114  255  255    2  115  255  255   11  120  255  255   31  129  252  255   46  125  223  255   34  108  197  255    8   46   94  240    0   20   47  200    0   15   33  100    0    0    0   23    0    0    0    6    0    0    0    0    0    0    0    0    0    0    0    0    0    0    0    0    0    0    0    0    0    0    0    0    0    0    0    0    0    0    0    0    0    0    0    0    0    0    0    0    0    0    0    0    0    0    0    0
    0    0    0    0    0    0    0   43    0   15   37  164    0   50  113  243    0   90  203  255    0  112  249  255    0  114  254  255    1  115  255  255   10  119  255  255   45  139  255  255   59  141  242  255   33  103  190  255   12   64  131  244    5   38   77  181    0   10   25  100    0    6   13   37    0    0    0    0    0    0    0    0    0    0    0    0    0    0    0    0    0    0    0    0    0    0    0    0    0    0    0    0    0    0    0    0    0    0    0    0    0    0    0    0    0    0    0    0    0    0    0    0
    0    0    0    0    0    0    0    0    0    5   10   97    0   36   83  210    0   73  163  255    0  100  223  255    0  111  248  255    0  114  255  255    0  114  255  255    0  114  255  255   31  131  255  255   68  148  248  255   52  119  202  255   19   68  127  255    3   30   64  217    0   12   29  121    0    0    0   25    0    0    0    7    0    0    0    0    0    0    0    0    0    0    0    0    0    0    0    0    0    0    0    0    0    0    0    0    0    0    0    0    0    0    0    0    0    0    0    0    0    0    0    0
    0    0    0    0    0    0    0    0    0    0    0  115    0   25   56  222    0   51  114  255    0   75  167  255    0  102  227  255    0  113  253  255    0  114  255  255    0  114  255  255    0  114  255  255   10  119  255  255   39  130  241  255   46  123  218  255   24   80  149  255    3   27   56  244    0    1    5  183    0    0    4   54    0    0    0    3    0    0    0    0    0    0    0    0    0    0    0    0    0    0    0    0    0    0    0    0    0    0    0    0    0    0    0    0    0    0    0    0    0    0    0    0
    0    0    0    0    0    0    0    0    0    0    0   26    0   17   34  149    0   24   52  252    0   45  100  255    0   74  167  255    0   87  195  255    0  112  251  255    0  114  255  255    0  114  255  255    1  114  255  255   23  126  254  255   50  140  252  255   45  123  220  255   16   83  166  254    0   53  117  230    0    8   23  154    0    0    0   83    0    0    0    8    0    0    0    1    0    0    0    0    0    0    0    0    0    0    0    0    0    0    0    0    0    0    0    0    0    0    0    0    0    0    0    0
    0    0    0    0    0    0    0    0    0    0    0    7    0    7   11   68    0    8   20  151    0   24   55  211    0   48  108  255    0   64  142  255    0   94  212  255    0  103  230  255    0  112  251  255    0  114  255  255    4  116  255  255   11  120  255  255   47  134  246  255  116  128  182  255  131   79   87  251    0   38   90  237    0   25   58  210   26   13   13   38  247   99   47  162  254   99   49   41    0    0    0    0    0    0    0    0    0    0    0    0    0    0    0    0    0    0    0    0    0    0    0    0
    0    0    0    0    0    0    0    0    0    0    0    1    0    0    0   15    0    0    4   55    0    7   18  138    0   17   36  237    0   36   78  255    0   67  150  255    0   82  184  255    0  106  237  255    0  113  253  255    0  114  255  255    5  117  255  255   30  129  254  255   85  141  229  255  117  132  183  255   45   98  163  255   30   63  103  250   21   18   17  194   90   36   17  203  105   38   22   46    0    0    0    0  255  127  127    2  255  127  127    2    0    0    0    0    0    0    0    0    0    0    0    0
    0    0    0    0    0    0    0    0    0    0    0    0    0    0    0    0    0    0    0   10    0    0    0   44    0    4   11  112    0   16   36  202    0   34   75  255    0   57  128  255    0   82  184  255    0   99  222  255    0  110  247  255   19  124  255  255   54  142  253  255   89  154  237  255  113  148  198  255  119  131  150  255  111  112  114  255  114   91   66  255  100   61   25  228   53   29   10   95    0    0    0   18  255  111   47   32  254  103   51   69  250  105   50   51    0    0    0    0    0    0    0    0
    0    0    0    0    0    0    0    0    0    0    0    0    0    0    0    0    0    0    0    0    0    0    0    0    0    0   12   20    0    5   15  101    0   14   30  178    0   35   79  238    0   53  117  253    0   77  173  255    0   96  215  255   44  117  226  255   94  138  213  255  116  149  191  255  137  148  162  255  168  148  128  255  172  151  128  255  172  153  130  255  137  108   80  249  118   83   53  168  142   90   43   59  255  112   52   34  254  103   51   59  254  105   55   46    0    0    0    0    0    0    0    0
    0    0    0    0    0    0    0    0    0    0    0    0    0    0    0    0    0    0    0    0    0    0    0    0    0    0    0    3    0    0    0   20    0    4    4   63    0   16   36  190    0   23   54  235    0   52  118  252    0   72  160  255   68   87  164  255  124  108  147  255  142  127  131  255  179  141  125  255  180  162  143  255  166  153  140  255  169  170  167  255  135  133  130  255  133  102   68  227  158  101   49   98  210  120   45   17  255   63   63    4  255  102   51    5    0    0    0    0    0    0    0    0
    0    0    0    0    0    0    0    0    0    0    0    0    0    0    0    0    0    0    0    0    0    0    0    0    0    0    0    0    0    0    0    0    0    0    0    4    0    0    0  101    0    0    0  159    0   28   63  233    0   43   96  255   59   56  109  255  117   87  114  255  158  119  109  255  208  139  114  255  174  167  164  255  114  114  114  255  143  143  143  255  127  127  127  255   85   67   48  254  114   66   31  122  203  101   40   25    0    0    0    0    0    0    0    0    0    0    0    0    0    0    0    0
    0    0    0    0    0    0    0    0    0    0    0    0    0    0    0    0    0    0    0    0    0    0    0    0    0    0    0    0    0    0    0    0    0    0    0    0    0    0    0    0    0    0    0   23    0    4   12  167    0   15   34  229    9   46   91  247   63   90  125  255  140  133  128  255  178  163  151  255  175  169  162  255   92   92   91  255   85   86   84  255  109  109  108  255   34   28   26  247  119   49   22  145  254  105   49   41    0    0    0    0    0    0    0    0    0    0    0    0    0    0    0    0
    0    0    0    0    0    0    0    0    0    0    0    0    0    0    0    0    0    0    0    0    0    0    0    0    0    0    0    0    0    0    0    0    0    0    0    0    0    0    0    0    0    0    0    0    0    0    0   22    0   10   17  102   15   30   49  200   64   70   81  251  131  114  102  254  175  142  110  255  205  169  131  255  173  174  170  255  152  153  149  254  120  119  113  255   53   39   31  219  151   60   30  143  254  103   48   47    0    0    0    0    0    0    0    0    0    0    0    0    0    0    0    0
    0    0    0    0    0    0    0    0    0    0    0    0    0    0    0    0    0    0    0    0    0    0    0    0    0    0    0    0    0    0    0    0    0    0    0    0    0    0    0    0    0    0    0    0    0    0    0    1    0    0    0   37    2    2    4  115   67   28   18  197  145   72   48  245  177  120   94  255  157  138  118  255  165  150  129  254  100   92   84  242  112   76   41  253  138   84   30  166  159   95   31   48  255  127    0    2    0    0    0    0    0    0    0    0    0    0    0    0    0    0    0    0
    0    0    0    0    0    0    0    0    0    0    0    0    0    0    0    0    0    0    0    0    0    0    0    0    0    0    0    0    0    0    0    0    0    0    0    0    0    0    0    0    0    0    0    0    0    0    0    0    0    0    0    5    0    0    0   16   22    8    5   91   31   16   12  202   48   36   31  255   74   66   57  246  176  123   70  192  194  128   63   97  150   93   37   68  227  109   48  121  243  107   47   64  255   85   63   12    0    0    0    0    0    0    0    0    0    0    0    0    0    0    0    0
    0    0    0    0    0    0    0    0    0    0    0    0    0    0    0    0    0    0    0    0    0    0    0    0    0    0    0    0    0    0    0    0    0    0    0    0    0    0    0    0    0    0    0    0    0    0    0    0    0    0    0    0    0    0    0    0    0    0    0   19    8    4    4   58   17   15   12  101   47   34   26  134  204  100   47  117  254  133   55   23  198  113   28    9  254  105   52   77  255  106   47   48  255  102   51   10    0    0    0    0    0    0    0    0    0    0    0    0    0    0    0    0
    0    0    0    0    0    0    0    0    0    0    0    0    0    0    0    0    0    0    0    0    0    0    0    0    0    0    0    0    0    0    0    0    0    0    0    0    0    0    0    0    0    0    0    0    0    0    0    0    0    0    0    0    0    0    0    0    0    0    0    0    0    0    0    4   25   12   12   20  118   45   27   56  242   98   47  119  255  102   51    5    0    0    0    0  254   99   55   23  255  102   51   15  255   85   85    3    0    0    0    0    0    0    0    0    0    0    0    0    0    0    0    0
    0    0    0    0    0    0    0    0    0    0    0    0    0    0    0    0    0    0    0    0    0    0    0    0    0    0    0    0    0    0    0    0    0    0    0    0    0    0    0    0    0    0    0    0    0    0    0    0    0    0    0    0    0    0    0    0    0    0    0    0    0    0    0    0  255    0    0    1  255  102   51   15  254  104   50   61  255  127    0    2    0    0    0    0    0    0    0    0    0    0    0    0    0    0    0    0    0    0    0    0    0    0    0    0    0    0    0    0    0    0    0    0
    0    0    0    0    0    0    0    0    0    0    0    0    0    0    0    0    0    0    0    0    0    0    0    0    0    0    0    0    0    0    0    0    0    0    0    0    0    0    0    0    0    0    0    0    0    0    0    0    0    0    0    0    0    0    0    0    0    0    0    0    0    0    0    0    0    0    0    0    0    0    0    0    0    0    0    0    0    0    0    0    0    0    0    0    0    0    0    0    0    0    0    0    0    0    0    0    0    0    0    0    0    0    0    0    0    0    0    0    0    0    0    0
    0    0    0    0    0    0    0    0    0    0    0    0    0    0    0    0    0    0    0    0    0    0    0    0    0    0    0    0    0    0    0    0    0    0    0    0    0    0    0    0    0    0    0    0    0    0    0    0    0    0    0    0    0    0    0    0    0    0    0    0    0    0    0    0    0    0    0    0    0    0    0    0    0    0    0    0    0    0    0    0    0    0    0    0    0    0    0    0    0    0    0    0    0    0    0    0    0    0    0    0    0    0    0    0    0    0    0    0    0    0    0    0
    0    0    0    0    0    0    0    0    0    0    0    0    0    0    0    0    0    0    0    0    0    0    0    0    0    0    0    0    0    0    0    0    0    0    0    0    0    0    0    0    0    0    0    0    0    0    0    0    0    0    0    0    0    0    0    0    0    0    0    0    0    0    0    0    0    0    0    0    0    0    0    0    0    0    0    0    0    0    0    0    0    0    0    0    0    0    0    0    0    0    0    0    0    0    0    0    0    0    0    0    0    0    0    0    0    0    0    0    0    0    0    0
    0    0    0    0    0    0    0    0    0    0    0    0    0    0    0    0    0    0    0    0    0    0    0    0    0    0    0    0    0    0    0    0    0    0    0    0    0    0    0    0    0    0    0    0    0    0    0    0    0    0    0    0    0    0    0    0    0    0    0    0    0    0    0    0    0    0    0    0    0    0    0    0    0    0    0    0    0    0    0    0    0    0    0    0    0    0    0    0    0    0    0    0    0    0    0    0    0    0    0    0    0    0    0    0    0    0    0    0    0    0    0    0
