   28   28
    0    0    4  255    5    6    8  255    0    1    0  255    0    1    0  255    2    4    3  255    0    0    0  255    1    0    0  255    5    1    0  255    1    0    0  255    2    1    0  255    1    1    0  255    1    0    0  255    5    0    1  255    4    0    1  255    1    1    0  255    0    2    0  255    0    2    0  255    2    2    0  255    6    0    0  255    7    1    1  255    1    1    0  255    0    1    0  255    2    0    1  255    1    0    2  255    1    0    2  255    0    0    2  255    3    0    2  255    3    0    2  255
    0    0    2  255    0    1    0  255    0    0    0  255    6    6    6  255    0    1    0  255    3    3    5  255    3    0    2  255    4    0    2  255    1    0    0  255    3    0    0  255    7    0    0  255   15    0    0  255   29    0    0  255   54    4    3  255   40    0    0  255   25    0    0  255   10    0    0  255    4    0    0  255    4    0    2  255    4    0    2  255    4    0    0  255    6    2    0  255    1    0    0  255    1    0    0  255    3    0    0  255    3    0    0  255    1    0    0  255    1    0    0  255
    2    3    0  255    0    0    0  255    1    0    4  255    2    0    6  255    0    0    4  255    1    0    4  255    6    0    5  255    7    0    6  255    4    0    5  255    6    0    0  255   17    0    0  255   70   10   12  255  140   22   22  255  195   53   49  255  166   35   27  255   84    0    0  255   30    0    0  255    7    0    0  255    5    2    9  255    1    0    7  255    7    0    4  255    7    0    2  255    1    0    0  255    1    0    0  255    6    0    0  255    6    0    0  255    1    1    0  255    0    2    0  255
    3    0    0  255    5    1    0  255    4    0    5  255    4    0    4  255    9    0    2  255   26    6    5  255   40    3    0  255   27    0    0  255   14    0    0  255   16    0    0  255   31    0    0  255  105   28    0  255  178   50    3  255  255  113   60  255  193   49    0  255  141   28    0  255   65    0    0  255   27    0    0  255   20    0    0  255   22    0    0  255   52    5    0  255   52    7    4  255   29    5    1  255   12    0    0  255    8    0    0  255    6    0    0  255    0    2    0  255    0    3    0  255
    7    0    2  255    6    0    0  255    5    0    1  255   11    0    0  255   20    0    0  255  101   49   35  255  129   44    7  255  117   34    0  255   39    0    0  255   34    0    0  255   99   39    0  255  148   76    0  255  210  137    0  255  255  197   47  255  214  132    0  255  157   76    0  255  131   51    0  255  130   56    0  255  128   57    0  255  128   46    0  255  158   45    3  255  142   34    8  255   90   22   11  255   28    0    0  255   13    0    0  255    1    0    2  255    0    1    4  255    0    2    5  255
    6    0    5  255    6    0    6  255    5    1    0  255   10    0    0  255   33    0    0  255  113   44   15  255  239  139   63  255  255  186   88  255  220  170   71  255  188  151   44  255  243  189   65  255  255  227   75  255  255  235   48  255  255  232   29  255  255  232   38  255  255  231   53  255  255  213   65  255  239  169   37  255  239  170   40  255  255  183   69  255  255  126   49  255  173   38    0  255  112   20    7  255   36    0    0  255   14    0    0  255    0    0    4  255    0    1    7  255    0    1    7  255
    3    1   14  255    0    0    5  255    0    1    0  255   13    0    0  255   38    0    0  255  135   60   20  255  214  133   15  255  255  228   72  255  255  229   79  255  233  218   63  255  248  227   58  255  255  237   53  255  255  245   47  255  255  244   31  255  255  253   26  255  255  240   12  255  255  243   29  255  255  239   31  255  255  247   36  255  255  224   44  255  241  129   17  255  172   46    0  255  138   48   37  255   38    0    0  255   13    0    2  255    0    0    5  255    0    1    4  255    0    1    2  255
    0    0    9  255    1    0    4  255   10    1    0  255   22    0    0  255   50    0    0  255  137   55    0  255  226  162   12  255  255  230   40  255  143  130    0  255  102  101    0  255  118  111    0  255  246  239   73  255  213  206   53  255  194  189   25  255  245  241   46  255  254  250   41  255  249  244   41  255  250  248   42  255  241  244   29  255  255  241   47  255  252  173   29  255  159   58    0  255  130   35    5  255   50    0    0  255   24    0    0  255    7    0    0  255    1    0    2  255    0    0    2  255
    7    0    3  255   13    0    0  255   27    0    0  255   46    0    0  255  116   23    0  255  219  131   42  255  255  222   51  255  255  235   34  255  127  126    0  255  238  243   89  255  239  231  104  255   27   17    0  255   19   14    0  255   12   10    0  255  181  177   77  255  205  199   77  255  166  153   38  255  179  168   44  255  213  208   64  255  239  229   69  255  255  230   57  255  233  171   28  255  165   63    0  255   98    0    0  255   48    0    0  255   24    0    0  255    7    0    0  255    1    2    7  255
   15    0    0  255   51   13   12  255   93   23   13  255  117   27    0  255  148   55    0  255  255  207   76  255  255  239   42  255  254  249   36  255  142  146    0  255  230  234   97  255  146  138   37  255   18    9    0  255    1    1    0  255    6    8    3  255   19   20    0  255   20   16    0  255   20    7    0  255   19    5    0  255   35   28    0  255   67   63    0  255  243  238   86  255  255  231   81  255  224  143   38  255  142   43    0  255  117   27    0  255   82   16    4  255   21    0    0  255    7    0    2  255
   28    0    0  255   93   30   23  255  155   46   13  255  178   67    0  255  208  132    0  255  255  232   44  255  255  250   21  255  241  245   24  255  115  114    0  255  203  199   76  255   37   33    0  255    7    6    0  255    0    7    0  255    0    3    0  255    0    5    0  255    8    7    0  255    6    0    0  255    8    0    0  255   10    4    0  255    7    4    0  255   92   94   11  255  220  212  101  255  255  231   98  255  182  120    0  255  174   64    0  255  161   53   15  255   78   20    9  255   22    0    0  255
   26    0    0  255   75    8    0  255  199   76   32  255  255  182   83  255  255  228   52  255  255  249   23  255  252  252    6  255  254  255   35  255  101   97    0  255  231  226  109  255  228  227  134  255   17   19    0  255    0    6    0  255    3   12    0  255    0    6    0  255    0    3    0  255    9    7    0  255    6    2    0  255    5    1    0  255    8    6    0  255   11   11    0  255   10    7    0  255  122  110    0  255  255  222  100  255  242  114   39  255  171   39    0  255   83   17    3  255   22    0    0  255
    8    0    4  255   32    0    0  255  163   46    3  255  255  148   45  255  255  233   41  255  255  251   10  255  255  255    9  255  249  246   27  255  110  105    0  255  220  218   97  255  236  235  126  255   17   17    0  255   11    9    0  255    6    5    0  255  225  232  181  255    3   10    0  255   11   10    0  255    7    5    0  255    8    7    0  255  228  225  190  255    9    1    0  255   17    0    0  255   45   12    0  255  255  186  115  255  188   44    7  255  159   23    7  255   40    0    0  255    7    0    0  255
    0    2    4  255   28    0    0  255  147   33    0  255  224  105   15  255  255  223   52  255  255  246   27  255  255  254   22  255  254  250   37  255  131  127    0  255  193  192   66  255  219  218  109  255   18   17    0  255   18   11    0  255  235  230  164  255    8   11    0  255    7   12    0  255    8   10    0  255  229  230  154  255   13   15    0  255   10    9    0  255   12    3    0  255   19    0    0  255   32    0    0  255  214  135   96  255  185   39   26  255  130    0    0  255   29    0    0  255    0    4    0  255
    0    4    0  255   23    0    0  255  134   19    0  255  205   77   16  255  227  160   43  255  218  189   27  255  235  223   25  255  248  246   47  255  180  179   13  255  140  140   10  255  142  141   48  255   10    8    0  255   13    6    0  255  240  233  145  255  244  239  109  255  241  241  109  255    7   11    0  255  235  240  140  255  244  248   76  255  246  247   94  255    9    4    0  255   11    0    0  255   36    1    0  255  171   96   73  255  163   28   24  255  120    0    1  255   24    0    0  255    0    5    0  255
    0    2    0  255   26    0    0  255  146   36    1  255  195   75   14  255  238  173   81  255   90   63    0  255  200  189   21  255  245  243   64  255  167  165    2  255  151  148   15  255  133  129   40  255   10    6    0  255   11    6    0  255   15    8    0  255  243  237  123  255   14   12    0  255    4    9    0  255    8   14    0  255  240  243   74  255  244  243   90  255   11    8    0  255   11    0    1  255   27    0    0  255  192  127   95  255  158   37   16  255  142   30   18  255   27    0    0  255    1    2    0  255
   11    0    0  255   32    0    0  255  151   51    0  255  190   90    4  255  124   84    0  255   29   22    0  255  123  118    0  255  211  206   54  255  124  118    0  255  195  191   58  255  167  163   63  255   10    7    0  255    6    3    0  255   14   12    0  255    4    4    0  255    5    6    0  255    0    5    0  255    8   14    0  255   11   11    0  255   15   12    0  255   10    4    0  255   12    0    0  255   20    0    0  255  223  172  106  255  162   56    0  255  125   18    0  255   40    0    0  255   15    0    0  255
   22    0    0  255  101   45   22  255  255  151   86  255  255  202  108  255  216  174   64  255  144  132   10  255  146  139    7  255  233  231   86  255  107  103    0  255  242  238   86  255  245  244  118  255   10    9    0  255    7    5    0  255   10    9    4  255    3    2    0  255    1    4    0  255    0    5    0  255    0    6    0  255    7    8    0  255  237  234  189  255    5    0    0  255   12    1    0  255   28    4    0  255  255  216  133  255  255  185  113  255  183   69   19  255   92   33   19  255   22    0    0  255
   34    0    0  255  104   31   16  255  202   75   32  255  255  135   54  255  255  195   70  255  255  225   82  255  123  110    0  255  113  117    0  255  204  209   19  255  240  247   53  255  240  245   81  255   30   32    0  255   16   11    0  255    7    0    0  255  235  232  163  255  242  243  149  255  238  241  150  255  237  241  156  255  231  233  158  255    4    6    0  255    4    5    0  255   17    5    0  255  101   64    0  255  240  162   77  255  235   95   42  255  178   45   14  255   82   23    5  255   18    0    0  255
   29    0    0  255   72   12    4  255  137   35   12  255  160   49    0  255  167   78    0  255  255  211   81  255  252  226   87  255  207  205   35  255  244  250   36  255  246  255   31  255  243  251   51  255  142  145    0  255   24   18    0  255   16    8    0  255   26   22    0  255   14   12    0  255   13   12    0  255   12   14    0  255    8    9    0  255   10    6    0  255   16    3    0  255   72   42    4  255  208  155   89  255  146   63    0  255  151   32    0  255  141   34   16  255   38    0    0  255   15    0    0  255
   10    0    0  255   14    0    0  255   24    0    0  255   42    0    0  255   72    0    0  255  175   96   19  255  247  201   63  255  248  229   41  255  253  250   21  255  252  255   14  255  250  255   21  255  245  248   35  255  242  241   62  255  172  167   23  255   27   20    0  255   20   14    0  255   17   13    0  255   10    7    0  255   21   17    0  255   57   40    0  255  243  198  107  255  195  129   51  255  141   66   24  255   72    2    0  255   38    0    0  255   28    0    0  255   13    0    0  255    8    0    0  255
    1    0    2  255    0    0    2  255    0    1    2  255   14    0    0  255   49    0    0  255  139   56    6  255  232  169   40  255  255  229   47  255  255  242   30  255  255  247   17  255  255  252   16  255  255  250   14  255  254  255   23  255  244  245   43  255  195  189   43  255  153  142   34  255  122  107   16  255  135  115   29  255  181  157   61  255  245  202   98  255  255  194   83  255  155   63    0  255  122   39    9  255   41    0    0  255   11    0    0  255    0    1    0  255    6    4    5  255    3    0    0  255
    5    0    0  255    1    0    0  255    1    2    4  255   12    0    0  255   35    0    0  255  121   50    6  255  218  137   29  255  255  213   62  255  255  221   54  255  255  226   43  255  255  233   33  255  255  246   26  255  253  254   13  255  247  255   17  255  253  252   38  255  255  242   56  255  255  229   70  255  255  223   78  255  255  221   80  255  255  211   86  255  255  154   52  255  160   51    0  255   96   22    0  255   30    0    0  255    8    0    0  255    0    5    8  255    0    0    4  255    0    0    5  255
    6    0    0  255    4    0    0  255    0    1    0  255    7    0    0  255   27    0    0  255  125   56   25  255  196   92   19  255  245  131   32  255  198   97    0  255  183   94    0  255  186  106    0  255  255  207   38  255  255  246   36  255  255  245   19  255  255  238   24  255  255  230   39  255  242  172   22  255  179   98    0  255  171   89    0  255  194   93    0  255  255  121   49  255  171   44    1  255  121   49   27  255   24    0    0  255    4    0    0  255    0    2    6  255    0    0    7  255    1    0    8  255
    4    0    0  255    5    2    0  255    4    3    0  255    8    0    0  255   27    0    0  255  127   49   39  255  176   39   20  255  180   35    8  255  130   25    0  255  127   33    0  255  146   34    0  255  190   83    1  255  255  185   43  255  255  223   58  255  255  197   46  255  202  106    0  255  162   51    0  255  130   23    0  255   99   19    0  255  139   43    1  255  181   31   14  255  174   30   22  255  135   55   48  255   25    0    0  255    6    0    0  255    0    0    4  255    3    0    7  255    4    0    9  255
    1    0    0  255    2    1    0  255    1    0    0  255    7    0    0  255   20    0    0  255   68    9    5  255  122    7   12  255  115    0    1  255   56    0    0  255   50    0    0  255   72    0    0  255  137   32    3  255  159   64    0  255  255  174   74  255  189   88    0  255  161   56    0  255  123   17    1  255   62    0    0  255   44    0    0  255   49    0    0  255  132   15   23  255  110    0    3  255   65    1    2  255   20    0    0  255    6    0    0  255    0    0    2  255    1    0    5  255    3    0    5  255
    0    1    2  255    0    0    4  255    1    0    7  255    4    0    5  255    3    4    0  255    7    0    0  255   34    0    0  255   29    0    0  255   18    0    0  255   17    0    0  255   24    0    0  255   39    0    0  255   88   11    0  255  138   49   15  255  108   28    5  255   59    0    0  255   35    0    0  255   20    0    0  255   10    0    0  255   11    0    0  255   26    0    0  255   29    0    0  255   15    0    0  255   11    0    3  255    3    0    0  255    0    1    0  255    0    2    0  255    0    3    0  255
    0    1    4  255    0    1    6  255    3    0   11  255    1    0    8  255    0    6    0  255    0    6    0  255    0    1    0  255    1    0    4  255    1    0    5  255    0    0    2  255    5    4    2  255   17    0    0  255   49    0    0  255  106   22   20  255   71    0   10  255   34    0    0  255   13    0    2  255    1    2    6  255    0    3    0  255    0    9    3  255    0    1    2  255    0    0    4  255    5    2   11  255    1    0    5  255    1    0    2  255    0    1    0  255    0    4    0  255    0    5    0  255
