   28   28
    0    0    0    0    0    0    0    0    0    0    0    0    0    0    0    0    0    0    0    0    0    0    0    0    0    0    0    0    0    0    0    0    0    0    0    0    0    0    0    0    0    0    0    0    0    0    0    0    0    0    0    0    0    0    0    0    0    0    0    0    0    0    0    0    0    0    0    0    0    0    0    0    0    0    0    0    0    0    0    0    0    0    0    0    0    0    0    0    0    0    0    0    0    0    0    0    0    0    0    0    0    0    0    0    0    0    0    0    0    0    0    0
    0    0    0    0   16   13   12  255   22   13   14  255   22   13   14  255   22   13   14  255   24   16   16  255   25   16   17  255   25   16   17  255   25   16   17  255   25   16   17  255   25   16   17  255   25   16   17  255   25   16   17  255   25   16   17  255   25   16   17  255   25   16   17  255   25   16   17  255   25   16   17  255   25   16   17  255   25   16   17  255   25   16   17  255   25   16   17  255   25   16   16  255   22   13   14  255   22   13   14  255   22   13   14  255   16   12   12  255   13   13   13   37
    0    0    0    0   34   24   23  255  149   88   89  255  149   88   89  255  149   88   89  255  163  101  103  255  168  106  108  255  174  111  113  255  174  111  113  255  174  111  113  255  174  111  113  255  174  111  113  255  174  111  113  255  174  111  113  255  174  111  113  255  174  111  113  255  174  111  113  255  174  111  113  255  174  111  113  255  174  111  113  255  174  111  113  255  168  106  108  255  165  104  105  255  149   88   89  255  149   88   89  255  149   88   89  255   43   25   26  255    0    0    0   37
    0    0    0    0   24   16   15  255  120   66   67  255  120   66   67  255  120   66   67  255  125   71   72  255  128   73   74  255  139   81   83  255  139   81   83  255  139   81   83  255  139   81   83  255  139   81   83  255  139   81   83  255  139   81   83  255  139   81   83  255  139   81   83  255  139   81   83  255  139   81   83  255  139   81   83  255  139   81   83  255  139   81   83  255  128   73   74  255  127   72   73  255  120   66   67  255  120   66   67  255  120   66   67  255   39   23   23  255    6    6    6   37
    0    0    0    0    7    4    4  255   70   38   39  255  120   66   67  255  120   66   67  255  120   66   67  255  120   66   67  255  128   73   74  255  131   76   77  255  152   94   95  255  152   94   95  255  152   94   95  255  143   85   86  255  139   81   83  255  139   81   83  255  139   81   83  255  139   81   83  255  139   81   83  255  139   81   83  255  132   76   77  255  129   74   75  255  120   66   67  255  120   66   67  255  120   66   67  255  120   66   67  255   80   44   45  255   25   17   17  255   13   13   13   37
    0    0    0    0    0    0    0   99   36   20   20  255  125   69   70  255  125   69   70  255  125   69   70  255  125   69   70  255  138   80   81  255  144   85   86  255  180  117  119  255  180  117  119  255  180  117  119  255  164  101  103  255  158   95   97  255  158   95   97  255  158   95   97  255  158   95   97  255  158   95   97  255  158   95   97  255  145   86   87  255  140   82   83  255  125   69   70  255  125   69   70  255  125   69   70  255  125   69   70  255   54   30   30  255    6    6    6  126   23   23   23   11
    0    0    0    0    0    0    0   36   36   20   20  255  125   69   70  255  125   69   70  255  125   69   70  255  125   69   70  255  138   80   81  255  144   85   86  255  180  117  119  255  180  117  119  255  180  117  119  255  164  101  103  255  158   95   97  255  158   95   97  255  158   95   97  255  158   95   97  255  158   95   97  255  158   95   97  255  145   86   87  255  140   82   83  255  125   69   70  255  125   69   70  255  125   69   70  255  125   69   70  255   54   30   30  255    0    0    0   74    0    0    0    0
    0    0    0    0    0    0    0   36   36   20   20  255  125   69   70  255  125   69   70  255  125   69   70  255  125   69   70  255  138   80   81  255  144   85   86  255  180  117  119  255  180  117  119  255  180  117  119  255  164  101  103  255  158   95   97  255  158   95   97  255  158   95   97  255  158   95   97  255  158   95   97  255  158   95   97  255  145   86   87  255  140   82   83  255  125   69   70  255  125   69   70  255  125   69   70  255  125   69   70  255   54   30   30  255    0    0    0   74    0    0    0    0
    0    0    0    0    0    0    0   36   27   16   16  255   94   55   56  255   94   55   56  255   94   55   56  255   94   55   56  255  102   63   63  255  106   65   66  255  129   85   87  255  129   85   87  255  129   85   87  255  119   76   77  255  115   72   73  255  115   72   73  255  115   72   73  255  115   72   73  255  115   72   73  255  115   72   73  255  106   66   67  255  103   63   64  255   94   55   56  255   94   55   56  255   94   55   56  255   94   55   56  255   40   24   24  255    0    0    0   74    0    0    0    0
    0    0    0    0    0    0    0   36   42   28   29  255  146   98   99  255  146   98   99  255  146   98   99  255  146   98   99  255  153  105  106  255  157  108  109  255  179  127  129  255  179  127  129  255  179  127  129  255  169  117  119  255  165  114  116  255  165  114  116  255  165  114  116  255  165  114  116  255  165  114  116  255  165  114  116  255  157  108  109  255  154  106  107  255  146   98   99  255  146   98   99  255  146   98   99  255  146   98   99  255   63   42   43  255    0    0    0   74    0    0    0    0
    0    0    0    0    0    0    0   36   36   20   20  255  125   69   70  255  125   69   70  255  125   69   70  255  125   69   70  255  138   80   81  255  144   85   86  255  180  117  119  255  180  117  119  255  180  117  119  255  164  101  103  255  158   95   97  255  158   95   97  255  158   95   97  255  158   95   97  255  158   95   97  255  158   95   97  255  145   86   87  255  140   82   83  255  125   69   70  255  125   69   70  255  125   69   70  255  125   69   70  255   54   30   30  255    0    0    0   74    0    0    0    0
    0    0    0    0    0    0    0   36   36   20   20  255  125   69   70  255  125   69   70  255  125   69   70  255  125   69   70  255  138   80   81  255  144   85   86  255  180  117  119  255  180  117  119  255  180  117  119  255  164  101  103  255  158   95   97  255  158   95   97  255  158   95   97  255  158   95   97  255  158   95   97  255  158   95   97  255  145   86   87  255  140   82   83  255  125   69   70  255  125   69   70  255  125   69   70  255  125   69   70  255   54   30   30  255    0    0    0   74    0    0    0    0
    0    0    0    0    0    0    0   36   36   20   20  255  125   69   70  255  125   69   70  255  125   69   70  255  125   69   70  255  138   80   81  255  144   85   86  255  180  117  119  255  180  117  119  255  180  117  119  255  164  101  103  255  158   95   97  255  158   95   97  255  158   95   97  255  158   95   97  255  158   95   97  255  158   95   97  255  145   86   87  255  140   82   83  255  125   69   70  255  125   69   70  255  125   69   70  255  125   69   70  255   54   30   30  255    0    0    0   74    0    0    0    0
    0    0    0    0    0    0    0   36   36   20   20  255  125   69   70  255  125   69   70  255  125   69   70  255  125   69   70  255  138   80   81  255  144   85   86  255  180  117  119  255  180  117  119  255  180  117  119  255  164  101  103  255  158   95   97  255  158   95   97  255  158   95   97  255  158   95   97  255  158   95   97  255  158   95   97  255  145   86   87  255  140   82   83  255  125   69   70  255  125   69   70  255  125   69   70  255  125   69   70  255   54   30   30  255    0    0    0   74    0    0    0    0
    0    0    0    0    0    0    0   36   36   20   20  255  125   69   70  255  125   69   70  255  125   69   70  255  125   69   70  255  138   80   81  255  144   85   86  255  180  117  119  255  180  117  119  255  180  117  119  255  164  101  103  255  158   95   97  255  158   95   97  255  158   95   97  255  158   95   97  255  158   95   97  255  158   95   97  255  145   86   87  255  140   82   83  255  125   69   70  255  125   69   70  255  125   69   70  255  125   69   70  255   54   30   30  255    0    0    0   74    0    0    0    0
    0    0    0    0    0    0    0   36   36   20   20  255  125   69   70  255  125   69   70  255  125   69   70  255  125   69   70  255  138   80   81  255  144   85   86  255  180  117  119  255  180  117  119  255  180  117  119  255  164  101  103  255  158   95   97  255  158   95   97  255  158   95   97  255  158   95   97  255  158   95   97  255  158   95   97  255  145   86   87  255  140   82   83  255  125   69   70  255  125   69   70  255  125   69   70  255  125   69   70  255   54   30   30  255    0    0    0   74    0    0    0    0
    0    0    0    0    0    0    0   36   36   20   20  255  125   69   70  255  125   69   70  255  125   69   70  255  125   69   70  255  138   80   81  255  144   85   86  255  180  117  119  255  180  117  119  255  180  117  119  255  164  101  103  255  158   95   97  255  158   95   97  255  158   95   97  255  158   95   97  255  158   95   97  255  158   95   97  255  145   86   87  255  140   82   83  255  125   69   70  255  125   69   70  255  125   69   70  255  125   69   70  255   54   30   30  255    0    0    0   74    0    0    0    0
    0    0    0    0    0    0    0   36   36   20   20  255  125   69   70  255  125   69   70  255  125   69   70  255  125   69   70  255  138   80   81  255  144   85   86  255  180  117  119  255  180  117  119  255  180  117  119  255  164  101  103  255  158   95   97  255  158   95   97  255  158   95   97  255  158   95   97  255  158   95   97  255  158   95   97  255  145   86   87  255  140   82   83  255  125   69   70  255  125   69   70  255  125   69   70  255  125   69   70  255   54   30   30  255    0    0    0   74    0    0    0    0
    0    0    0    0    0    0    0   36   41   26   27  255  142   92   93  255  142   92   93  255  142   92   93  255  142   92   93  255  150  100  101  255  154  103  104  255  179  125  127  255  179  125  127  255  179  125  127  255  168  114  116  255  164  110  112  255  164  110  112  255  164  110  112  255  164  110  112  255  164  110  112  255  164  110  112  255  155  104  105  255  151  101  102  255  142   92   93  255  142   92   93  255  142   92   93  255  142   92   93  255   61   40   40  255    0    0    0   74    0    0    0    0
    0    0    0    0    0    0    0   36   30   18   18  255  104   65   66  255  104   65   66  255  104   65   66  255  104   65   66  255  112   72   72  255  116   74   75  255  137   93   95  255  137   93   95  255  137   93   95  255  128   84   85  255  124   80   82  255  124   80   82  255  124   80   82  255  124   80   82  255  124   80   82  255  124   80   82  255  116   75   76  255  113   72   73  255  104   65   66  255  104   65   66  255  104   65   66  255  104   65   66  255   45   28   28  255    0    0    0   74    0    0    0    0
    0    0    0    0    0    0    0   36   34   19   19  255  119   66   67  255  119   66   67  255  119   66   67  255  119   66   67  255  131   76   77  255  137   81   82  255  171  111  113  255  171  111  113  255  171  111  113  255  156   96   98  255  150   91   92  255  150   91   92  255  150   91   92  255  150   91   92  255  150   91   92  255  150   91   92  255  138   82   83  255  133   78   79  255  119   66   67  255  119   66   67  255  119   66   67  255  119   66   67  255   51   29   29  255    0    0    0   74    0    0    0    0
    0    0    0    0    0    0    0   36   36   20   20  255  125   69   70  255  125   69   70  255  125   69   70  255  125   69   70  255  138   80   81  255  144   85   86  255  180  117  119  255  180  117  119  255  180  117  119  255  164  101  103  255  158   95   97  255  158   95   97  255  158   95   97  255  158   95   97  255  158   95   97  255  158   95   97  255  145   86   87  255  140   82   83  255  125   69   70  255  125   69   70  255  125   69   70  255  125   69   70  255   54   30   30  255    0    0    0   74    0    0    0    0
    0    0    0    0    0    0    0   36   36   20   20  255  125   69   70  255  125   69   70  255  125   69   70  255  125   69   70  255  138   80   81  255  144   85   86  255  180  117  119  255  180  117  119  255  180  117  119  255  164  101  103  255  158   95   97  255  158   95   97  255  158   95   97  255  158   95   97  255  158   95   97  255  158   95   97  255  145   86   87  255  140   82   83  255  125   69   70  255  125   69   70  255  125   69   70  255  125   69   70  255   54   30   30  255    0    0    0   74    0    0    0    0
    0    0    0    0   13    7    7   98   58   32   33  255  122   67   68  255  122   67   68  255  122   67   68  255  122   67   68  255  131   75   76  255  135   79   80  255  161  102  103  255  161  102  103  255  161  102  103  255  150   90   92  255  145   86   88  255  145   86   88  255  145   86   88  255  145   86   88  255  145   86   88  255  145   86   88  255  136   79   80  255  133   77   78  255  122   67   68  255  122   67   68  255  122   67   68  255  122   67   68  255   71   39   40  255   26   16   16  126   23   23   23   11
    0    0    0    0   24   16   15  255  133   77   78  255  133   77   78  255  133   77   78  255  140   83   85  255  142   86   87  255  142   86   87  255  142   86   87  255  142   86   87  255  142   86   87  255  142   86   87  255  142   86   87  255  142   86   87  255  142   86   87  255  142   86   87  255  142   86   87  255  142   86   87  255  142   86   87  255  142   86   87  255  142   86   87  255  142   86   87  255  141   85   86  255  133   77   78  255  133   77   78  255  133   77   78  255   45   27   27  255    6    6    6   37
    0    0    0    0   32   23   22  255  139   80   82  255  139   80   82  255  139   80   82  255  151   92   93  255  156   96   97  255  167  104  106  255  167  104  106  255  167  104  106  255  167  104  106  255  167  104  106  255  167  104  106  255  167  104  106  255  167  104  106  255  167  104  106  255  167  104  106  255  167  104  106  255  167  104  106  255  167  104  106  255  167  104  106  255  156   96   97  255  154   93   95  255  139   80   82  255  139   80   82  255  139   80   82  255   40   23   23  255    0    0    0   37
    0    0    0    0   18   14   13  255   36   20   20  255   36   20   20  255   36   20   20  255   39   22   23  255   40   23   23  255   46   27   28  255   46   27   28  255   46   27   28  255   46   27   28  255   46   27   28  255   46   27   28  255   46   27   28  255   46   27   28  255   46   27   28  255   46   27   28  255   46   27   28  255   46   27   28  255   46   27   28  255   46   27   28  255   40   23   23  255   39   23   23  255   36   20   20  255   36   20   20  255   36   20   20  255   13    9    7  255    6    6    0   37
    0    0    0    0   13   13    6   37    0    0    0   37    0    0    0   37    0    0    0   37    0    0    0   37    0    0    0   37    0    0    0   37    0    0    0   37    0    0    0   37    0    0    0   37    0    0    0   37    0    0    0   37    0    0    0   37    0    0    0   37    0    0    0   37    0    0    0   37    0    0    0   37    0    0    0   37    0    0    0   37    0    0    0   37    0    0    0   37    0    0    0   37    0    0    0   37    0    0    0   37    0    0    0   37    6    6    0   37    0    0    0    5
