   28   28
  168  168  129  255  168  168  129  255  168  168  129  255  168  168  129  255  168  168  129  255  168  168  129  255  168  168  129  255  168  168  129  255  168  168  129  255  168  168  129  255  168  168  129  255  168  168  129  255  168  168  129  255  168  168  129  255  168  168  129  255  168  168  129  255  168  168  129  255  168  168  129  255  168  168  129  255  168  168  129  255  168  168  129  255  168  168  129  255  168  168  129  255  168  168  129  255  168  168  129  255  168  168  129  255  168  168  129  255  168  168  129  255
  168  168  129  255  162  152  105  255  162  152  105  255  162  152  105  255  162  152  105  255  162  152  105  255  162  152  105  255  162  152  105  255  162  152  105  255  162  152  105  255  162  152  105  255  162  152  105  255  162  152  105  255  162  152  105  255  162  152  105  255  162  152  105  255  162  152  105  255  162  152  105  255  162  152  105  255  162  152  105  255  162  152  105  255  162  152  105  255  162  152  105  255  162  152  105  255  162  152  105  255  162  152  105  255  162  152  105  255  112   94   42  255
  168  168  129  255  162  152  105  255  162  152  105  255  162  152  105  255  162  152  105  255  162  152  105  255  162  152  105  255  162  152  105  255  162  152  105  255  162  152  105  255  162  152  105  255  162  152  105  255  162  152  105  255  162  152  105  255  162  152  105  255  162  152  105  255  162  152  105  255  162  152  105  255  162  152  105  255  162  152  105  255  162  152  105  255  162  152  105  255  162  152  105  255  162  152  105  255  162  152  105  255  162  152  105  255  162  152  105  255  112   94   42  255
  168  168  129  255  162  152  105  255  162  152  105  255  162  152  105  255  162  152  105  255  162  152  105  255  162  152  105  255  162  152  105  255  162  152  105  255  162  152  105  255  162  152  105  255  162  152  105  255  162  152  105  255  162  152  105  255  162  152  105  255  162  152  105  255  162  152  105  255  162  152  105  255  162  152  105  255  162  152  105  255  162  152  105  255  162  152  105  255  162  152  105  255  162  152  105  255  162  152  105  255  162  152  105  255  162  152  105  255  112   94   42  255
  168  168  129  255  162  152  105  255  162  152  105  255  162  152  105  255  162  152  105  255  162  152  105  255  162  152  105  255  162  152  105  255  162  152  105  255  162  152  105  255  162  152  105  255  162  152  105  255  162  152  105  255  162  152  105  255  162  152  105  255  162  152  105  255  162  152  105  255  162  152  105  255  162  152  105  255  162  152  105  255  162  152  105  255  162  152  105  255  162  152  105  255  162  152  105  255  162  152  105  255  162  152  105  255  162  152  105  255  112   94   42  255
  168  168  129  255  162  152  105  255  162  152  105  255  162  152  105  255  162  152  105  255  162  152  105  255  162  152  105  255  162  152  105  255  162  152  105  255  162  152  105  255  162  152  105  255  162  152  105  255  162  152  105  255  162  152  105  255  162  152  105  255  162  152  105  255  162  152  105  255  162  152  105  255  162  152  105  255  162  152  105  255  162  152  105  255  162  152  105  255  162  152  105  255  162  152  105  255  162  152  105  255  162  152  105  255  162  152  105  255  112   94   42  255
  168  168  129  255  162  152  105  255  162  152  105  255  162  152  105  255  162  152  105  255  162  152  105  255  162  152  105  255  162  152  105  255  162  152  105  255  162  152  105  255  162  152  105  255  162  152  105  255  162  152  105  255  162  152  105  255  162  152  105  255  162  152  105  255  162  152  105  255  162  152  105  255  162  152  105  255  162  152  105  255  162  152  105  255  162  152  105  255  162  152  105  255  162  152  105  255  162  152  105  255  162  152  105  255  162  152  105  255  112   94   42  255
  168  168  129  255  162  152  105  255  162  152  105  255  162  152  105  255  162  152  105  255  162  152  105  255  162  152  105  255  162  152  105  255  162  152  105  255  162  152  105  255  162  152  105  255  162  152  105  255  162  152  105  255  162  152  105  255  162  152  105  255  162  152  105  255  162  152  105  255  162  152  105  255  162  152  105  255  162  152  105  255  162  152  105  255  162  152  105  255  162  152  105  255  162  152  105  255  162  152  105  255  162  152  105  255  162  152  105  255  112   94   42  255
  168  168  129  255  162  152  105  255  162  152  105  255  162  152  105  255  162  152  105  255  162  152  105  255  162  152  105  255  162  152  105  255  162  152  105  255  162  152  105  255  162  152  105  255  162  152  105  255  162  152  105  255  162  152  105  255  162  152  105  255  162  152  105  255  162  152  105  255  162  152  105  255  162  152  105  255  162  152  105  255  162  152  105  255  162  152  105  255  162  152  105  255  162  152  105  255  162  152  105  255  162  152  105  255  162  152  105  255  112   94   42  255
  168  168  129  255  162  152  105  255  162  152  105  255  162  152  105  255  162  152  105  255  162  152  105  255  162  152  105  255  162  152  105  255  162  152  105  255  162  152  105  255  162  152  105  255  162  152  105  255  162  152  105  255  162  152  105  255  162  152  105  255  162  152  105  255  162  152  105  255  162  152  105  255  162  152  105  255  162  152  105  255  162  152  105  255  162  152  105  255  162  152  105  255  162  152  105  255  162  152  105  255  162  152  105  255  162  152  105  255  112   94   42  255
  168  168  129  255  162  152  105  255  162  152  105  255  162  152  105  255  162  152  105  255  162  152  105  255  162  152  105  255  162  152  105  255  162  152  105  255  162  152  105  255  162  152  105  255  162  152  105  255  162  152  105  255  162  152  105  255  162  152  105  255  162  152  105  255  162  152  105  255  162  152  105  255  162  152  105  255  162  152  105  255  162  152  105  255  162  152  105  255  162  152  105  255  162  152  105  255  162  152  105  255  162  152  105  255  162  152  105  255  112   94   42  255
  168  168  129  255  162  152  105  255  162  152  105  255  162  152  105  255  162  152  105  255  162  152  105  255  162  152  105  255  162  152  105  255  162  152  105  255  162  152  105  255  162  152  105  255  162  152  105  255  162  152  105  255  162  152  105  255  162  152  105  255  162  152  105  255  162  152  105  255  162  152  105  255  162  152  105  255  162  152  105  255  162  152  105  255  162  152  105  255  162  152  105  255  162  152  105  255  162  152  105  255  162  152  105  255  162  152  105  255  112   94   42  255
  168  168  129  255  162  152  105  255  162  152  105  255  162  152  105  255  162  152  105  255  162  152  105  255  162  152  105  255  162  152  105  255  162  152  105  255  162  152  105  255  162  152  105  255  162  152  105  255  162  152  105  255  162  152  105  255  162  152  105  255  162  152  105  255  162  152  105  255  162  152  105  255  162  152  105  255  162  152  105  255  162  152  105  255  162  152  105  255  162  152  105  255  162  152  105  255  162  152  105  255  162  152  105  255  162  152  105  255  112   94   42  255
  168  168  129  255  162  152  105  255  162  152  105  255  162  152  105  255  162  152  105  255  162  152  105  255  162  152  105  255  162  152  105  255  162  152  105  255  162  152  105  255  162  152  105  255  162  152  105  255  162  152  105  255  162  152  105  255  162  152  105  255  162  152  105  255  162  152  105  255  162  152  105  255  162  152  105  255  162  152  105  255  162  152  105  255  162  152  105  255  162  152  105  255  162  152  105  255  162  152  105  255  162  152  105  255  162  152  105  255  112   94   42  255
  168  168  129  255  162  152  105  255  162  152  105  255  162  152  105  255  162  152  105  255  162  152  105  255  162  152  105  255  162  152  105  255  162  152  105  255  162  152  105  255  162  152  105  255  162  152  105  255  162  152  105  255  162  152  105  255  162  152  105  255  162  152  105  255  162  152  105  255  162  152  105  255  162  152  105  255  162  152  105  255  162  152  105  255  162  152  105  255  162  152  105  255  162  152  105  255  162  152  105  255  162  152  105  255  162  152  105  255  112   94   42  255
  168  168  129  255  162  152  105  255  162  152  105  255  162  152  105  255  162  152  105  255  162  152  105  255  162  152  105  255  162  152  105  255  162  152  105  255  162  152  105  255  162  152  105  255  162  152  105  255  162  152  105  255  162  152  105  255  162  152  105  255  162  152  105  255  162  152  105  255  162  152  105  255  162  152  105  255  162  152  105  255  162  152  105  255  162  152  105  255  162  152  105  255  162  152  105  255  162  152  105  255  162  152  105  255  162  152  105  255  112   94   42  255
  168  168  129  255  162  152  105  255  162  152  105  255  162  152  105  255  162  152  105  255  162  152  105  255  162  152  105  255  162  152  105  255  162  152  105  255  162  152  105  255  162  152  105  255  162  152  105  255  162  152  105  255  162  152  105  255  162  152  105  255  162  152  105  255  162  152  105  255  162  152  105  255  162  152  105  255  162  152  105  255  162  152  105  255  162  152  105  255  162  152  105  255  162  152  105  255  162  152  105  255  162  152  105  255  162  152  105  255  112   94   42  255
  168  168  129  255  162  152  105  255  162  152  105  255  162  152  105  255  162  152  105  255  162  152  105  255  162  152  105  255  162  152  105  255  162  152  105  255  162  152  105  255  162  152  105  255  162  152  105  255  162  152  105  255  162  152  105  255  162  152  105  255  162  152  105  255  162  152  105  255  162  152  105  255  162  152  105  255  162  152  105  255  162  152  105  255  162  152  105  255  162  152  105  255  162  152  105  255  162  152  105  255  162  152  105  255  162  152  105  255  112   94   42  255
  168  168  129  255  162  152  105  255  162  152  105  255  162  152  105  255  162  152  105  255  162  152  105  255  162  152  105  255  162  152  105  255  162  152  105  255  162  152  105  255  162  152  105  255  162  152  105  255  162  152  105  255  162  152  105  255  162  152  105  255  162  152  105  255  162  152  105  255  162  152  105  255  162  152  105  255  162  152  105  255  162  152  105  255  162  152  105  255  162  152  105  255  162  152  105  255  162  152  105  255  162  152  105  255  162  152  105  255  112   94   42  255
  168  168  129  255  162  152  105  255  162  152  105  255  162  152  105  255  162  152  105  255  162  152  105  255  162  152  105  255  162  152  105  255  162  152  105  255  162  152  105  255  162  152  105  255  162  152  105  255  162  152  105  255  162  152  105  255  162  152  105  255  162  152  105  255  162  152  105  255  162  152  105  255  162  152  105  255  162  152  105  255  162  152  105  255  162  152  105  255  162  152  105  255  162  152  105  255  162  152  105  255  162  152  105  255  162  152  105  255  112   94   42  255
  168  168  129  255  162  152  105  255  162  152  105  255  162  152  105  255  162  152  105  255  162  152  105  255  162  152  105  255  162  152  105  255  162  152  105  255  162  152  105  255  162  152  105  255  162  152  105  255  162  152  105  255  162  152  105  255  162  152  105  255  162  152  105  255  162  152  105  255  162  152  105  255  162  152  105  255  162  152  105  255  162  152  105  255  162  152  105  255  162  152  105  255  162  152  105  255  162  152  105  255  162  152  105  255  162  152  105  255  112   94   42  255
  168  168  129  255  162  152  105  255  162  152  105  255  162  152  105  255  162  152  105  255  162  152  105  255  162  152  105  255  162  152  105  255  162  152  105  255  162  152  105  255  162  152  105  255  162  152  105  255  162  152  105  255  162  152  105  255  162  152  105  255  162  152  105  255  162  152  105  255  162  152  105  255  162  152  105  255  162  152  105  255  162  152  105  255  162  152  105  255  162  152  105  255  162  152  105  255  162  152  105  255  162  152  105  255  162  152  105  255  112   94   42  255
  168  168  129  255  162  152  105  255  162  152  105  255  162  152  105  255  162  152  105  255  162  152  105  255  162  152  105  255  162  152  105  255  162  152  105  255  162  152  105  255  162  152  105  255  162  152  105  255  162  152  105  255  162  152  105  255  162  152  105  255  162  152  105  255  162  152  105  255  162  152  105  255  162  152  105  255  162  152  105  255  162  152  105  255  162  152  105  255  162  152  105  255  162  152  105  255  162  152  105  255  162  152  105  255  162  152  105  255  112   94   42  255
  168  168  129  255  162  152  105  255  162  152  105  255  162  152  105  255  162  152  105  255  162  152  105  255  162  152  105  255  162  152  105  255  162  152  105  255  162  152  105  255  162  152  105  255  162  152  105  255  162  152  105  255  162  152  105  255  162  152  105  255  162  152  105  255  162  152  105  255  162  152  105  255  162  152  105  255  162  152  105  255  162  152  105  255  162  152  105  255  162  152  105  255  162  152  105  255  162  152  105  255  162  152  105  255  162  152  105  255  112   94   42  255
  168  168  129  255  162  152  105  255  162  152  105  255  162  152  105  255  162  152  105  255  162  152  105  255  162  152  105  255  162  152  105  255  162  152  105  255  162  152  105  255  162  152  105  255  162  152  105  255  162  152  105  255  162  152  105  255  162  152  105  255  162  152  105  255  162  152  105  255  162  152  105  255  162  152  105  255  162  152  105  255  162  152  105  255  162  152  105  255  162  152  105  255  162  152  105  255  162  152  105  255  162  152  105  255  162  152  105  255  112   94   42  255
  168  168  129  255  162  152  105  255  162  152  105  255  162  152  105  255  162  152  105  255  162  152  105  255  162  152  105  255  162  152  105  255  162  152  105  255  162  152  105  255  162  152  105  255  162  152  105  255  162  152  105  255  162  152  105  255  162  152  105  255  162  152  105  255  162  152  105  255  162  152  105  255  162  152  105  255  162  152  105  255  162  152  105  255  162  152  105  255  162  152  105  255  162  152  105  255  162  152  105  255  162  152  105  255  162  152  105  255  112   94   42  255
  168  168  129  255  162  152  105  255  162  152  105  255  162  152  105  255  162  152  105  255  162  152  105  255  162  152  105  255  162  152  105  255  162  152  105  255  162  152  105  255  162  152  105  255  162  152  105  255  162  152  105  255  162  152  105  255  162  152  105  255  162  152  105  255  162  152  105  255  162  152  105  255  162  152  105  255  162  152  105  255  162  152  105  255  162  152  105  255  162  152  105  255  162  152  105  255  162  152  105  255  162  152  105  255  162  152  105  255  112   94   42  255
  168  168  129  255  112   94   42  255  112   94   42  255  112   94   42  255  112   94   42  255  112   94   42  255  112   94   42  255  112   94   42  255  112   94   42  255  112   94   42  255  112   94   42  255  112   94   42  255  112   94   42  255  112   94   42  255  112   94   42  255  112   94   42  255  112   94   42  255  112   94   42  255  112   94   42  255  112   94   42  255  112   94   42  255  112   94   42  255  112   94   42  255  112   94   42  255  112   94   42  255  112   94   42  255  112   94   42  255  112   94   42  255
