   28   28
    6    3   10  255    4    2    7  255   10    5    9  255    5    5    7  255    1    4   11  255    0    3    8  255    8    0    0  255   11    3    1  255    8    8    6  255    3    4    6  255    9    2    9  255    9    0    0  255    8    0    0  255   43   35   16  255   45   35   25  255    6    1    0  255    5    3    8  255    3    4    9  255    4    4    4  255    4    4    2  255    2    1    0  255    7    6    4  255    4    4    6  255    2    3    7  255    4    4   12  255    0    3    8  255    1    5    6  255    3    7    6  255
    1    0    4  255    4    2    5  255    3    0    0  255    1    0    0  255    0    1    4  255    3    4    8  255    4    0    0  255    4    0    0  255    0    1    0  255    0    1    0  255    1    0    2  255    9    4    1  255    7    0    0  255   62   55   36  255   78   70   59  255    4    0    0  255    1    0    2  255    1    0    5  255    1    1    1  255    1    0    0  255    5    4    0  255    1    0    0  255    1    0    0  255    1    0    5  255    0    0    5  255    0    2    5  255    0    1    2  255    0    1    0  255
    2    2    4  255    0    0    0  255    5    1    0  255    3    0    0  255    0    0    0  255    0    0    0  255    4    0    0  255   67   64   55  255    0    3    0  255    0    5    0  255    0    1    0  255    1    0    0  255    3    1    0  255   62   59   40  255   81   75   63  255    4    0    0  255    1    0    0  255    0    0    0  255    1    0    0  255    4    1    0  255   62   59   54  255    3    0    0  255    3    0    0  255    3    1    2  255    3    3    5  255    0    0    2  255    0    4    5  255    0    1    2  255
    0    0    4  255    0    0    0  255    3    0    0  255    3    2    0  255    3    3    1  255    0    1    0  255    3    0    0  255   44   41   32  255   34   37   28  255    0    2    0  255    2    2    0  255    1    0    0  255    2    2    0  255   28   28   16  255   39   34   28  255    3    0    0  255    1    0    0  255    5    4    0  255    3    0    0  255   11    8    1  255   72   67   61  255    4    0    0  255    7    2    0  255    3    0    0  255    1    0    0  255    0    0    0  255    0    0    2  255    0    3    4  255
    3    0   11  255    3    0    7  255    2    0    1  255    0    0    0  255    0    2    0  255    0    2    0  255    3    2    0  255    3    0    0  255   88   85   80  255    5    0    0  255    7    0    0  255    9    0    2  255    7    3    4  255    1    0    0  255    1    0    2  255    1    0    0  255    1    0    0  255    1    1    0  255    3    0    0  255   87   82   76  255    6    0    0  255    6    2    0  255    5    0    0  255    3    0    0  255    2    1    0  255    8    8    6  255    0    0    2  255    0    1    5  255
    3    0    7  255    3    0    5  255    3    1    2  255    0    0    0  255    0    4    0  255    0    5    1  255    0    1    0  255    4    3    1  255    6    2    0  255    6    0    0  255   13    1    5  255    9    0    4  255    3    0    5  255    0    0    5  255    1    0    4  255    1    0    0  255    2    1    0  255    4    3    0  255    4    0    0  255    4    0    0  255    6    1    0  255    4    0    0  255    4    0    0  255    4    0    0  255    3    0    0  255    1    0    0  255    2    2    2  255    0    0    2  255
    6    0    2  255    7    3    2  255    3    0    0  255    3    3    0  255    0    1    0  255    0    1    0  255    0    3    4  255    0    1    2  255    0    1    0  255    3    3    3  255    3    0    2  255    3    0    2  255    3    2    8  255    2    1    6  255    1    0    0  255    6    2    0  255    1    1    1  255    0    0    2  255    2    0    5  255    3    0    4  255    3    0    2  255    4    0    0  255    7    2    0  255    6    1    0  255    3    0    0  255    4    3    0  255    1    1    0  255    0    0    0  255
    3    0    0  255    4    0    0  255   58   55   48  255   63   63   53  255    5    4    0  255    0    0    0  255    0    0    2  255    0    1    3  255    1    3    2  255    0    0    0  255    2    2    2  255    0    0    2  255    0    0    5  255    0    0    4  255    3    2    0  255    1    0    0  255    0    1    0  255    4    5    9  255    0    0    5  255    0    0    5  255    2    0    5  255    3    0    2  255    6    2    0  255    3    0    0  255   48   45   38  255   79   76   71  255    1    0    0  255    0    0    0  255
    1    3    2  255    0    0    0  255    2    3    0  255    9    9    1  255   85   82   77  255    7    2    0  255    3    0    0  255    3    0    0  255    3    0    0  255    3    2    0  255    2    1    0  255    0    0    2  255    0    0    5  255    3    2    7  255    0    0    0  255    1    2    0  255    0    1    0  255    0    1    2  255    0    1    6  255    1    2    7  255    0    0    4  255    0    0    2  255    1    0    0  255   73   70   65  255   30   27   22  255    5    1    0  255    3    0    0  255    5    3    6  255
    0    0    4  255    3    5    4  255    0    0    0  255    6    5    1  255    3    0    0  255    4    0    0  255    5    0    1  255    7    1    3  255    3    0    0  255    1    0    0  255    0    0    0  255    0    1    0  255    5    3    8  255    1    0    2  255    0    0    0  255    0    2    0  255    1    6    2  255    0    1    0  255    0    1    2  255    0    1    4  255    0    0    4  255    3    4    6  255    0    0    0  255    2    1    0  255    9    5    2  255    3    0    0  255    3    0    0  255    3    0    2  255
    4    1    8  255    1    0    2  255    0    0    0  255    0    0    0  255    1    0    0  255    3    1    2  255    3    0    2  255    1    0    0  255    1    1    0  255    0    2    0  255    0    5    1  255    0    2    1  255    4    0    1  255    5    0    0  255    3    4    0  255    0    3    0  255    0    2    0  255    4    6    1  255    0    1    0  255    0    1    0  255    2    4    3  255    0    2    1  255    0    0    0  255    2    1    0  255    3    0    0  255    4    0    0  255    7    1    3  255    4    0    0  255
    4    0    0  255    4    0    0  255    6    5    0  255    1    0    0  255    5    3    4  255    1    0    2  255    1    0    2  255    4    2    5  255    0    1    0  255    0    1    0  255    0    1    0  255    7    2    0  255   18    0    0  255   28    0    0  255   25    0    0  255   15    0    0  255    6    0    0  255    0    1    0  255    1    2    0  255    3    3    1  255    0    0    0  255    0    0    0  255    3    3    1  255    1    0    0  255    3    0    0  255    3    0    0  255    5    0    0  255    4    0    0  255
    6    0    0  255    4    1    0  255    4    1    0  255    3    0    0  255    3    0    0  255    6    1    7  255    6    1    7  255    1    0    4  255    0    1    5  255    0    0    2  255    3    0    0  255   19    0    0  255  108   43   37  255  171   84   77  255  174   86   76  255  104   36   27  255   20    0    0  255    5    0    0  255    3    0    0  255    3    0    0  255    1    0    0  255    7    5    6  255    2    1    0  255    3    2    0  255    3    0    0  255    4    1    0  255    6    2    0  255    8    2    0  255
   37   32   12  255   63   58   38  255   67   64   47  255   43   41   29  255    5    4    2  255    1    0    4  255    6    0    4  255    3    0    2  255    0    0    2  255    3    3    3  255    4    0    0  255   37    2    0  255  168   81   74  255   81    0    0  255   84    0    0  255  173   80   72  255   36    0    0  255    8    0    0  255    7    0    0  255    4    0    0  255    8    5    0  255    1    0    0  255    1    0    0  255    2    1    0  255   29   26   19  255   62   58   47  255   63   57   43  255   44   39   20  255
   31   25   13  255   69   65   53  255   66   64   51  255   37   37   27  255    0    0    0  255    0    0    2  255    3    0    0  255    3    0    0  255    0    1    0  255    1    3    0  255    3    0    0  255   36    3    0  255  169   81   71  255   81    0    0  255   81    0    0  255  168   78   69  255   61   19    3  255  147  132  113  255  124  113   93  255   60   53   34  255    5    2    0  255    3    1    0  255    6    3    0  255    3    0    0  255   31   26   20  255   69   65   56  255   69   63   51  255   46   40   24  255
    6    1    0  255    3    0    0  255    1    1    0  255    1    2    0  255    0    1    0  255    2    2    2  255    3    0    0  255    1    0    0  255    0    2    0  255    0    2    0  255    2    2    0  255   18    0    0  255  125   59   47  255  164   76   66  255  170   83   74  255  107   39   26  255   26    0    0  255   13    0    0  255   22   11    0  255   83   76   58  255  124  121  106  255    7    5    0  255    4    1    0  255    1    1    0  255    3    0    0  255    7    4    0  255    4    0    0  255    4    0    0  255
    2    2    2  255    0    0    0  255    1    1    1  255    0    0    0  255    0    0    0  255    1    0    0  255    2    1    0  255    2    1    0  255    0    0    0  255    2    2    0  255    2    1    0  255    7    0    0  255   19    0    0  255   35    3    0  255   33    1    0  255  115   88   71  255   17    2    0  255   11    4    0  255    7    0    0  255    7    1    3  255    4    0    1  255    1    1    0  255    0    1    0  255    0    1    0  255    1    0    0  255    1    0    0  255    4    1    0  255    4    1    0  255
    1    1    3  255    0    0    2  255    4    4    4  255    0    0    0  255    5    4    2  255    1    0    0  255    2    0    1  255    1    0    0  255    2    2    2  255    0    0    0  255    1    0    0  255    3    2    0  255    3    0    0  255    8    3    0  255    4    0    0  255   25   19    3  255  147  140  112  255   10    4    0  255    7    0    0  255    3    0    7  255    2    0    8  255    0    0    4  255    0    1    0  255    1    4    0  255    5    6    0  255    0    1    0  255    2    1    0  255    1    0    0  255
    1    0    0  255    5    4    0  255    1    0    0  255    1    0    0  255    3    0    0  255    3    0    0  255    3    2    0  255    1    0    0  255    1    1    1  255    1    1    3  255    0    0    2  255    1    0    2  255    1    0    0  255    3    0    0  255    3    0    0  255    6    0    0  255  128  121   95  255   36   28    5  255    7    0    0  255   11    5    9  255    3    0    4  255    0    0    2  255    4    5    0  255    4    5    0  255    1    0    0  255    1    0    0  255    3    0    0  255    5    1    0  255
    1    0    0  255    7    6    1  255    1    0    0  255   59   56   51  255   78   75   70  255    4    1    0  255    1    0    0  255    2    1    0  255    0    0    0  255    0    0    2  255    2    1    6  255    0    0    4  255    2    0    3  255    2    0    3  255    3    0    0  255   10    5    0  255   10    2    0  255  165  157  136  255    9    1    0  255    4    0    0  255    3    0    0  255    1    0    0  255    1    0    0  255   61   62   56  255   80   79   74  255    4    3    0  255    3    0    0  255    3    0    0  255
    3    0    0  255    3    0    0  255   76   73   68  255   16   11    7  255    7    2    0  255    3    0    0  255    2    1    0  255    1    0    0  255    3    3    3  255    0    0    2  255    0    1    5  255    0    0    4  255    0    0    4  255    2    1    6  255    1    0    2  255    3    0    0  255    7    0    0  255   80   71   54  255   90   84   62  255    4    1    0  255    5    2    0  255    3    1    2  255    1    0    0  255    1    0    0  255    3    0    0  255   70   67   58  255    5    1    0  255    3    0    2  255
    6    2    1  255    5    1    0  255    7    2    0  255    4    0    0  255    4    0    0  255   10    6    3  255    1    0    0  255    1    0    0  255    0    0    0  255    2    2    2  255    0    1    3  255    0    0    2  255    0    0    2  255    1    1    3  255    3    1    4  255    3    0    0  255    6    0    0  255    9    1    0  255  166  162  137  255    8    6    0  255    3    0    0  255    3    0    0  255    7    5    8  255    3    1    2  255    3    0    0  255    5    2    0  255    3    0    0  255    3    0    2  255
    1    0    4  255    1    0    2  255    3    0    0  255    4    0    1  255    7    3    2  255    3    0    0  255    1    0    0  255    6    5    1  255   19   19   17  255    0    0    0  255    1    1    0  255    0    0    0  255    5    4    0  255    1    0    0  255    3    0    0  255    4    1    0  255    9    1    0  255    6    0    0  255   13    8    0  255   22   20    0  255    6    4    0  255    4    0    0  255    1    0    0  255    1    0    0  255    1    0    0  255    1    0    0  255    3    1    2  255    1    0    2  255
    0    0    5  255    3    2    8  255    2    0    5  255    1    0    2  255    3    0    0  255    6    2    1  255    1    0    0  255    1    0    0  255   90   91   86  255    0    1    0  255    1    2    0  255    1    0    0  255    1    1    0  255    3    0    0  255    3    0    0  255    4    0    0  255    4    0    0  255    6    1    0  255    5    1    0  255   79   77   62  255    4    2    0  255    1    0    0  255    1    0    0  255    5    3    6  255    1    0    2  255    0    0    0  255    1    0    0  255    0    0    0  255
    0    0    8  255    0    1    6  255    0    0    4  255    1    1    3  255    1    0    0  255    1    0    0  255    1    0    0  255   74   73   68  255    8    9    3  255    1    2    0  255    1    1    0  255    1    1    0  255    5    3    0  255   58   54   43  255   72   66   54  255    6    0    0  255    3    0    0  255    4    0    1  255    3    0    0  255    3    3    0  255   85   85   75  255    2    2    0  255    2    0    1  255    0    0    4  255    0    0    5  255    0    0    4  255    0    0    0  255    0    1    0  255
    0    0    5  255    0    3    8  255    0    0    4  255    0    1    3  255    0    0    0  255    2    1    0  255    1    0    0  255   33   32   27  255    0    1    0  255    0    1    0  255    3    3    0  255    3    0    0  255    4    0    0  255   61   55   43  255   78   70   59  255    7    0    0  255    3    0    0  255    1    0    4  255    1    0    0  255    1    0    0  255   34   34   26  255    1    1    0  255    2    2    4  255    0    0    5  255    0    0    7  255    0    0    5  255    0    1    0  255    0    1    0  255
    0    2    2  255    0    3    4  255    0    1    0  255    0    1    0  255    0    0    0  255    1    2    0  255    2    3    0  255    0    1    0  255    2    1    0  255    1    0    0  255    4    1    0  255    3    0    0  255    4    0    0  255   69   62   52  255   83   75   64  255    6    0    0  255    1    0    2  255    0    0    5  255    2    2    4  255    0    0    0  255    0    1    0  255    0    1    0  255    2    1    6  255    0    0    7  255    0    0    8  255    0    2    5  255    0    3    0  255    0    3    0  255
    0    5    3  255    0    5    3  255    1    3    0  255    4    6    3  255    2    3    0  255    2    3    0  255    8    9    4  255    1    2    0  255    4    3    0  255    7    6    2  255    5    2    0  255    9    6    0  255   10    3    0  255   12    5    0  255   16    6    0  255   10    3    0  255    4    2    5  255    0    1    6  255    5    4    9  255    3    3    3  255    3    4    0  255    5    6    1  255    2    1    6  255    2    2   10  255    2    2   10  255    0    4    7  255    0    5    1  255    0    5    0  255
