   28   28
    0    0    0    0    0    0    0    0    0    0    0    0    0    0    0    0    0    0    0    0    0    0    0    0    0    0    0    0    0    0    0    0    0    0    0    0    0    0    0    0    0    0    0    0    0    0    0    0    0    0    0    0    0    0    0    0    0    0    0    0    0    0    0    0    0    0    0    0    0    0    0    0    0    0    0    0    0    0    0    0    0    0    0    0    0    0    0    0    0    0    0    0    0    0    0    0    0    0    0    0    0    0    0    0    0    0    0    0    0    0    0    0
    0    0    0    0    0    0    0    0    0    0    0    0    0    0    0    0    0    0    0    0    0    0    0    0    0    0    0    0    0    0    0    0    0    0    0    0   25   25   25   10   34   34   34   15   32   26   26  203   34   27   27  255   34   27   27  255   34   27   27  255   34   27   27  255   33   26   26  221   34   34   34   15   23   23   23   11    0    0    0    0    0    0    0    0    0    0    0    0    0    0    0    0    0    0    0    0    0    0    0    0    0    0    0    0    0    0    0    0    0    0    0    0
    0    0    0    0    0    0    0    0    0    0    0    0    0    0    0    0    0    0    0    0    0    0    0    0    0    0    0    0    0    0    0    0   28   28   28   18   48   35   38  174   44   30   31  255  127   30   30  255  150   30   31  255  150   30   31  255  150   30   31  255  150   30   31  255  135   30   30  255   41   27   27  255   40   25   25  191   25   25   25   20    0    0    0    0    0    0    0    0    0    0    0    0    0    0    0    0    0    0    0    0    0    0    0    0    0    0    0    0    0    0    0    0
    0    0    0    0    0    0    0    0    0    0    0    0    0    0    0    0    0    0    0    0    0    0    0    0    0    0    0    0   22   22   22   23   43   26   26  165  160   68   86  255  174   48   58  255  203   50   68  255  217   54   77  255  217   54   77  255  217   54   77  255  217   54   77  255  208   51   71  255  154   31   33  255  118   30   31  255   26   26   26  164    0    0    0    0    0    0    0    0    0    0    0    0    0    0    0    0    0    0    0    0    0    0    0    0    0    0    0    0    0    0    0    0
    0    0    0    0    0    0    0    0    0    0    0    0    0    0    0    0    0    0    0    0    0    0    0    0   29   29   29   26   48   24   24  158  114   30   31  255  196   48   65  255  217   58   81  255  223   92  120  255  225  101  131  255  225  101  131  255  225  101  131  255  225  101  131  255  224   95  124  255  217   55   78  255  169   39   54  255   49   27   26  186   29   29   29   35    0    0    0    0    0    0    0    0    0    0    0    0    0    0    0    0    0    0    0    0    0    0    0    0    0    0    0    0
    0    0    0    0    0    0    0    0    0    0    0    0    0    0    0    0    0    0    0    0   28   28   28   27   51   26   26  153  112   30   32  255  194   49   65  255  222   87  114  255  225  101  131  255  225  101  131  255  225  101  131  255  225  101  131  255  225  101  131  255  225  101  131  255  225  101  131  255  223   89  117  255  194   39   54  255  100   28   26  255   26   26   26  146    0    0    0    0    0    0    0    0    0    0    0    0    0    0    0    0    0    0    0    0    0    0    0    0    0    0    0    0
    0    0    0    0    0    0    0    0    0    0    0    0    0    0    0    0    0    0    0    0   28   28   28   91   76   27   27  255  178   36   45  255  221   77  103  255  225  101  131  255  225  101  131  255  225  101  131  255  225  101  131  255  225  101  131  255  225  101  131  255  225  101  131  255  225  101  131  255  223   89  117  255  194   39   54  255  100   28   26  255   26   26   26  146    0    0    0    0    0    0    0    0    0    0    0    0    0    0    0    0    0    0    0    0    0    0    0    0    0    0    0    0
    0    0    0    0    0    0    0    0    0    0    0    0    0    0    0    0    0    0    0    0   28   28   28   91   76   27   27  255  178   36   45  255  221   77  103  255  225  101  131  255  225  101  131  255  225  101  131  255  225  101  131  255  225  101  131  255  225  101  131  255  225  101  131  255  225   98  127  255  220   70   95  255  203   41   59  255  138   32   37  255   62   26   26  192   25   25   25  108   25   25   25  108   26   26   26   39    0    0    0    0    0    0    0    0    0    0    0    0    0    0    0    0
    0    0    0    0    0    0    0    0    0    0    0    0    0    0    0    0    0    0    0    0   28   28   28   91   76   27   27  255  178   36   45  255  221   77  103  255  225  101  131  255  225  101  131  255  225  101  131  255  225  101  131  255  225  101  131  255  225  101  131  255  225  101  131  255  224   97  126  255  220   72   97  255  220   72   97  255  205   59   79  255  152   36   45  255  100   31   36  255   51   27   27  255   27   27   27   92    0    0    0    0    0    0    0    0    0    0    0    0    0    0    0    0
    0    0    0    0    0    0    0    0    0    0    0    0    0    0    0    0    0    0    0    0   28   28   28   91   76   27   27  255  178   36   45  255  221   77  103  255  225  101  131  255  225  101  131  255  221   77  103  255  220   70   95  255  220   70   95  255  220   70   95  255  220   70   95  255  220   70   95  255  220   70   95  255  220   70   95  255  218   61   85  255  215   44   65  255  198   40   56  255  151   36   48  255   77   29   38  181   25   25   25   40    0    0    0    0    0    0    0    0    0    0    0    0
    0    0    0    0    0    0    0    0    0    0    0    0    0    0    0    0    0    0    0    0   28   28   28   91   76   27   27  255  178   36   45  255  217   57   80  255  219   66   91  255  219   66   91  255  181   41   52  255  170   34   41  255  170   34   41  255  170   34   41  255  170   34   41  255  170   34   41  255  170   34   41  255  170   34   41  255  170   34   41  255  170   34   41  255  170   34   41  255  170   34   41  255   79   29   33  255   27   27   27   74    0    0    0    0    0    0    0    0    0    0    0    0
    0    0    0    0    0    0    0    0    0    0    0    0    0    0    0    0    0    0    0    0   28   28   28   91   76   27   27  255  153   31   32  255  194   39   54  255  184   37   48  255  166   33   39  255   87   28   29  255   65   27   27  255   65   27   27  255   65   27   27  255   65   27   27  255   65   27   27  255   65   27   27  255   65   27   27  255   65   27   27  255   65   27   27  255   65   27   27  255   65   27   27  255   50   27   27  147   30   30   30   25    0    0    0    0    0    0    0    0    0    0    0    0
    0    0    0    0    0    0    0    0    0    0    0    0    0    0    0    0    0    0    0    0   30   30   30   25   49   25   25  149  100   27   27  255  152   30   32  255   95   29   31  255   58   27   27  255   34   27   27  255  123   92   72  255  151  114   90  255  139  103   79  255  139  103   79  255  146  116   95  255  158  158  158  255   59   49   42  255   99   76   60  255   27   27   27  176   25   25   25   70   25   25   25   70   30   30   30   25    0    0    0    0    0    0    0    0    0    0    0    0    0    0    0    0
    0    0    0    0    0    0    0    0    0    0    0    0    0    0    0    0    0    0    0    0    0    0    0    0   22   22   22   23   46   26   26  155   51   27   27  255   46   25   17  255   46   25   10  255   31   26   23  255  159  117   89  255  197  147  114  255  233  177  144  255  233  177  144  255  236  187  159  255  245  245  245  255  203  188  179  255  135  103   82  255   26   26   26  146    0    0    0    0    0    0    0    0    0    0    0    0    0    0    0    0    0    0    0    0    0    0    0    0    0    0    0    0
    0    0    0    0    0    0    0    0    0    0    0    0    0    0    0    0    0    0    0    0    0    0    0    0    0    0    0    0   26   26   26  127   39   25   16  255   50   24    6  255   52   24    5  255   32   26   22  255  159  117   89  255  197  147  114  255  247  189  156  255  247  189  156  255  247  190  158  255  248  199  171  255  234  184  155  255  137  105   84  255   26   26   26  146    0    0    0    0    0    0    0    0    0    0    0    0    0    0    0    0    0    0    0    0    0    0    0    0    0    0    0    0
    0    0    0    0    0    0    0    0    0    0    0    0    0    0    0    0    0    0    0    0    0    0    0    0    0    0    0    0   21   21   21   12   26   26   24  155   44   25   12  255   52   24    5  255   32   26   22  255  159  117   89  255  183  133  100  255  203  152  119  255  247  189  156  255  247  189  156  255  247  189  156  255  233  177  144  255  137  105   84  255   26   26   26  146    0    0    0    0    0    0    0    0    0    0    0    0    0    0    0    0    0    0    0    0    0    0    0    0    0    0    0    0
    0    0    0    0    0    0    0    0    0    0    0    0    0    0    0    0    0    0    0    0    0    0    0    0    0    0    0    0    0    0    0    0   26   26   26  145   28   27   27  255   28   27   26  255   27   27   27  255   31   30   29  255  170  124   94  255  182  133  100  255  200  149  116  255  200  149  116  255  200  149  116  255  152  115   92  255   32   30   29  167   51   51   51    5    0    0    0    0    0    0    0    0    0    0    0    0    0    0    0    0    0    0    0    0    0    0    0    0    0    0    0    0
    0    0    0    0    0    0    0    0    0    0    0    0    0    0    0    0    0    0    0    0    0    0    0    0    0    0    0    0    0    0    0    3   29   27   27  148   28   28   27  255   27   27   27  255  173   40   56  255  213   44   64  255   46   28   31  255   27   27   27  255   27   27   27  255   27   27   27  255   27   27   27  255   26   26   26  182    0    0    0    0    0    0    0    0    0    0    0    0    0    0    0    0    0    0    0    0    0    0    0    0    0    0    0    0    0    0    0    0    0    0    0    0
    0    0    0    0    0    0    0    0    0    0    0    0    0    0    0    0    0    0    0    0   31   31   31    8   22   22   22   23   34   31   29  139   90   70   56  255   64   52   44  255   34   27   27  255  111   28   26  255  140   28   26  255  204   42   59  255   27   26   26  255   45   40   37  255   45   40   36  255   39   36   33  255   25   25   25  189   22   22   22   23   22   22   22   23   22   22   22   23   25   25   25   10    0    0    0    0    0    0    0    0    0    0    0    0    0    0    0    0    0    0    0    0
    0    0    0    0    0    0    0    0    0    0    0    0    0    0    0    0   23   23   23   11   28   28   28  115   27   27   27  255   78   62   51  255  130   97   75  255   64   52   44  255  108   28   26  255   64   27   27  255  113   28   26  255  122   26   25  255   50   41   36  255  231  174  139  255  222  164  127  255  145  108   82  255   27   27   27  255   27   27   27  255   27   27   27  255   27   27   27  255   27   27   27  132   18   18   18   14    0    0    0    0    0    0    0    0    0    0    0    0    0    0    0    0
    0    0    0    0    0    0    0    0    0    0    0    0   23   23   23   11   27   27   27  111   27   27   27  255   27   27   27  255   67   55   46  255  108   82   65  255   56   47   40  255   91   28   26  255  136   28   26  255   64   27   27  255   17   16   17  255  243  183  144  255  247  189  155  255  193  146  118  255   55   47   41  255   27   27   27  255   27   27   27  255   27   27   27  255   27   27   27  255   27   27   27  255   28   28   28  126   31   31   31   16    0    0    0    0    0    0    0    0    0    0    0    0
    0    0    0    0    0    0    0    0   25   25   25   10   28   28   28  108   27   27   27  255   27   27   27  255   40   27   27  255   42   27   27  255   25   42   29  255   24   53   31  255   26   35   28  255   93   28   26  255  110   28   26  255   24   19   20  255  154  114   87  255  221  164  127  255  198  146  112  255  163  121   93  255   26   32   27  255   24   39   27  255   27   27   27  255   27   27   27  255   27   27   27  255   27   27   27  255   26   26   26  123   34   34   34   15    0    0    0    0    0    0    0    0
    0    0    0    0    0    0    0    0   28   28   28   36   27   27   27  255   27   27   27  255   41   27   27  255   98   27   27  255   84   28   26  255   20   82   34  255   15  124   40  255   24   55   31  255   27   27   27  255   27   27   27  255   27   27   27  255   27   27   27  255  144  107   82  255  144  107   82  255  118   95   70  255   17   64   27  255   15   72   28  255   40   27   27  255   57   27   27  255   57   27   27  255   38   27   27  255   27   27   27  255   27   27   27   55    0    0    0    0    0    0    0    0
    0    0    0    0   36   36   36    7   27   27   27  122   27   27   27  255   27   27   27  255   78   29   32  255  170   34   41  255  121   31   34  255   42   61   31  255   20   86   35  255   25   44   29  255   27   27   27  255   27   27   27  255   27   27   27  255   27   27   27  255   27   27   27  255   27   27   27  255   25   36   27  255   15   70   28  255   32   54   28  255   89   27   27  255  126   28   26  255  121   28   26  255   59   27   27  255   27   27   27  255   26   26   26  133   36   36   36   14    0    0    0    0
    0    0    0    0   28   28   28   18   27   27   27  255   27   27   27  255   27   27   27  255   64   30   35  255  152   36   48  255  178   36   46  255  139   35   44  255  112   35   44  255   88   30   32  255   79   27   27  255   34   27   27  255   27   27   27  255   27   27   27  255   27   27   27  255   33   27   27  255   68   27   27  255   71   27   27  255   96   27   27  255  133   28   26  255  136   28   26  255  122   28   26  255   59   27   27  255   27   27   27  255   27   27   27  255   27   27   27   37    0    0    0    0
    0    0    0    0   28   28   28   18   27   27   27  255   27   27   27  255   27   27   27  255   27   27   27  255   51   27   27  255  130   31   36  255  177   36   45  255  177   36   45  255  151   30   31  255  141   28   26  255   43   27   27  255   27   27   27  255   27   27   27  255   27   27   27  255   33   27   27  255   81   27   27  255  120   28   26  255  129   28   26  255  129   28   26  255  100   28   26  255   71   27   27  255   43   27   27  255   27   27   27  255   27   27   27  255   27   27   27   37    0    0    0    0
    0    0    0    0   31   31   31    8   27   27   27  129   27   27   27  255   27   27   27  255   27   27   27  255   27   27   27  255   51   27   27  255   76   27   27  255   76   27   27  255   76   27   27  255   76   27   27  255   34   27   27  255   27   27   27  255   27   27   27  255   27   27   27  255   27   27   27  255   35   27   27  255   65   27   27  255   65   27   27  255   65   27   27  255   46   27   27  255   27   27   27  255   27   27   27  255   27   27   27  255   27   27   27  140   31   31   31   16    0    0    0    0
    0    0    0    0    0    0    0    0   28   28   28   36   27   27   27  255   27   27   27  255   27   27   27  255   27   27   27  255   27   27   27  255   27   27   27  255   27   27   27  255   27   27   27  255   27   27   27  255   27   27   27  255   27   27   27  255   27   27   27  255   27   27   27  255   27   27   27  255   27   27   27  255   27   27   27  255   27   27   27  255   27   27   27  255   27   27   27  255   27   27   27  255   27   27   27  255   27   27   27  255   27   27   27   55    0    0    0    0    0    0    0    0
