   28   28
    0    0    0    0    0    0    0    0    0    0    0    0    0    0    0    0    0    0    0    0    0    0    0    0    0    0    0    0    0    0    0    0    0    0    0    0    0    0    0    0    0    0    0    0    0    0    0    0    0    0    0    0    0    0    0    0    0    0    0    0    0    0    0    0    0    0    0    0    0    0    0    0    0    0    0    0    0    0    0    0    0    0    0    0    0    0    0    0    0    0    0    0    0    0    0    0    0    0    0    0    0    0    0    0    0    0    0    0    0    0    0    0
    0    0    0    0    0    0    0    0    0    0    0    0    0    0    0    0    0    0    0    0  173   30   40   25  204   51   51    5    0    0    0    0  102    0   51    5  117   19   29   26    0    0    0    0   76   12   12   20   76   25   25   10  123   16   24   31   63   14   14   36   63   12   16  188    0    0    0    0    0    0    0    0  153   25   25   20  153   25   25   10  115   16   24   31    0    0    0    0  102    0    0    5   89   17   20   88   99   16   23  141  119   17   34   15  163   20   30   25  153    0   51    5
    0    0    0    0    0    0    0    0  157   24   36   21  163   24   30   42  174   31   37   41  169   28   39  150  176   29   39   26  131   17   28   72  107   19   29   26  116   18   25  151  101   17   20   73   75   13   17  176   75   13   17   74  120   17   24  156   64   12   15  182   65   12   16   62   84   12   24   21   91   18   18   42  144   22   29  104  144   19   28   53  114   17   24  156    0    0    0    1   70   13   18   98   79   13   18  203  112   17   25  120  131   19   27  120  161   22   32  150  156   19   39   26
    0    0    0    0   95   16   21   93  157   24   30   42  137   19   29  130  143   25   31  130  170   29   38  120  121   21   25  109  129   19   27  146  119   17   34   15  119   17   25  119  103   15   22  146   80   13   18  208   91   15   20  151   95   15   15   16   63   14   16  108   63   12   16  141   78   13   18  150   96   15   21  192  113   16   27   47  145   19   29   77  119   18   25  109   86   14   21  109   68   11   15  240   84   15   18  178  102   15   22  192  141   19   29  130  151   18   30   42    0    0    0    0
    0    0    0    0   94   16   21   94    0    0    0    0   92   16   21   47  147   27   37  130  172   31   40  120  151   28   35  234  255    0    0    1  165   30   40  140  125   21   29  120  150   30   39   83  133   28   35  145  112   21   28  152  176   45   54  140   64   13   16  110  137   25   33  161  115   21   28  255  117   18   26  193  151   27   35  130  163   28   37  223  140   23   32  255  122   23   30  255   82   15   19  115  148   34   43  177  132   29   36  193  158   31   41  130  182   36   48   42    0    0    0    0
    0    0    0    0    0    0    0    0   93   19   19   52   95   15   22  181  156   34   43  223  179   35   46  203  174   34   42   89  198   52   63  181  192   48   59  245  185   44   54  202  168   30   41  223  173   34   45  223  175   37   48   74  193   47   58  218  169   29   39  182  162   28   38  229  157   28   38  126  173   33   44  223  190   44   56  223  184   40   50  126  183   43   53  229  166   31   41  255  171   30   39  192  181   42   52  255  194   50   61  223  182   37   49  223  172   31   40  203  176   29   39   26
    0    0    0    0   85   14   20  187  174   38   48   73  169   36   45  162  142   22   33  161  152   25   35  100  204   51   51    5  206   60   71  254  210   64   75  255  191   42   54  193  188   43   52  130  198   49   60  255  213   67   79  229  209   63   74  250  167   26   40   38  187   40   50  250  189   40   51  229  190   43   54  255  203   56   67  255  212   65   76  229  207   65   75  250  200   56   67  255  193   45   56  255  199   51   62  255  200   52   63  255  199   53   64  255  189   41   52  255  192   41   55   37
    0    0    0    0    0    0    0    1   62   13   17   73   64   13   16  255   99   16   22  255  181   45   55  254  217   72   83  254  228   86   96  255  197   49   60  255  231   89   99  255  221   76   87  254  219   73   84  255  226   83   93  255  225   82   93  255  224   81   92  254  210   61   72  255  213   64   75  255  215   67   78  255  223   79   90  255  232   90  100  255  233   92  102  255  225   81   92  255  217   71   82  255  222   78   89  255  227   84   94  255  220   75   86  255  217   70   81  255  213   68   82   37
    0    0    0    0  191   56   70   36  193   57   67  182  194   63   70  109  170   47   56  255  159   38   46   99  203   54   66  223  220   75   86  255  230   90  100  255  234   97  106  255  231   89   99  255  229   88   98  255  233   94  103  255  234   96  106  255  234  101  110  255  221   84   94  255  230   91  101  255  230   91  101  255  232   93  103  255  234   95  105  255  233   93  103  255  233   92  102  255  229   87   97  255  230   91  101  255  234   96  106  255  231   93  103  255  228   88   99  255  227   89   96   37
    0    0    0    0  101   17   23   88   72   13   17  130   70   14   18  109  150   58   65  255  195   60   71  203  199   52   63  244  218   76   86  255  233  105  113  255  238  121  130  255  233   92  102  255  235  100  110  255  239  124  133  255  241  134  142  255  242  153  159  255  238  156  162  255  241  135  142  255  241  135  142  255  241  135  142  255  239  125  133  255  236  106  115  255  233   92  102  255  233   94  104  255  237  113  123  255  240  133  141  255  241  135  142  255  241  139  147  255  241  144  144   37
    0    0    0    0  121   18   25  141  162   23   33   77   79   25   28  109  122   27   34  255  162   28   38  151  197   49   58  234  217   70   81  255  229   90  100  255  237  116  125  255  234   96  106  255  236  112  121  255  242  146  153  255  245  169  174  255  242  167  172  255  244  170  175  255  245  177  182  255  245  174  179  255  245  179  183  255  243  170  175  255  240  132  139  255  234   96  106  255  235  100  110  255  240  132  141  255  244  162  167  255  245  171  176  255  245  177  181  255  241  179  179   37
    0    0    0    0  170   17   34   15  159   21   31  120  140   25   33  192  159   34   43  255  174   33   43  152  191   43   54  234  217   70   81  255  223   82   92  255  240  129  137  255  239  126  134  255  238  119  128  255  242  151  157  255  245  174  179  255  243  185  189  255  244  191  194  255  245  208  210  255  245  189  193  255  245  203  206  255  245  211  213  255  244  181  185  255  239  128  136  255  237  110  119  255  240  137  145  255  244  167  172  255  245  176  181  255  245  192  195  255  241  199  199   37
    0    0    0    0  117   19   29   26  125   18   25  150  136   20   28  151  144   25   33  152  193   45   56  150  205   58   68  244  223   78   89  255  220   77   88  255  241  135  142  255  243  156  163  255  241  147  154  255  243  183  187  255  244  204  206  255  244  200  203  255  244  206  209  255  245  235  236  255  245  218  219  255  245  226  227  255  245  232  233  255  245  219  221  255  244  176  181  255  241  140  147  255  242  166  172  255  244  199  202  255  244  205  207  255  245  216  217  255  241  220  220   37
    0    0    0    0  102    0   51    5  103   17   22   89   99   16   23  141  160   41   50  140  193   52   63  244  217   71   82  255  228   85   95  255  232   93  103  255  241  150  157  255  245  217  218  255  245  212  214  255  245  233  234  255  245  241  241  255  245  239  240  255  245  240  241  255  245  244  244  255  245  242  242  255  245  243  243  255  245  244  244  255  245  242  243  255  245  228  229  255  244  207  209  255  245  223  225  255  245  240  240  255  245  241  241  255  245  242  242  255  241  241  241   37
    0    0    0    0   77   14   21   36   77   14   18  182    0    0    0    1  160   36   45  145  159   33   44   75  204   56   66  218  220   75   86  255  233   93  103  255  237  116  125  255  243  164  170  255  245  194  198  255  245  227  227  255  245  244  244  255  245  245  245  255  244  219  221  255  245  245  245  255  245  245  245  255  245  245  245  255  245  245  245  255  245  245  245  255  244  215  217  255  245  182  186  255  245  208  210  255  245  239  239  255  245  245  245  255  245  245  245  255  241  241  241   37
    0    0    0    0    0    0    0    0   64   12   16   63   67   11   16  219   82   15   19  115  169   29   40  191  191   44   54  224  218   72   83  255  234   98  108  255  237  120  128  255  243  178  183  255  244  203  205  255  244  207  210  255  245  222  223  255  245  245  245  255  245  229  230  255  245  228  229  255  244  211  214  255  245  224  225  255  245  242  242  255  245  245  245  255  244  207  209  255  246  190  194  255  244  211  213  255  245  226  227  255  245  222  223  255  245  222  223  255  241  227  227   37
    0    0    0    0    0    0    0    0  109   12   24   21  115   17   24   73  144   27   36  176  171   35   45  255  198   56   64   99  222   78   89  254  237  124  133  255  241  150  157  255  242  162  167  255  243  172  177  255  244  217  219  255  245  211  214  255  245  231  232  255  245  230  231  255  245  208  210  255  245  174  179  255  244  196  199  255  245  228  229  255  245  241  241  255  244  209  211  255  244  170  175  255  244  194  197  255  245  215  217  255  245  190  194  255  245  194  197  255  241  199  199   37
    0    0    0    0  145   21   30   93  115   18   24   42  121   18   26  193  147   25   34  255  181   41   51  178  210   66   76  239  224   79   90  255  233   94  103  255  237  111  120  255  241  143  149  255  244  190  194  255  244  198  201  255  245  179  184  255  245  186  190  255  245  180  184  255  242  158  164  255  239  126  134  255  241  148  155  255  244  189  192  255  245  222  224  255  244  186  190  255  237  125  132  255  240  144  151  255  244  173  178  255  245  173  178  255  245  175  180  255  248  172  179   37
    0    0    0    0  146   21   29   94  145   18   30   42  132   26   34  192  151   32   40  255  187   43   54  177  210   64   74  239  230   89   99  255  234   96  105  255  240  129  136  255  244  175  179  255  243  201  204  255  240  163  169  255  241  143  150  255  244  165  170  255  241  140  147  255  238  120  129  255  237  109  119  255  240  131  139  255  244  172  177  255  245  198  201  255  238  153  159  255  223   88   97  255  229  102  111  255  239  131  139  255  243  155  162  255  243  153  159  255  241  144  151   37
    0    0    0    0  107   19   29   26  118   18   25  150  121   23   30  151  171   53   61  255  208   64   74  126  201   54   65  229  230   86   96   74  231   92  102  255  241  135  142  255  245  176  181  255  241  182  186  255  235  128  135  255  237  114  123  255  243  146  152  255  237  112  122  255  232   94  104  255  230   95  105  255  235  115  123  255  238  140  146  255  237  145  152  255  229  118  126  255  215   74   84  255  221   78   88  255  233  101  111  255  241  133  140  255  241  132  139  255  241  124  137   37
    0    0    0    0  102    0   51    5   97   14   22   89   94   16   19  141  179   62   68   37  178   35   46  166  186   40   52   63  213   64   75  217  230   91  101  255  238  115  124  255  235  116  124  255  234  116  125  255  233   95  105  255  233   94  104  255  236  107  116  255  233   93  103  255  225   81   91  255  215   68   78  255  223   83   94  255  230   96  106  255  219   84   93  255  220   83   92  255  224   81   92  255  228   86   96  255  233   93  103  255  235  101  111  255  236  105  114  255  234  103  110   37
    0    0    0    0    0    0    0    0    0    0    0    0  100   25   32  109   99   27   32  110  195   46   57  181  191   43   54  254  255    0    0    2  226   84   94  255  222   76   87  255  226   83   93  255  222   76   87  255  231   89   99  255  219   73   84  255  220   75   86  255  216   70   81  255  195   45   56  255  204   53   64  255  211   63   74  255  217   70   81  255  206   55   66  255  191   42   53  255  218   72   83  255  227   84   95  255  231   89   99  255  223   80   90  255  218   71   82  255  213   68   82   37
    0    0    0    0   51    0    0    5   63   14   17   88   65   12   16  141  134   25   34  140  143   25   34   89  187   41   51  223  209   60   71  219  199   49   60  250  197   46   58  219  188   41   52  234  199   54   65  255  216   76   86  255  219   76   86  224  203   53   64  219  171   38   49   67  195   48   59  255  190   44   53  161  197   47   60  160  192   43   54  255  194   45   56  255  194   46   57  255  204   54   66  224  212   70   80  255  216   77   87  161  204   55   66  160  205   57   68  255  199   55   68   37
    0    0    0    0   72   14   17   88   64   13   15  151   63   12   17  120   95   19   23  120  141   23   32  150  156   29   38  244  255    0    0    1  162   28   37  229  143   31   38   73  179   48   59  151  163   40   48  214  148   37   45  234  131   25   33   99   62   13   17   73  140   26   34  193  125   23   31  255  138   23   32  255  163   29   39  214  166   29   39  234  145   24   33  255  131   25   33  255   92   17   23   88  154   36   45  203  155   38   47  255  170   36   46  255  177   33   45  203  186   39   49   26
    0    0    0    0   76   14   18  126   60   12   18   42   64   13   15  130  121   23   31  130  112   19   25  120  112   16   23  141  145   21   30  109  143   20   29  146  143   31   38  146  182   60   70  193  157   57   64  110   95   14   22  104  117   17   24  146   64   12   15  146   64   13   15  114   77   12   17  178   97   15   20  209  113   20   24   63  147   22   29  104  117   18   25  239   84   15   19  147   67   11   16  219   94   17   20   73  102   17   23  209  139   19   27  146  151   18   30   42    0    0    0    0
    0    0    0    0    0    0    0    0  115   18   24   42   96   15   21  130   65   16   16   47   91   16   19   78  111   16   23  140  143   20   30  110  109   24   24   21  115   17   24  104   65   10   16   47   74   13   17  130   89   15   21  145   97   12   24   21   65   12   15  145   64   12   16  219   90   16   24   31   89   16   20   63  144   21   30   83  145   18   30   42  114   17   24  218    0    0    0    1   68   11   17  115   81   15   18  135  108   16   24  125  121   20   24   63  163   22   32  103  157   24   36   21
    0    0    0    0    0    0    0    0  121   12   24   21  115   18   24   42    0    0    0    0    0    0    0    0  113   16   24   63    0    0    0    0  142   21   30  166  115   19   24   53    0    0    0    0   78   12   18   42   89   13   20   74   92   23   23   11   66   13   17   73   63   14   14   89   67   11   15  129    0    0    0    0  145   18   30   42  145   24   36   21  113   16   24   63   85   15   19  181   76   25   25   10   84   14   19  105  101   16   22  135  119   15   23   32  161   24   34   52  162   23   23   11
    0    0    0    0    0    0    0    0    0    0    0    0    0    0    0    0    0    0    0    0    0    0    0    0    0    0    0    0    0    0    0    0  143   23   31   32    0    0    0    0    0    0    0    0    0    0    0    0    0    0    0    0    0    0    0    0    0    0    0    0   51    0    0    5   68    9   19   26    0    0    0    0    0    0    0    0    0    0    0    0    0    0    0    0   82   13   20   37    0    0    0    0   92   23   23   11   97   12   24   21    0    0    0    0    0    0    0    0    0    0    0    0
