   28   28
    0    0    0    0    0    0    0    0    0    0    0    0    0    0    0    0    0    0    0    0    0    0    0    0    0    0    0    0    0    0    0    0    0    0    0    0    0    0    0    0    0    0    0    0    0    0    0    0    0    0    0    0    0    0    0    0    0    0    0    0    0    0    0    0    0    0    0    0    0    0    0    0    0    0    0    0    0    0    0    0    0    0    0    0    0    0    0    0    0    0    0    0    0    0    0    0    0    0    0    0    0    0    0    0    0    0    0    0    0    0    0    0
    0    0    0    0   24   74  156   31   22   68  151  167   21   63  134   36   21   70  155   36   25   74  165  191   29   84  186  255   57  116  225  255   77  135  242  255  118  165  255  255  151  186  255  255  170  198  255  255  198  216  251  255  233  235  239  255  237  237  237  255  204  220  249  255  172  200  255  255  150  186  255  255  125  171  255  255  107  158  255  255   92  148  255  255   58  117  226  255   43  101  209  255   26   77  172  192   21   63  134   36   23   67  151  140   23   67  151   64    0    0    0    0
    0    0    0    0   25   25   76   10   17   51  110  104   20   58  130  213   22   65  144  214   28   79  175  234   37   92  196  255   61  120  229  255   83  141  249  255  114  162  255  255  145  183  255  255  150  186  255  255  183  207  254  255  231  234  239  255  237  237  237  255  203  218  249  255  161  193  255  255  147  184  255  255  134  176  255  255  114  163  255  255   91  148  255  255   68  127  236  255   42   99  204  193   26   71  156  255   19   58  128  224   17   55  119  120   12   36   84   21    0    0    0    0
    0    0    0    0    8   24   53  114   11   33   76  136   10   26   61  171   16   42   93  172   34   88  187  213   42   98  204  255   74  133  242  255   88  146  254  255  113  162  255  255  139  179  255  255  143  182  255  255  178  204  254  255  230  234  239  255  231  234  240  255  209  222  248  255  194  213  251  255  148  184  255  255  112  161  255  255   91  147  252  255   86  145  254  255   81  140  249  255   65  118  221  129   24   62  131  255    9   29   63  192    9   31   70  130   10   27   59  120    0   15   47   16
    0    0    0    0    8   19   42  115    4   12   28  177    6   15   36  193   19   51  111  192   31   80  171  255   36   92  197  255   70  129  238  255   83  141  250  255  101  154  255  255  115  163  255  255  119  166  255  255  148  184  255  255  212  223  245  255  194  213  250  255  194  213  252  255  178  203  252  255  122  168  255  255   84  141  246  255   67  126  235  255   79  138  247  255   77  136  245  255   60  116  220  255   21   55  118  213    6   20   46  110    3   13   33  130    6   17   38  120    0   15   47   16
    0    0    0    0    0   25   25   10    4   10   22  126    3    8   18  223    8   25   55  120   25   74  164  202   34   89  192  255   59  118  227  255   79  138  247  255   88  146  254  255   93  149  254  255   97  152  255  255  119  165  255  255  188  210  252  255  158  191  255  255  167  196  255  255  146  184  255  255  102  154  254  255   68  127  236  255   55  114  223  255   71  130  239  255   61  120  229  255   44  102  210  229   12   33   72  105    2    7   16  181    2    8   19  120    0   12   24   21    0    0    0    0
    0    0    0    0    0    0    0    0    0    0   23   11    5   13   29  130   11   34   78  234   24   70  153  244   41   96  197  255   69  128  237  255   85  144  253  255   86  145  254  255   88  146  254  255  106  157  255  255  143  181  255  255  210  222  247  255  189  211  253  255  181  205  255  255  180  206  254  255  149  185  255  255  108  158  250  255   76  134  243  255   63  122  231  255   34   90  194  255   34   90  194  250   14   40   91  229    4   14   31  162    0    0   15   16    4   14   36  155    7   15   31   32
    0    0    0    0   14   35   70   36   12   33   74  181   11   32   74  109   17   48  107  255   31   81  173  255   49  105  207  255   86  145  254  255   87  145  254  255   92  148  255  255  107  158  255  255  150  186  255  255  198  216  250  255  233  235  239  255  237  237  237  255  237  237  237  255  233  235  239  255  211  224  248  255  176  202  254  255  109  160  254  255   59  118  226  255   41  100  209  255   35   91  195  255   18   52  115  255   12   33   74  255   12   33   74  254   10   34   72   74    0    0    0    0
    0    0    0    0    0   51  102    5   19   58  127   26   18   56  124   94   22   66  146  240   28   77  169   99   56  112  220  223   85  144  253  255   87  146  254  255  105  157  255  255  141  180  255  255  189  210  251  255  219  228  245  255  235  236  238  255  237  237  237  255  235  236  238  255  217  226  243  255  168  197  255  255  151  186  255  255  114  162  255  255   78  136  244  255   57  116  225  255   30   86  187  255   22   68  150  245   18   57  124  125   25   63  127   20   25   51  127   10    0    0    0    0
    0    0    0    0   19   58  117   26   19   56  125  130    8   32   74   31   20   64  141  135   32   86  185  234   42   98  204  255   72  131  240  255   86  144  252  255  114  162  255  255  154  189  255  255  185  208  252  255  213  225  246  255  234  236  238  255  237  237  237  255  212  224  247  255  179  204  251  255  129  172  255  255  112  162  255  255   92  148  253  255   70  129  238  255   52  111  220  255   38   93  199  193   23   69  151  203   12   30   72   42   19   56  125  104   19   52  125   53    0    0    0    0
    0    0    0    0    0    0    0    0    8   16   41   31    7   23   52  171   11   34   77  172   27   76  168  213   32   87  188  255   54  113  222  255   81  139  247  255  114  162  255  255  148  185  255  255  164  195  255  255  198  216  250  255  233  235  239  255  237  237  237  255  190  212  253  255  148  184  255  255  105  157  255  255   96  151  255  255   80  138  246  255   55  114  223  255   41  100  209  255   33   86  187  129   18   53  116  255    9   25   54  192    5   16   37   47    0    0    0    0    0    0    0    0
    0    0    0    0    0    0    0    0    8   16   41   31    4   13   31  172   12   34   77  255   21   63  142  152   29   83  185  234   51  110  219  255   81  139  247  255  114  162  255  255  150  186  255  255  183  206  252  255  218  227  244  255  235  236  238  255  237  237  237  255  209  222  248  255  181  204  250  255  127  171  255  255  101  154  255  255   83  142  250  255   68  127  236  255   35   92  198  255   36   91  194  255   14   40   90  255    5   13   30  193    5   16   37   47    2    7   17  103    0   12   12   21
    0    0    0    0    1    4   13  156    4    4   14   52    1    5   13  135   15   43   95  177   23   66  145  203   29   84  187  244   47  106  215  255   70  128  234  255  120  166  254  255  143  181  255  255  168  197  253  255  190  210  250  255  231  233  239  255  207  221  248  255  216  226  245  255  214  224  243  255  153  187  255  255  116  164  255  255   96  151  255  255   85  144  252  255   54  112  220  255   33   82  175   99   16   46  103  203    2    6   14  120    1    5   12  181    2    4   14  105    0    0   23   11
    0    0    0    0    0    4   12   62    1    6   12  166    2    4   13  114    4   13   31  115   25   73  162  192   29   81  173   69   67  126  235  254   87  144  250  255  124  169  255  255  137  177  255  255  153  187  255  255  172  200  255  255  229  232  240  255  231  234  239  255  234  235  238  255  218  226  242  255  160  193  255  255  137  178  255  255  117  165  255  255   92  149  255  255   64  123  232  255   39   99  206  193    8   17   42   89    1    5   12  141    1    4   12  161    3    3   13   74    0    0    0    0
    0    0    0    0   14   35   84   36   12   37   85  182    0    0    0    0   31   80  172  145   33   87  186  255   49  106  212  254   71  130  239  255   88  146  254  255  114  162  255  255  145  183  255  255  150  186  255  255  183  207  254  255  231  234  239  255  237  237  237  255  207  221  249  255  186  209  254  255  151  186  255  255  120  166  255  255   99  153  255  255   87  146  254  255   57  116  225  255   64  123  231  219   13   38   83   73   12   38   85  146    0    0    0    1    0    0    0    0    0    0    0    0
    0    0    0    0    0    0   51    5    7   14   28   36    5   19   43  130    9   27   60  130   28   70  162   36   60  118  226  223   76  135  244  255   87  145  253  255  108  159  255  255  126  171  255  255  130  173  255  255  165  195  255  255  225  231  241  255  217  226  246  255  182  206  253  255  209  222  246  255  174  200  251  255  123  168  254  255   99  154  254  255   87  146  254  255   84  143  252  255   68  124  227  255   20   53  111  245    8   20   46  125    8   19   43  145    6   20   44   74    0    0    0    0
    0    0    0    0    9    9   29   26    3   10   23  203    5   14   33  224   15   43   96  182   26   74  162  234   37   93  197  255   62  121  230  255   80  138  247  255   91  148  255  255   99  153  255  255  104  155  255  255  125  170  255  255  195  214  250  255  172  200  255  255  179  205  253  255  146  183  255  255  173  200  253  255  177  202  251  255  148  185  253  255   95  151  254  255   67  126  235  255   45  100  203  255   22   56  120  203   27   34   52   73    3    9   22  135    4    9   24   53    0    0    0    0
    0    0    0    0    0    0    0    0    6   20   52   73    8   22   52  146   16   53  119   62   25   71  158  213   31   86  185  162   63  122  231  255   82  141  250  255   86  145  254  255   88  146  254  255  105  157  255  255  127  171  255  255  196  214  250  255  141  180  255  255  152  187  255  255  134  175  255  255  124  169  255  255  153  188  255  255  152  188  255  255   98  152  255  255   69  128  237  255   28   82  182  240   28   53  101  178   30   40   61  209    4    8   16   63    0    0    0    0    0    0    0    0
    0    0    0    0   12   36   72   21   13   35   79  135   14   38   85  125   14   42   95  125   29   79  169  213   30   85  186  161   80  138  247  255   88  146  254  255   99  154  255  255   97  152  255  255  111  161  255  255  120  166  255  255  149  184  251  255  105  156  255  255  110  161  254  255  127  171  255  255   99  153  255  255  114  163  255  255  120  166  255  255   98  152  255  255   69  128  237  255   33   91  197  219   20   41   73   73   24   41   75  146   12   33   73   83   12   36   72   42    0    0    0    0
    0    0    0    0   25   25   76   10   14   33   72   53    7   31   71   32   20   64  141  135   35   89  188  234   48  105  210  255   46  103  208  255   82  141  249  255   91  147  252  255   83  140  246  255   75  132  238  255   70  127  234  255   87  145  251  255   87  146  254  255   90  148  254  255  105  157  255  255   88  146  254  255   90  147  254  255   86  143  250  255   85  142  249  255   72  131  240  255   38   95  201  245   21   64  142  202   17   48  110  146   12   30   72   42   18   52  117  150   19   58  127   26
    0    0    0    0    0    0    0    0   12   41   98   62   16   42   97  125   24   72  157   21   35   90  193  192   46  103  210  255   71  130  238  255   65  124  233  255   62  121  230  255   60  119  228  255   58  117  226  255   66  125  234  255   78  137  246  255   67  126  235  255   63  122  231  255   72  130  238  255   71  130  239  255   82  141  250  255   79  137  247  100   56  114  224  223   73  134  241   38   45  103  212  224   20   68  151   37   17   55  125  114   18   56  122   94   19   58  127   26    0   51  153    5
    0    0    0    0    0    0    0    0    0    0    0    0   11   32   74  109   20   57  126  254   27   75  165   74    0    0  255    1   64  123  231  254   40   97  204  255   37   94  198  255   36   93  198  255   32   88  191  255   47  103  209  255   62  121  230  255   41   98  205  255   32   88  192  219   51  106  210   74   54  110  215  255   51  108  215  255   39   95  199  254   33   87  194   38   30   86  188  253   29   84  186  255   22   63  139  254   12   33   73  146   12   33   73  145   10   34   72   74    0    0    0    0
    0    0    0    0   24   74  164   31   25   74  164  167   26   76  165  114   26   75  164  115   28   78  174  191   22   63  146   68   37   90  188  254   22   64  137   67   33   81  167  192   23   70  154  130   25   74  166  130   32   87  190  166   37   92  194  250   20   55  130   37   26   73  163  224   28   76  165  255   33   85  180  161   35   87  188  160   41   90  175   99   27   76  169  193   32   88  192  219   16   49  106   62   16   48  109  167    8   26   55  114    8   18   40   95    0    0    0    0    0    0    0    0
    0    0    0    0    0    0    0    0   24   73  166   52   22   62  139  135   22   62  139  135   26   70  153  234   18   54  120  193   11   31   69  255   25   48   90  255   29   44   70  255   20   50  107  255   28   72  154  255   20   58  127  126   24   62  132  166   21   58  128  182    8   20   46   88   17   52  116  203   20   59  130  255   31   74  152  255   45   73  125  255   48   68  117   37   42   46   60   72   16   47  103  167   12   31   71  104   15   45  103  135    0    8   16   31    0    0    0    0    0    0    0    0
    0    0    0    0    0    0    0    0   24   74  156   31   16   44   99  125    8   20   44   63    8   21   46  181   23   68  149  130    2    5   13  254   36   48   69  146    3    8   17  146   20   27   43  146   28   61  122  208   15   48  106  178    8   24   53  114    0    0    0    0    3    6   17  219   10   31   73   73   14   40   87  209   38   69  127  208   25   50   97  178    6   20   46  114   41   47   57  146    2    4   13  114    1    5   13  136    2    4   12  125    8   18   42  125    7   31   71   32    0    0    0    0
    0    0    0    0    0    0    0    0   24   74  156   31   24   68  153   63    0    0    0    0    9   19   45   78   27   76  166  110    2    4   13  110   35   47   68  145    2    7   19  104   24   69  152   62   22   65  146  125   15   43   96  135    8   24   53  115    3   10   24  145    2    8   16   94    8   32   74   31   12   32   72   63   20   57  127   62   13   37   86  135    6   19   46  115    0    0    0    0    2    4   13  115    1    5   13  135    0    4   12   63   12   32   74   62    7   31   71   32    0    0    0    0
    0    0    0    0    0    0    0    0    0    0    0    0    6   19   46   77    6   19   45   78    0    0    0    0    6   16   36  155    0    0    0    1   34   48   68   74    7   19   46  105   15   41   92  135   23   71  151   32   14   39   83   52   23   23   69   11    3   10   24   73    0    0    0    0    0    0    0    0   19   56  125   77   19   55  124   78   14   34   73   52   23   23   69   11    0    0    0    0    0    0   25   10    2    7   19  105    2    9   24  104    0    0    0    0    0    0    0    0    0    0    0    0
    0    0    0    0    0    0    0    0    0    0    0    0    0   15   47   16    0   15   47   16    0    0    0    0    7   15   31   32    0    0    0    0    0    0    0    0    0   23   69   11   12   36   72   21    0    0    0    0    0    0    0    0    0    0    0    0    0    0    0    0    0    0    0    0    0    0    0    0   15   47  127   16   15   47  127   16    0    0    0    0    0    0    0    0    0    0    0    0    0    0    0    0    0    0   23   11    0   12   24   21    0    0    0    0    0    0    0    0    0    0    0    0
