   28   28
    0    0    0    0    0    0    0    0    0    0    0    0    0    0    0    0    0    0    0    0    0    0    0    0    0    0    0    0    0    0    0    0    0    0    0    0    0    0    0    0    0    0    0    0    0    0    0    0    0    0    0    0    0    0    0    0    0    0    0    0    0    0    0    0    0    0    0    0    0    0    0    0    0    0    0    0    0    0    0    0    0    0    0    0    0    0    0    0    0    0    0    0    0    0    0    0    0    0    0    0    0    0    0    0    0    0    0    0    0    0    0    0
    0    0    0    0    0    0    0    0    0    0    0    0   75   13   18   94   75   13   17  115   76   25   25   10    0    0    0    0    0    0    0    0  115   16   24   31  145   20   32   63  146   20   30  125    0    0    0    0    0    0    0    0   74   16   16   31    0    0    0    0  123   16   24   31  153   25   25   10  123   20   26  114  106   17   24  115  169   49   56   36  204   51  102    5   86   15   19  218    0    0    0    0   93   16   20   63   95   16   22  125    0    0    0    0    0    0    0    0    0    0    0    0
    0    0    0    0  127   25   25   10  112   19   24   52   65   16   16   31   64   13   15  135   65   12   16  105   69   23   23   11   92   14   21   72  117   18   24  167  147   19   29   52  115   16   24   31  115   16   24   31   68   14   14   52   76   13   16  166   94   17   20   73  123   18   24  167  156   22   31  104  161   22   34  104   73   14   17  104  173   50   58  182  108   28   34   89  188   41   52   73   94   16   20   62    0    0    0    0  164   24   32   31  164   24   32   31    0    0    0    0    0    0    0    0
    0    0    0    0  109   24   24   21  103   16   22  136   63   12   16  125   65   12   16  125   66   13   15  135   93   24   29  114   90   15   19  146  118   21   27  129  130   28   34  213  126   19   26  171  113   18   25  110   67   12   15  181   68   13   13   37   96   15   22  146  130   17   25  129  146   23   32  213   86   28   32  109   67   14   16  109  175   53   63  109   74   16   20  234  190   41   52  147   95   16   22  219   90   16   24   31  128   20   28  125  161   24   32   63    0    0    0    0    0    0    0    0
    0    0    0    0    0    0    0    0   65   16   16   31  108   20   26  125  110   20   26  125  124   24   32  135  108   26   31  115    0    0    0    0  176   57   66  255  148   33   41  255  151   25   34  255  141   25   34  193   95   17   23  120  149   34   41  140  165   45   54  145  133   21   29  130  162   33   42  255  129   29   37  255  140   51   57  255  169   52   61  255  109   20   27  255  137   19   29  146  154   34   42  240  156   30   39  135  132   22   30  125  169   28   40   63    0    0    0    0    0    0    0    0
    0    0    0    0    0    0    0    0   88   14   19   52  105   18   22  135  141   24   32  135  140   24   33  105  192   46   56  166  174   30   42  181  218   74   87   99  189   45   55  203  179   40   50  151  174   37   47  255  168   30   40  203  163   34   42   89  193   53   64  254  195   46   58  166  174   34   44  126  166   30   38  178  191   57   67  177  176   46   56  126  179   44   54  229  141   20   27   74  180   35   46  229  172   31   41  105  169   30   39  135  169   30   39  135  168   28   38   53    0    0    0    0
    0    0    0    0  115   24   24   31  113   18   24  166  109   17   24  114  149   27   35  239  184   38   50  229  191   42   54  250  174   26   40   38  200   52   64  223  209   62   74  244  210   66   77  234  200   58   70  131  191   43   54  192  203   54   65  223  218   72   83  255  207   60   71  250  192   45   55  229  195   46   57  239  200   53   64  239  202   54   65  229  216   70   80  250  255    0    0    1  176   32   41   62  159   30   38  229  124   19   26  146  169   24   36   21  162   23   46   11    0    0    0    0
    0    0    0    0    0    0    0    0  146   20   31   73  146   20   29  146  255    0    0    1  209   60   70  181  208   60   67   38  212   64   75  253  227   82   96   37  229   88   98  255  226   83   93  255  221   76   87  254  219   73   84  255  220   74   85  255  228   86   96  255  224   79   90  255  217   70   81  255  217   70   81  255  218   75   85  255  220   76   87  255  227   84   95  255  207   61   72  254  198   52   63  218  255    0    0    1  128   18   25  109  127   18   27  110    0    0    0    0    0    0    0    0
    0    0    0    0  145   21   30  193  117   19   29   26  140   21   30  109  157   26   35  235  195   46   58  245  224   79   89  255  230   91  101  255  230   92  102  255  234   96  105  255  233   94  104  255  236  118  127  255  235  105  114  255  233   93  103  255  234   96  106  255  220   77   88  255  222   80   91  255  228   89  100  255  232  102  111  255  230   93  103  255  201   54   65  255  212   66   77  255  196   53   63  250  167   30   41  167  109   12   24   21  114   12   25   20  127   25   25   10    0    0    0    0
    0    0    0    0  107   19   29   26  115   17   25  130  142   30   39  109  141   32   39  110  198   47   59  181  218   72   83  255  237  112  121  255  241  135  142  255  240  130  139  255  237  113  123  255  240  140  148  255  238  129  136  255  237  115  124  255  241  153  159  255  241  135  142  255  240  131  138  255  238  117  126  255  238  119  128  255  234  101  111  255  231   89   99  255  190   41   52  183  188   45   55  229  132   24   31  104  118   16   24  135  118   16   24  135  115   19   24   53    0    0    0    0
    0    0    0    0    0    0    0    0   65    8   16   31  162   52   61  171  191   57   66  172  183   39   50  213  221   77   87  255  233  106  115  255  245  176  180  255  244  177  181  255  241  148  155  255  241  154  160  255  243  177  182  255  243  166  171  255  245  226  227  255  243  159  165  255  239  132  140  255  234   97  107  255  233   92  102  255  231   90  100  255  223   78   89  255  196   46   58  109  170   30   40  240  148   29   38  105  102   16   21  109  101   16   23  110    0    0    0    0    0    0    0    0
    0    0    0    0   72   12   24   21   75   13   18  135  134   46   53  110  171   46   55  192  190   50   61  255  219   73   84  255  233  106  115  255  241  180  184  255  243  199  202  255  245  195  199  255  243  173  178  255  243  197  200  255  245  196  200  255  245  221  223  255  242  153  159  255  238  120  128  255  237  113  122  255  235  102  112  255  230   89   99  255  220   75   85  255  201   52   63  255  175   34   44  240  142   29   38  145   83   14   18  192   73   13   17  193   78   12   18   42    0    0    0    0
    0    0    0    0   84   14   21   36   89   15   21  182   92   16   19   77  139   34   42  223  207   70   80  255  230   88   98  255  233   92  102  255  235  122  130  255  240  161  167  255  244  191  195  255  245  217  219  255  244  209  211  255  245  223  225  255  245  240  240  255  243  189  192  255  242  153  160  255  241  145  152  255  240  129  137  255  234   97  107  255  227   84   94  255  216   70   81  255  179   37   48   74  121   24   30  126   93   15   21  178   75   13   17   74   72   12   12   21    0    0    0    0
    0    0    0    0  102    0    0    5   98   19   19   26  116   18   25  109  124   23   29  131  217   74   85  192  219   74   85  255  233   92  102  255  237  111  120  255  240  139  146  255  245  173  178  255  245  208  211  255  245  221  223  255  245  240  240  255  245  245  245  255  244  209  211  255  245  175  180  255  245  168  174  255  242  141  148  255  235  100  110  255  226   84   94  255  212   66   77  255  194   46   58  218  181   47   56  166   97   12   24   21  121   18   24  124  121   16   24   63    0    0    0    0
    0    0    0    0   63   14   14   36   64   12   15  181   63   14   16  109   64   13   16  110  204   53   64  181  218   72   83  255  235  101  111  255  242  143  150  255  244  163  169  255  245  182  186  255  245  224  226  255  245  245  245  255  245  245  245  255  245  245  245  255  245  203  206  255  243  185  189  255  243  171  176  255  242  153  159  255  236  110  118  255  226   83   93  255  255    0    0    2  169   29   39  219   62   13   17   73   65   12   15  145   65   12   15  145   65   13   17   74    0    0    0    0
    0    0    0    0   65   12   16   62   64   12   16  219   65   12   16  141  138   25   35  160  162   33   41   99  216   69   81  223  232   91  101  255  237  110  119  255  240  136  143  255  244  174  179  255  245  223  225  255  245  232  232  255  244  221  222  255  245  245  245  255  245  209  211  255  244  191  195  255  244  175  180  255  239  156  162  255  223   97  106  255  211   62   73  255  191   42   53  255  166   28   38  224  140   26   35  192   64   13   15  114   64   13   16   95   65   13   14  156   63   15   15   32
    0    0    0    0   66   11   16  157   84   12   24   21   77   13   18  151  115   21   28  255  187   45   55  255  196   46   57  255  224   80   90  255  232   92  101  255  237  116  124  255  242  153  159  255  245  201  203  255  245  227  228  255  245  243  243  255  245  245  245  255  245  238  238  255  245  213  215  255  246  180  185  255  242  142  149  255  231   96  106  255  215   67   78  255  190   41   52  255  163   28   39   98  126   23   31  255   76   12   17  177   90   16   24   31    0    0    0    0    0    0    0    0
    0    0    0    0    0    0    0    0   91   12   18   42   96   15   21  193  131   22   30  255  180   38   50  178  204   52   64  239  213   64   75  255  228   92  102  255  237  110  119  255  239  122  130  255  244  167  172  255  245  207  210  255  245  241  241  255  245  245  245  255  245  222  223  255  245  192  195  255  245  176  181  255  242  142  149  255  231   96  106  255  217   69   80  255  192   44   55  255  177   35   45  240  123   20   27  178   97   15   20  209   89   12   20   63    0    0    0    0    0    0    0    0
    0    0    0    0  145   24   24   21  144   22   29  104  113   16   27   47  158   27   38  192  191   44   54  177  211   61   73  239  222   79   90  255  233  111  120  255  240  131  139  255  241  144  151  255  245  189  193  255  245  221  223  255  245  243  243  255  245  245  245  255  245  229  229  255  245  207  209  255  245  182  186  255  242  142  149  255  233   98  108  255  225   81   91  255  204   57   68  255  192   46   57  240  158   28   37  135  113   16   24   63  144   21   30   83  145   18   30   42    0    0    0    0
    0    0    0    0  153   25   25   10  144   19   28   53  145   19   29   77  163   27   37  223  189   41   52  255  214   67   78  255  229   91  101  255  236  133  140  255  244  170  176  255  244  186  189  255  245  221  223  255  245  241  242  255  245  245  245  255  245  245  245  255  245  234  234  255  245  216  218  255  244  175  180  255  240  131  138  255  234   98  108  255  232   91  101  255  213   67   78  255  188   46   56   99  166   29   39  234  147   22   29  104  145   18   30   42  145   24   36   21    0    0    0    0
    0    0    0    0  115   24   24   31  114   17   24  218  116   18   25  234  140   24   32  255  187   42   53  255  205   54   65  255  217   76   86  255  235  136  143  255  245  194  198  255  244  220  221  255  245  239  239  255  245  245  245  255  245  245  245  255  245  245  245  255  245  224  225  255  244  188  191  255  240  137  145  255  236  108  117  255  234   95  105  255  233   92  102  255  209   67   77  255  189   46   57  223  145   25   33  255  120   17   24  146  115   18   24  124  113   16   24   63    0    0    0    0
    0    0    0    0   86   15   19  218    0    0    0    1   85   13   20  110  122   23   30  255  186   43   54  255  192   43   54  255  219   78   88  255  228  115  122  255  237  147  154  255  243  183  187  255  244  206  208  255  244  209  211  255  244  214  216  255  245  235  235  255  245  182  186  255  240  135  142  255  234   97  107  255  233   92  102  255  233   92  102  255  226   83   93  255  204   60   71  255  170   32   41  255  131   25   33  255   85   15   19  146    0    0    0    1    0    0    0    0    0    0    0    0
    0    0    0    0  102    0    0    5   69   11   17   88   67   11   16  219   84   15   22  115  204   54   66  191  216   70   81  255  225   82   93  255  215   74   84  255  221   84   93  255  236  119  128  255  243  163  169  255  246  188  192  255  245  183  187  255  244  217  218  255  241  146  152  255  236  110  120  255  235  101  111  255  234   94  104  255  229   88   98  255  219   73   84  255  196   48   59  255  171   30   40  224   92   17   26   88   67   11   16  234   70   11   17  130   76   25   25   10    0    0    0    0
    0    0    0    0   89   14   23   88   79   15   18  151   94   17   20   73  150   34   43  176  203   64   75  255  226   82   93  255  229   88   98  255  220   76   87  255  227   96  106  255  239  139  146  255  244  187  191  255  244  210  213  255  245  208  210  255  245  231  232  255  243  172  177  255  240  139  146  255  240  133  141  255  238  117  126  255  231   93  103  255  223   80   90  255  201   52   63  255  185   43   53  255  154   36   45  203   86   15   20  151   79   14   17  214   84   14   19  105   92   23   23   11
    0    0    0    0   97   16   23  141  111   17   23  119  101   17   22  193  145   34   42  255  206   68   78  178  230   89   99  239  233   92  102  255  232   99  109  255  237  126  134  255  244  168  173  255  245  210  212  255  245  226  227  255  245  237  237  255  245  245  245  255  244  205  207  255  244  169  175  255  243  161  167  255  241  139  147  255  235  100  110  255  228   85   95  255  200   52   63  255  197   52   62  240  140   32   41  178  102   15   23  209  108   16   22  125  101   15   22  135   97   12   24   21
    0    0    0    0  119   17   34   15  120   19   26   78  138   21   28  109  164   33   42  255  197   53   63  177  221   77   88  239  234   97  107  255  240  130  138  255  242  152  159  255  245  171  176  255  245  188  192  255  245  217  219  255  245  242  242  255  245  245  245  255  244  210  212  255  245  177  182  255  245  171  176  255  242  142  149  255  233   98  108  255  222   77   87  255  202   55   66  255  183   37   48  240  166   33   43  135  136   18   26  125  136   18   26  125  119   15   23   32    0    0    0    0
    0    0    0    0  156   19   39   26  162   21   33  129  151   23   31   32  175   33   43  177  201   53   64  255  217   70   81  255  235  101  111  255  240  129  137  255  243  151  157  255  245  172  177  255  245  192  196  255  245  218  220  255  245  242  242  255  245  245  245  255  245  219  221  255  245  194  198  255  246  178  183  255  242  146  153  255  230   95  105  255  218   72   83  255  192   43   54  255  172   30   41  229  178   38   48   53  151   23   31   32  158   22   32  135  158   24   33   53    0    0    0    0
    0    0    0    0  153    0   51    5  166   19   29   26    0    0    0    0  182   36   48   21  199   55   62   37  213   68   82   37  234  103  110   37  241  124  130   37  241  144  151   37  241  172  179   37  241  199  199   37  241  220  220   37  241  241  241   37  241  241  241   37  241  220  220   37  241  199  199   37  248  179  186   37  241  144  151   37  227   96  103   37  220   68   82   37  192   41   55   37  167   31   39   32    0    0    0    0    0    0    0    0  157   24   36   21  162   23   23   11    0    0    0    0
