   28   28
    0    0    0    0    0    0    0    0    0    0    0    0    0    0    0    0    0    0    0    0    0    0    0    0    0    0    0    0    0    0    0    0    0    0    0    0    0    0    0    0    0    0    0    0    0    0    0    0    0    0    0    0    0    0    0    0    0    0    0    0    0    0    0    0    0    0    0    0    0    0    0    0    0    0    0    0    0    0    0    0    0    0    0    0    0    0    0    0    0    0    0    0    0    0    0    0    0    0    0    0    0    0    0    0    0    0    0    0    0    0    0    0
    0    0    0    0   51    0    0    5   68    9   19   26    0    0    0    0   76   12   12   20   95   15   21  166  111   16   24   62  162   21   35   36  153    0   51    5  156   19   29   26   97   13   21   94   97   13   19  115  102   25   25   10    0    0    0    0   63   14   14   36    0    0    0    0    0    0    0    0  114   18   25  109  113   18   25  110    0    0    0    0  115   16   24   31   86   15   19  218    0    0    0    0    0    0    0    0  119   17   34   15  119   17   34   15  163   20   30   25  153    0   51    5
    0    0    0    0   70   14   21   36   71   13   17  203   62   13   17   73   73   13   16  135   84   14   19  105  119   16   24  166  162   22   33  182  163   23   33   98  159   22   32  203  115   17   24   73   98   15   20  135   94   14   21  105   92   23   23   11   64   12   15  182   65   12   16   62   84   12   24   21  106   17   23  120  125   19   27  120  145   24   36   21  114   17   24  218    0    0    0    1   66   10   17   73   80   13   17   73  112   17   25  120  131   19   27  120  161   22   32  150  156   19   39   26
    0    0    0    0   65   13   17  129   70   13   17  224   63   13   15  193   68   13   16  172   92   15   21  213  113   17   23  130    0    0    0    0  161   23   32  240  148   21   30  178  119   17   25  209   97   14   20  125   95   15   22  213   82   13   19  130   63   14   16  109   63   12   16  141   74   12   17  119  100   17   21  130  135   19   27  130  144   21   29  120  117   18   25  141   86   14   21  109   68   11   15  240   84   15   18  178  102   15   22  192  144   19   29  192  151   20   31   74    0    0    0    0
    0    0    0    0  102   18   23  234   93   17   23  120  114   19   26  192  106   17   23  255  102   16   23  152  148   27   34  234  179   34   45  146  165   26   36  240  154   21   31  177  143   22   31  208  120   20   26  125  123   22   29  213  122   23   30  255   64   13   16  110  137   25   33  161  118   21   28  224  131   21   29  130  151   27   35  130  163   28   37  223  155   26   34  161  122   23   30  255   82   15   19  115  148   34   43  177  132   29   36  193  156   27   37  192  175   33   44  177  182   36   48   21
    0    0    0    0  172   35   44  245  183   39   50  150  150   25   33  151  164   29   39  255  184   40   50  203  194   44   55  244  197   48   59  255  185   39   50  255  167   27   37  255  166   30   40  178  188   45   56  135  192   47   57  234  189   46   56  255  203   53   64  182  162   33   43   99  187   45   55  255  189   44   54  223  197   46   58  223  195   47   58  255  188   43   54  255  186   43   54  255  203   54   65  192  203   65   74  255  213   74   85  223  208   60   72  223  201   53   64  255  199   55   62   37
    0    0    0    0  191   42   53  255  195   44   55  244  190   41   52  234  187   39   50  255  197   46   57  255  193   44   55  255  218   72   83  255  199   53   64  255  188   40   51  255  194   43   55  239  202   51   61  239  213   67   78  255  196   48   59  255  218   72   83  255  219   73   84  223  212   63   74  255  204   52   63  255  210   61   72  255  200   50   61  255  202   51   62  255  208   58   69  255  212   64   75  255  205   59   70  255  230   88   98  255  208   62   72  255  209   62   73  255  213   68   82   37
    0    0    0    0  204   53   64  255  204   53   64  255  203   51   62  255  201   49   60  255  203   52   63  255  215   68   79  255  233   92  102  255  216   70   81  255  195   45   56  255  204   53   64  255  211   63   74  255  228   86   96  255  235  100  110  255  235  101  111  255  232   91  101  255  224   80   90  255  213   64   75  255  222   79   90  255  229   91  101  255  217   76   86  255  219   78   88  255  225   82   93  255  229   88   98  255  233   92  102  255  234   97  107  255  235  101  111  255  234  103  110   37
    0    0    0    0  220   77   87  255  225   92  102  255  213   65   76  255  208   59   70  255  219   75   85  255  228   88   98  255  234   95  104  255  216   69   80  255  205   55   66  255  219   74   85  255  228   88   98  255  234  100  110  255  238  128  136  255  242  143  150  255  236  110  119  255  232   92  102  255  228   92  102  255  233  111  120  255  236  134  140  255  235  136  144  255  228  115  122  255  215   73   84  255  220   77   86  255  233   99  109  255  240  130  138  255  240  129  137  255  241  117  130   37
    0    0    0    0  234  108  117  255  239  133  141  255  226   90  100  255  221   82   92  255  232  109  117  255  238  123  131  255  239  124  132  255  224   91  101  255  218   74   84  255  231  104  113  255  238  122  131  255  239  128  137  255  242  151  158  255  244  163  169  255  240  135  143  255  237  116  125  255  237  109  119  255  240  131  139  255  244  171  176  255  245  195  198  255  237  147  154  255  221   84   93  255  227   97  106  255  238  126  134  255  243  152  159  255  243  151  157  255  241  144  151   37
    0    0    0    0  241  149  155  255  243  167  172  255  238  130  138  255  237  120  129  255  241  154  161  255  245  171  176  255  244  165  170  255  238  134  141  255  234  108  117  255  240  148  154  255  243  174  179  255  244  175  180  255  245  181  186  255  245  182  186  255  244  174  179  255  242  152  159  255  239  122  130  255  241  144  151  255  245  186  190  255  244  220  221  255  243  183  187  255  236  119  128  255  240  139  146  255  243  168  174  255  245  172  177  255  245  172  177  255  241  172  179   37
    0    0    0    0  243  198  201  255  245  215  218  255  243  179  183  255  243  168  173  255  245  203  206  255  245  206  208  255  245  171  176  255  244  164  170  255  243  160  165  255  244  202  205  255  245  227  228  255  245  226  227  255  245  224  226  255  245  224  226  255  245  223  225  255  245  201  204  255  244  167  172  255  244  189  192  255  245  222  223  255  245  239  239  255  244  206  208  255  243  164  169  255  244  187  191  255  245  210  212  255  245  188  192  255  245  192  195  255  241  199  199   37
    0    0    0    0  245  226  227  255  245  239  239  255  245  218  220  255  244  211  213  255  245  208  211  255  245  203  206  255  244  196  199  255  244  196  199  255  244  203  205  255  245  231  232  255  245  245  245  255  245  245  245  255  245  245  245  255  245  245  245  255  245  232  233  255  245  227  228  255  245  207  210  255  245  221  223  255  245  241  241  255  245  245  245  255  244  209  211  255  246  188  192  255  244  211  212  255  245  226  227  255  245  217  219  255  245  218  219  255  241  220  220   37
    0    0    0    0  245  243  243  255  245  244  244  255  245  242  242  255  244  227  228  255  245  191  196  255  245  194  198  255  245  239  240  255  245  239  240  255  245  240  240  255  245  243  244  255  245  245  245  255  245  245  245  255  245  245  245  255  245  245  245  255  244  220  222  255  245  243  243  255  245  241  241  255  245  242  242  255  245  245  245  255  245  245  245  255  244  214  216  255  245  183  187  255  245  209  210  255  245  237  237  255  245  242  242  255  245  242  242  255  241  241  241   37
    0    0    0    0  245  245  245  255  245  245  245  255  245  245  245  255  245  239  239  255  244  221  222  255  245  224  226  255  245  245  245  255  245  245  245  255  245  245  245  255  245  245  245  255  245  245  245  255  245  245  245  255  245  245  245  255  245  245  245  255  245  245  245  255  245  245  245  255  245  245  245  255  245  245  245  255  245  245  245  255  245  245  245  255  245  235  235  255  244  217  218  255  245  231  232  255  245  245  245  255  245  245  245  255  245  245  245  255  241  241  241   37
    0    0    0    0  245  234  234  255  245  241  241  255  245  223  224  255  244  211  213  255  244  210  212  255  244  206  208  255  245  202  205  255  245  201  203  255  244  214  216  255  245  232  233  255  245  234  235  255  244  208  210  255  244  224  226  255  241  144  151  255  245  208  211  255  245  238  238  255  245  222  223  255  245  229  230  255  245  234  234  255  245  223  225  255  245  182  186  255  241  146  152  255  243  172  177  255  244  205  207  255  244  210  212  255  245  219  221  255  241  227  227   37
    0    0    0    0  244  209  212  255  245  227  229  255  245  197  200  255  245  180  185  255  245  177  182  255  245  197  201  255  245  227  227  255  243  196  199  255  244  174  178  255  244  212  213  255  244  219  221  255  242  167  172  255  236  124  131  255  232  111  120  255  240  176  180  255  245  213  215  255  245  192  195  255  245  207  209  255  245  216  218  255  244  188  191  255  240  135  142  255  237  111  120  255  240  138  146  255  244  169  174  255  245  177  182  255  245  194  197  255  241  199  199   37
    0    0    0    0  245  180  184  255  245  196  199  255  245  176  181  255  245  173  178  255  245  171  176  255  246  180  185  255  244  191  194  255  240  145  152  255  238  124  132  255  243  168  173  255  243  168  173  255  234  112  121  255  221   83   94  255  215   80   90  255  232  132  139  255  246  180  184  255  245  176  181  255  245  181  186  255  244  175  180  255  240  137  145  255  234   97  107  255  235  101  111  255  240  133  141  255  243  161  167  255  245  171  176  255  246  178  183  255  248  179  186   37
    0    0    0    0  242  145  151  255  243  155  161  255  242  142  149  255  242  142  149  255  242  142  149  255  242  142  149  255  242  142  149  255  233  110  119  255  224   85   95  255  236  122  131  255  240  128  136  255  231   95  105  255  215   67   78  255  205   57   68  255  228  110  119  255  242  142  149  255  242  142  149  255  242  142  149  255  240  131  139  255  236  108  117  255  233   92  102  255  233   94  104  255  238  117  126  255  241  139  147  255  242  142  149  255  242  145  153  255  241  151  151   37
    0    0    0    0  232   99  108  255  234  110  118  255  233   98  108  255  235  100  110  255  232   97  107  255  231   96  106  255  231   96  106  255  219   76   87  255  207   58   69  255  225   84   94  255  232   96  106  255  227   85   96  255  215   66   77  255  204   53   64  255  221   79   90  255  231   96  106  255  231   96  106  255  233   98  108  255  234   98  108  255  234   95  105  255  233   92  102  255  229   88   98  255  231   93  103  255  235  100  110  255  233   98  108  255  230   95  105  255  234   96  103   37
    0    0    0    0  221   77   88  255  221   80   90  255  224   81   91  255  227   84   95  255  220   75   86  255  216   68   79  255  215   67   78  255  209   59   70  255  204   53   64  255  222   76   86  255  230   89   99  255  218   72   83  255  206   57   68  255  201   50   61  255  211   63   74  255  215   67   78  255  217   70   81  255  224   80   91  255  232   90  100  255  233   92  102  255  226   83   93  255  219   73   84  255  223   79   90  255  228   85   95  255  221   77   88  255  218   72   83  255  213   68   82   37
    0    0    0    0  204   55   66  255  201   53   64  255  211   64   75  255  215   69   80  255  200   52   63  255  192   43   54  255  191   42   53  255  191   42   53  255  196   47   58  255  215   70   81  255  218   71   82  255  204   53   64  255  192   43   54  255  191   42   53  255  191   42   53  255  190   41   52  255  192   44   55  255  204   57   68  255  196   47   58  255  206   63   73  255  204   60   71  255  196   48   59  255  209   61   72  255  216   71   82  255  202   55   66  255  192   43   54  255  192   41   55   37
    0    0    0    0  177   36   47  250  184   41   52  229  172   34   44  161  181   41   51  160  178   35   46  230  171   29   39  250  171   30   40  255  167   26   38   67  173   32   42  255  191   46   57  255  201   54   65  235  192   44   56  245  178   35   46  255  169   29   39  219  166   29   39  255  167   30   39  255  177   35   45  240  192   46   57  240  196   52   63  255  191   48   59  255  170   32   41  255  171   29   39  224  185   42   53  255  199   53   64  161  178   35   44  160  172   31   41  255  172   27   41   37
    0    0    0    0  112   20   26  229  102   19   24  104  120   20   27  213  115   18   25  255  109   18   24  126  157   30   37  229  179   34   45  183  166   27   36  245  155   22   32  203  140   22   30  255  121   18   27  151  132   25   32  202  132   25   33  255   66   13   17   73  140   26   34  193  125   23   31  255  123   20   27  177  158   28   37  135  166   29   39  234  155   26   35  193  131   25   33  255   92   17   23   88  154   36   45  203  155   38   47  255  170   36   46  255  177   33   45  203  186   39   49   26
    0    0    0    0   64   12   15  146   71   13   18  136   64   13   16  171   70   14   17  193   92   14   21  223  114   17   25  162    0    0    0    1  161   23   32  219  127   18   30   42  110   15   23  193   97   14   21  193   96   15   22  146   80   13   19  146   64   12   15  146   64   13   15  114   77   12   17  178   97   15   20  209  128   20   28  125  147   20   30  135  120   17   24  114   85   15   19  146   67   11   16  219   97   18   18   42  106   17   22  146  143   20   29  208  151   20   31   74    0    0    0    0
    0    0    0    0   65   12   15  145   69   13   18  135   64   13   16  110   72   13   17  130   89   14   21  120  118   16   23  140  161   22   33  145  161   22   33  115  161   22   34  104   97   16   21   47   98   15   21  130   96   15   22  145   97   12   24   21   65   12   15  145   65   13   16   94   90   16   24   31   89   16   20   63  148   20   28   62  143   23   31   32  114   17   24  218    0    0    0    1   68   11   17  115   76   14   17  104  123   20   24   62  136   20   28  125  158   22   32  135  157   24   36   21
    0    0    0    0   65   13   17   74   72   14   19   53    0    0    0    0   78   12   18   42   93   15   22  150  114   17   22   89  161   24   34   74  178   25   25   10  163   24   33   53    0    0    0    0   97   18   18   42   96   17   20   74   78   13   18  166   65   13   17   74    0    0    0    0    0    0    0    0  115   19   26   77  114   19   26   78    0    0    0    0  113   16   24   63    0    0    0    0   76   25   25   10   84   14   19  105  101   16   22  135  119   15   23   32  161   24   34   52  162   23   23   11
    0    0    0    0    0    0    0    0    0    0    0    0    0    0    0    0    0    0    0    0   98   19   19   26  102    0    0    5    0    0    0    0    0    0    0    0    0    0    0    0    0    0    0    0    0    0    0    0    0    0    0    0   79   15   15   32    0    0    0    0    0    0    0    0    0    0    0    0  111   15   31   16  111   15   31   16    0    0    0    0    0    0    0    0    0    0    0    0    0    0    0    0   92   23   23   11   97   12   24   21    0    0    0    0    0    0    0    0    0    0    0    0
