   28   28
    0    0    0    0    0    0    0    0    0    0    0    0    0    0    0    0    0    0    0    0    0    0    0    0    0    0    0    0    0    0    0    0    0    0    0    0    0    0    0    0    0    0    0    0    0    0    0    0    0    0    0    0    0    0    0    0    0    0    0    0    0    0    0    0    0    0    0    0    0    0    0    0    0    0    0    0    0    0    0    0    0    0    0    0    0    0    0    0    0    0    0    0    0    0    0    0    0    0    0    0    0    0    0    0    0    0    0    0    0    0    0    0
    0    0    0    0   24   65  148   31   25   51   76   10    8   24   53  114    6   19   42  115    0    0   25   10    0    0    0    0   14   35   70   36    0   51  102    5   19   58  127   26    0    0    0    0    0    0    0    0    1    4   13  156    0    4   12   62   14   35   84   36    0    0   51    5    0    9   29   26    0    0    0    0   12   38   76   20    0   25   76   10    0    0    0    0    0    0    0    0   24   74  164   31    0    0    0    0    0    0    0    0    0    0    0    0    0    0    0    0    0    0    0    0
    0    0    0    0   24   68  151  167   17   49  110  104   11   33   77  135    4   13   28  176    4    8   20  126    0    0   23   11   12   33   74  182   19   58  117   26   19   56  125  130    8   16   41   31    8   16   41   31    0    4   14   52    1    4   12  166   12   37   85  182    7   14   28   36    3   11   23  203    6   20   52   73   13   35   79  135    9   33   72   53   16   45   98   62    0    0    0    0   25   74  164  167   24   73  166   52   24   65  156   31   24   74  156   31    0    0    0    0    0    0    0    0
    0    0    0    0   21   63  134   36   20   58  130  213    8   26   61  171    6   15   36  193    3    8   18  223    5   13   29  130   11   32   74  109   19   54  126   93    8   32   74   31    8   23   52  171    4   14   31  172    1    5   13  135    2    4   13  114    0    0    0    0    7   19   45  129    5   14   33  224    8   22   50  146   12   36   85  125    7   31   71   32   14   42   97  125   11   32   74  109   26   76  165  114   22   63  136  136   16   44   99  125   24   68  153   63    9   19   46   77    0   15   47   16
    0    0    0    0   28   70  148   36   22   64  144  213   16   42   91  172   18   51  109  193    8   25   55  120   11   34   78  234   17   48  107  255   22   65  146  240   22   64  141  135   11   35   77  172   12   34   77  255   15   43   96  177    6   13   31  115   31   80  172  145    9   27   60  130   15   43   95  182   20   53  119   62   16   42   95  125   22   64  139  135   24   72  157   21   20   57  126  254   26   75  164  115   22   62  137  135    8   20   48   63    0    0    0    0    9   19   45   78    0   15   47   16
    0    0    0    0   26   75  166  192   28   78  174  234   34   88  187  213   31   80  172  255   26   74  163  203   24   68  153  244   31   81  173  255   28   77  169   99   32   86  185  234   27   76  168  213   23   63  142  152   22   65  146  202   25   73  162  192   33   87  186  255   28   70  162   36   26   74  163  234   25   71  158  213   29   79  169  213   35   89  187  234   35   91  193  192   27   75  165   74   27   78  172  192   26   70  154  234    8   21   46  181    6   19   45   78    0    0    0    0    0    0    0    0
    0    0    0    0   29   84  186  255   37   93  196  255   42   98  204  255   36   92  197  255   34   90  192  255   41   96  198  255   49  105  207  255   56  113  219  223   42   99  204  255   32   87  188  255   29   83  185  234   29   84  187  244   25   77  173   69   49  106  212  254   60  117  227  223   37   93  197  255   31   84  185  162   30   85  186  161   48  105  210  255   46  103  210  255    0    0  255    1   22   63  146   68   18   54  118  193   23   68  147  130   27   76  166  110    4   14   36  155    7   15   31   32
    0    0    0    0   57  116  225  255   61  120  229  255   74  133  242  255   70  129  238  255   59  118  227  255   69  128  237  255   86  145  254  255   85  144  253  255   72  131  240  255   54  113  222  255   51  110  219  255   47  106  215  255   67  126  234  254   71  130  239  255   76  135  244  255   62  121  230  255   63  122  231  255   80  139  247  255   46  103  208  255   71  130  238  255   64  123  231  254   37   90  188  254   11   31   69  255    2    5   13  254    2    4   13  110    0    0    0    1    0    0    0    0
    0    0    0    0   77  135  242  255   83  141  249  255   88  146  254  255   83  141  250  255   79  138  247  255   85  144  253  255   87  145  254  255   88  146  254  255   86  145  252  255   81  139  247  255   81  139  247  255   70  128  234  255   88  145  251  255   88  146  254  255   87  145  253  255   80  138  247  255   82  141  250  255   88  146  254  255   82  140  249  255   66  125  234  255   40   97  204  255   26   64  137   67   24   48   90  255   36   47   69  146   35   45   68  145   34   44   68   74    0    0    0    0
    0    0    0    0  118  164  255  255  114  162  255  255  112  161  255  255  101  154  255  255   88  147  254  255   86  145  254  255   92  148  255  255  105  156  255  255  114  162  255  255  114  162  255  255  114  162  255  255  119  166  254  255  124  169  255  255  114  162  255  255  108  159  255  255   91  147  255  255   86  145  254  255   99  154  255  255   91  147  253  255   63  122  231  255   37   94  198  255   33   79  166  193   30   44   70  255    3    6   17  146    2    9   19  104    7   21   46  105   23   23   69   11
    0    0    0    0  151  187  255  255  145  183  255  255  138  179  255  255  115  163  255  255   92  149  254  255   88  146  254  255  107  158  255  255  140  179  255  255  154  189  255  255  148  185  255  255  151  186  255  255  144  182  255  255  136  177  255  255  145  183  255  255  126  171  255  255  100  153  255  255   88  146  254  255   97  151  255  255   84  140  247  255   60  119  228  255   36   93  198  255   23   71  156  129   20   51  107  255   20   27   41  146   24   69  152   62   15   41   92  135   12   36   72   21
    0    0    0    0  170  198  255  255  150  186  255  255  143  182  255  255  119  165  255  255   97  152  255  255  105  157  255  255  150  186  255  255  188  209  251  255  185  208  252  255  164  195  255  255  183  206  252  255  168  196  253  255  152  187  255  255  150  186  255  255  130  174  255  255  104  156  255  255  105  157  255  255  111  160  255  255   75  132  238  255   58  117  226  255   32   88  191  255   25   76  164  130   28   73  155  255   29   61  121  208   22   65  144  125   23   71  151   32    0    0    0    0
    0    0    0    0  199  216  251  255  183  207  254  255  177  203  254  255  147  184  255  255  118  165  255  255  143  181  255  255  198  216  250  255  219  228  245  255  213  225  246  255  198  216  250  255  218  227  244  255  189  210  251  255  172  200  255  255  183  207  254  255  165  195  255  255  126  170  255  255  127  171  255  255  120  166  255  255   70  127  234  255   66  125  234  255   47  103  209  255   32   87  190  166   20   58  127  126   15   48  107  178   15   43   96  135   14   38   86   53    0    0    0    0
    0    0    0    0  233  235  239  255  231  234  239  255  230  233  239  255  212  223  245  255  188  210  252  255  210  222  246  255  233  235  239  255  235  236  238  255  234  236  238  255  233  235  239  255  235  236  238  255  231  234  239  255  229  232  240  255  231  234  239  255  225  230  241  255  195  214  250  255  196  214  250  255  148  184  251  255   87  145  251  255   78  137  246  255   62  121  230  255   37   92  194  250   26   62  132  166    8   24   53  114    8   24   53  115   23   46   92   11    0    0    0    0
    0    0    0    0  237  237  237  255  237  237  237  255  231  234  240  255  194  213  250  255  158  191  255  255  189  211  253  255  237  237  237  255  237  237  237  255  237  237  237  255  237  237  237  255  237  237  237  255  207  221  248  255  231  234  239  255  237  237  237  255  217  226  246  255  172  200  255  255  141  180  255  255  105  156  255  255   87  146  254  255   67  126  235  255   41   98  205  255   20   55  130   37   21   58  128  182    0    0    0    0    3   10   24  145    3   10   24   74    0    0    0    0
    0    0    0    0  205  219  249  255  203  218  249  255  209  222  248  255  194  213  252  255  167  196  255  255  180  205  255  255  237  237  237  255  235  236  238  255  212  224  247  255  190  212  253  255  209  223  248  255  216  226  246  255  234  235  239  255  207  221  249  255  182  206  253  255  179  204  252  255  153  187  255  255  110  160  254  255   90  147  254  255   63  122  231  255   32   89  192  219   25   73  163  224    8   20   46   88    3    6   17  219    2    8   16   95    0    0    0    0    0    0    0    0
    0    0    0    0  173  200  255  255  161  193  254  255  194  213  251  255  178  203  251  255  146  183  255  255  180  205  254  255  233  235  239  255  217  226  244  255  180  204  251  255  148  184  255  255  180  204  251  255  214  224  244  255  218  226  242  255  186  209  254  255  210  222  247  255  146  183  255  255  134  176  255  255  127  171  255  255  106  157  255  255   72  130  238  255   52  108  213   73   28   76  166  255   17   52  118  203   10   31   73   73    8   32   74   31    0    0    0    0    0    0    0    0
    0    0    0    0  150  186  255  255  147  184  255  255  148  184  255  255  122  168  255  255  102  154  254  255  148  185  255  255  211  224  248  255  169  197  255  255  129  172  255  255  105  157  255  255  127  171  255  255  153  187  255  255  160  192  255  255  151  186  255  255  174  201  251  255  173  200  253  255  124  169  255  255   99  153  255  255   88  146  254  255   72  131  240  255   54  110  215  255   33   84  179  162   20   59  130  255   14   40   89  209   12   32   72   63   19   56  122   77   15   47  127   16
    0    0    0    0  126  171  255  255  134  176  255  255  112  161  254  255   84  141  246  255   68  127  236  255  108  158  251  255  176  202  254  255  151  186  255  255  112  161  255  255   96  151  255  255  101  154  255  255  117  164  255  255  137  177  255  255  120  166  255  255  123  169  255  255  178  203  252  255  153  188  255  255  114  163  255  255   90  148  254  255   82  141  250  255   51  108  215  255   33   87  186  161   31   74  152  255   39   69  127  208   20   56  121   63   19   55  124   78   15   47  127   16
    0    0    0    0  107  158  255  255  114  163  255  255   91  147  252  255   67  126  235  255   55  114  223  255   76  135  242  255  109  160  254  255  114  162  255  255   92  148  253  255   80  138  246  255   84  142  250  255   96  151  255  255  117  165  255  255   99  153  255  255   99  154  254  255  149  184  253  255  153  188  255  255  120  166  255  255   86  144  250  255   79  137  247  100   39   95  199  254   41   87  175   99   45   73  125  255   27   50   95  178   13   37   84  135    9   33   72   53    0    0    0    0
    0    0    0    0   92  148  255  255   92  148  255  255   86  145  254  255   79  138  247  255   70  129  238  255   63  122  231  255   59  118  226  255   78  136  244  255   69  128  237  255   54  113  222  255   68  127  236  255   85  144  252  255   92  149  255  255   87  146  254  255   87  146  254  255   95  151  254  255   98  152  255  255   99  152  255  255   85  142  249  255   56  114  224  223   33   87  194   38   27   76  169  193   48   68  110   37    8   22   46  114    8   22   46  115    0   23   69   11    0    0    0    0
    0    0    0    0   58  117  226  255   68  127  236  255   81  140  249  255   77  136  245  255   61  120  229  255   34   90  194  255   41  100  209  255   57  116  225  255   52  111  220  255   41  100  209  255   35   92  198  255   54  112  220  255   64  123  232  255   57  116  225  255   84  143  252  255   67  126  235  255   69  128  237  255   69  128  237  255   72  131  240  255   73  134  248   38   30   86  188  253   32   88  192  219   41   45   59   73   41   47   57  146    0    0    0    0    0    0    0    0    0    0    0    0
    0    0    0    0   43  101  208  255   42   99  205  192   62  117  219  130   60  116  220  255   44  103  209  230   35   91  194  250   35   91  195  255   31   86  188  255   37   94  200  192   33   86  184  130   36   91  194  255   33   82  172   99   40   99  206  193   64  123  231  219   68  124  228  255   45  100  202  255   28   82  182  240   33   91  197  219   38   95  202  245   44  103  211  224   29   84  186  255   20   49  111   62   16   47  103  167    2    4   13  114    2    4   13  115    0    0   25   10    0    0    0    0
    0    0    0    0   26   77  171  193   25   71  155  255   24   62  131  255   20   54  117  214   12   33   72  105   13   40   91  229   18   52  115  255   22   68  151  245   23   69  151  203   18   53  116  255   14   40   90  255   16   46  103  203    8   17   42   89   13   38   83   73   20   52  110  245   22   56  121  203   28   53  102  177   24   41   73   73   22   64  142  202   27   68  151   37   22   63  139  254   18   48  109  167   12   29   71  104    1    5   13  135    1    5   13  135    4    7   19  105    0   23   23   11
    0    0    0    0   21   63  134   36   19   56  128  224   10   29   63  193    6   20   46  110    2    7   16  181    4   14   31  162   12   33   74  255   18   56  123  126   12   30   72   42    7   25   55  193    5   13   30  193    2    6   14  120    1    5   12  141   12   38   85  146    8   20   46  126   27   34   52   73   30   40   61  209   24   41   75  146   17   48  110  146   20   55  123  114   12   33   73  146    8   24   55  114   15   45  103  136    2    4   12  125    4    4   12   63    4   12   24  104   12   12   24   21
    0    0    0    0   23   69  151  140   19   53  119  120    9   31   72  130    3   13   33  130    2    8   19  120    0    0   15   16   12   33   74  254   24   60  121   21   19   56  125  104    5   16   37   47    5   16   37   47    1    5   12  181    1    4   12  161    0    0    0    1    7   19   43  145    3    9   22  135    4    8   16   63   12   33   73   83   12   36   72   42   18   56  124   94   12   33   73  145    5   16   40   94    0    0   16   31    6   18   42  125   12   32   72   63    0    0    0    0    0    0    0    0
    0    0    0    0   24   68  153   63   12   36   84   21    8   27   59  120    6   17   38  120    0   12   24   21    6   16   36  155   10   34   72   74   25   51  127   10   19   57  125   53    0    0    0    0    2    7   17  103    2    7   14  105    3    3   13   74    0    0    0    0    6   20   44   74    4    9   24   53    0    0    0    0   12   30   72   42   18   52  117  150   19   58  127   26   10   34   73   73    0    0    0    0    0    0    0    0    7   31   71   32    7   31   71   32    0    0    0    0    0    0    0    0
    0    0    0    0    0    0    0    0    0    0    0    0    0   15   47   16    0   15   47   16    0    0    0    0    7   15   31   32    0    0    0    0    0    0    0    0    0    0    0    0    0    0    0    0    0   12   12   21    0    0   23   11    0    0    0    0    0    0    0    0    0    0    0    0    0    0    0    0    0    0    0    0    0    0    0    0   19   58  127   26    0   51  153    5    0    0    0    0    0    0    0    0    0    0    0    0    0    0    0    0    0    0    0    0    0    0    0    0    0    0    0    0
