   28   28
    0    0    0    0    0    0    0    0    0    0    0    0    0    0    0    0    6   20   45   73    7   21   46  164    0    0    0    0    0    0    0    0    0    0    0    0    0    0    0    0    8   22   52  181    9   23   50   55    0    0    0    0    0    0    0    0    0    0    0    0    0    0    0    0    0    0    0    0   14   33   75   54   12   33   74  182    0    0    0    0    0    0    0    0    6   16   36  127    6   16   34  110    0    0    0    0    0    0    0    0    0    0    0    0    0    0    0    0    0    0    0    0
    0    0    0    0    3    8   20  238    0    0   14   18    3    7   19   64    4   11   26  174   13   37   79   96   18   50  114  237   23   69  153  128   24   68  153  153   24   66  146  103   14   28   70   18    8   22   52  190    5   20   50   50    0    0    0    1    2    5   12  236    0    0   15   17    0    0    0    3   11   27   67   64   13   33   76  174   21   63  127   12   11   32   74  109   11   33   73  128    0    0   25   10    0   14   28   18    0   14   42   18   12   37   84  190   15   40   96   50   24   69  153  221
    0    7   14   36    3    9   20  252    2    4   12  224    2    4   13  209    5   18   41   99    8   23   48  177   12   36   84   21   24   68  152  127   23   69  152  235   17   51  114  242    9   29   66  230   10   23   50   75    8   20   46  223    4   14   29   52    0    7   14   36    2    4   12  206    4   12   28   62    7   18   42  180   17   49  110   88   18   56  124  154   13   38   82  114   11   31   67  128    3    7   19  160    4    9   21  232    7   18   41  245    9   27   58   83   20   61  137  223   26   67  134   19
    5   13   31  255    4    9   21  191    9   31   68   82    5   14   33  255    6   20   43  240   11   31   70  220   16   51  113  169   24   71  158  154   23   70  153  141   18   50  110  182   15   47  109  112    9   25   57  169   10   27   62  247    7   22   48  255    2    5   12  201   15   41   90   68    6   17   41  227   15   42   93   85   14   36   83  159   22   62  139  126   21   58  131  169    9   29   67  154    5   15   34  224    9   23   52  107   12   32   69  197   13   35   80  213   21   61  137  247   25   77  166   69
   19   56  124  255   28   79  175   80   15   46  101  193   18   52  116  255   21   61  136  203   29   84  182  138   30   83  181  255   30   82  179  255   26   74  162  255   23   67  149  255   21   57  128  203   31   79  172   96   26   71  153  229   26   70  151  255   41  101  209   73   19   51  114  187   24   65  144  255   23   64  141  216   32   87  187  125   30   81  175  255   28   76  165  255   24   67  148  255   28   74  160  151   32   79  164  189   38   82  164  255   52  104  200  112   33   85  182  229   32   86  185  255
   29   84  185  255   31   88  193  243   31   87  187  114   27   79  173  255   30   84  186  255   35   93  200  255   41   99  207  255   42  100  206  255   30   83  180  255   27   80  176  255   33   88  192  138   40   99  208  220   48  107  216  255   38   96  203  255   49  108  217  255   62  120  230  102   45  104  213  255   38   97  206  255   41  100  209  255   43  102  210  255   38   96  204  255   39   98  207  255   44  103  212  255   47  105  213  255   71  130  238  255   72  131  240  255   45  103  210  255   49  108  217  255
   35   92  198  255   37   95  203  255   36   94  201  255   32   89  193  255   35   92  199  255   40   98  206  255   55  113  220  255   62  120  227  255   39   95  199  255   33   90  195  255   38   96  204  255   46  105  214  255   70  129  238  255   57  114  219  255   75  133  242  255   73  132  241  255   63  122  231  255   45  104  213  255   51  110  219  255   58  117  225  255   48  106  213  255   49  108  217  255   58  117  226  255   55  113  219  255   76  134  242  255   83  142  251  255   59  116  222  255   70  128  236  255
   49  108  217  255   54  113  222  255   47  106  215  255   39   98  207  255   44  103  212  255   58  117  226  255   75  134  243  255   74  133  242  255   45  103  210  255   41  100  208  255   53  112  221  255   65  124  233  255   85  143  252  255   98  152  255  255  102  155  255  255   90  147  254  255   79  138  247  255   61  120  229  255   68  127  236  255   83  141  248  255   80  137  243  255   69  128  236  255   65  124  233  255   66  125  234  255   78  137  246  255   89  146  254  255  100  154  255  255   96  151  255  255
   67  126  235  255   93  146  246  255   64  123  232  255   48  107  216  255   60  119  228  255   80  138  247  255   90  146  252  255   77  135  243  255   51  110  219  255   53  112  221  255   78  135  242  255   87  144  250  255   95  151  255  255  114  163  255  255  127  171  255  255  102  155  255  255   90  147  254  255   83  141  249  255   94  149  252  255  113  162  255  255  131  173  255  255  108  158  251  255   68  125  233  255   57  116  225  255   75  134  243  255   98  152  254  255  123  168  255  255  110  160  255  255
   96  149  250  255  126  171  255  255   92  147  249  255   72  131  240  255   86  143  248  255  113  162  255  255  122  168  255  255  103  154  251  255   74  132  240  255   74  133  242  255  109  158  252  255  115  163  255  255  122  168  255  255  135  177  255  255  142  181  255  255  125  170  255  255  110  160  255  255   95  150  255  255  104  156  255  255  133  175  255  255  169  198  254  255  155  189  254  255   95  148  247  255   76  135  244  255  100  153  252  255  122  168  255  255  140  179  255  255  129  172  255  255
  130  173  255  255  160  192  255  255  126  170  255  255  103  155  254  255  122  168  255  255  150  186  255  255  150  186  255  255  133  175  255  255  107  158  254  255  108  159  254  255  148  185  255  255  164  195  255  255  162  194  255  255  164  195  255  255  164  195  255  255  161  192  255  255  142  181  255  255  107  159  255  255  117  165  255  255  154  188  255  255  192  212  251  255  188  209  250  255  127  172  254  255  109  159  255  255  138  178  255  255  153  188  255  255  146  183  255  255  154  188  255  255
  183  207  253  255  220  227  242  255  177  203  253  255  147  184  255  255  175  201  253  255  202  218  249  255  170  198  254  255  144  182  255  255  139  179  255  255  158  191  255  255  208  220  245  255  225  230  241  255  223  229  241  255  223  229  241  255  223  229  241  255  222  229  241  255  201  217  248  255  151  186  255  255  164  194  253  255  207  220  246  255  229  232  240  255  211  223  246  255  163  195  254  255  155  189  255  255  195  213  249  255  192  213  252  255  156  190  255  255  176  202  255  255
  207  221  249  255  235  236  238  255  206  220  249  255  199  217  250  255  188  211  254  255  178  204  254  255  176  203  255  255  177  203  255  255  177  203  255  255  195  213  252  255  228  232  240  255  237  237  237  255  237  237  237  255  237  237  237  255  237  237  237  255  214  225  246  255  218  228  245  255  190  212  253  255  199  216  250  255  227  231  242  255  237  237  237  255  211  223  246  255  171  199  255  255  174  200  255  255  202  218  250  255  208  221  248  255  202  218  249  255  205  220  249  255
  235  236  238  255  237  237  237  255  235  236  238  255  226  231  241  255  183  207  254  255  161  193  255  255  198  215  248  255  233  235  238  255  233  235  238  255  234  235  238  255  236  237  237  255  237  237  237  255  237  237  237  255  237  237  237  255  237  237  237  255  199  217  252  255  236  236  238  255  234  235  238  255  234  236  238  255  236  237  237  255  237  237  237  255  216  226  245  255  171  200  254  255  166  196  255  255  207  221  247  255  232  234  240  255  235  236  238  255  235  236  238  255
  237  237  237  255  237  237  237  255  237  237  237  255  234  236  238  255  215  226  247  255  200  217  251  255  221  228  243  255  237  237  237  255  237  237  237  255  237  237  237  255  237  237  237  255  237  237  237  255  237  237  237  255  237  237  237  255  237  237  237  255  237  237  237  255  237  237  237  255  237  237  237  255  237  237  237  255  237  237  237  255  237  237  237  255  230  234  240  255  207  221  249  255  204  219  250  255  229  233  240  255  237  237  237  255  237  237  237  255  237  237  237  255
  221  229  245  255  236  237  237  255  217  227  246  255  193  213  253  255  192  213  253  255  188  211  254  255  179  204  255  255  175  202  255  255  184  208  254  255  202  218  250  255  228  233  240  255  215  225  246  255  184  207  254  255  224  230  239  255  119  166  255  255  182  206  254  255  232  234  239  255  206  220  248  255  211  223  247  255  222  229  244  255  215  226  246  255  181  205  251  255  135  176  255  255  131  174  255  255  167  196  255  255  189  211  253  255  192  213  253  255  206  220  248  255
  189  211  253  255  228  232  240  255  185  209  253  255  159  191  255  255  152  187  255  255  161  193  255  255  195  214  251  255  202  219  249  255  164  195  254  255  166  196  255  255  214  224  244  255  206  219  247  255  145  183  254  255  105  156  253  255   94  149  252  255  148  184  254  255  208  221  247  255  169  198  255  255  179  204  253  255  203  218  249  255  186  209  252  255  141  180  255  255  105  156  255  255  104  155  255  255  131  174  255  255  149  186  255  255  152  187  255  255  177  203  255  255
  151  187  255  255  185  209  253  255  151  187  255  255  150  186  255  255  145  183  255  255  150  186  255  255  166  196  255  255  154  188  255  255  116  164  255  255  122  167  255  255  162  193  255  255  141  180  255  255   91  147  252  255   66  125  234  255   60  119  228  255   91  147  251  255  158  190  255  255  151  187  255  255  155  189  255  255  161  193  255  255  136  177  255  255  103  155  255  255   89  147  255  255  101  153  255  255  120  166  255  255  141  180  255  255  145  183  255  255  158  190  255  255
  132  175  255  255  147  183  255  255  132  175  255  255  132  175  255  255  132  175  255  255  132  175  255  255  132  175  255  255  117  165  255  255   87  144  248  255   89  144  248  255  122  167  254  255  111  160  255  255   82  140  247  255   53  112  221  255   42  101  210  255   81  138  244  255  132  175  255  255  132  175  255  255  132  175  255  255  126  171  255  255  106  158  255  255   90  147  255  255   86  145  254  255   94  150  255  255  118  165  255  255  131  174  255  255  132  175  255  255  134  176  255  255
   93  148  252  255  102  155  254  255   93  148  252  255   96  151  255  255   95  150  254  255   93  148  252  255   93  148  252  255   84  141  248  255   59  118  227  255   57  116  225  255   86  142  248  255   91  147  253  255   78  136  245  255   53  112  221  255   41  100  209  255   66  125  234  255   93  148  252  255   93  148  252  255   94  149  253  255   94  150  255  255   91  148  255  255   87  146  255  255   84  143  252  255   85  143  252  255   93  149  254  255   96  151  255  255   93  148  252  255   95  148  250  255
   72  131  240  255   74  133  242  255   73  132  241  255   82  141  250  255   77  136  245  255   68  127  236  255   67  126  235  255   60  119  228  255   44  103  212  255   46  105  214  255   76  135  244  255   80  139  248  255   65  124  233  255   48  107  216  255   39   98  207  255   53  112  221  255   67  126  235  255   67  126  235  255   73  132  241  255   84  143  252  255   86  145  254  255   83  142  251  255   73  132  241  255   71  130  239  255   80  139  248  255   80  139  248  255   70  129  238  255   66  125  234  255
   53  111  219  255   48  106  212  255   55  114  222  255   69  128  237  255   57  115  222  255   44  101  207  255   41   98  204  255   40   97  203  255   36   93  199  255   43  101  208  255   70  129  238  255   68  127  236  255   47  106  215  255   37   94  200  255   34   91  197  255   38   96  202  255   41   98  204  255   41   98  203  255   51  109  215  255   61  119  226  255   63  120  226  255   64  122  228  255   51  109  215  255   50  108  215  255   66  125  233  255   64  122  230  255   48  105  211  255   44  101  207  255
   34   88  188  255   33   88  189  255   35   90  191  234   54  112  222  140   38   93  196  255   29   81  178  255   28   80  175  255   27   82  179  183   27   81  179  192   34   88  188  255   51  109  217  255   48  107  216  255   37   95  203  255   29   83  183  255   28   80  175  255   28   80  175  255   28   80  175  255   29   82  179  255   35   90  193  255   38   95  199  255   38   94  196  255   39   92  191  255   32   84  179  255   32   85  184  255   46  103  209  255   52  108  215  141   31   83  181  234   28   80  175  255
   20   58  127  255   29   79  175  103   18   55  124  242   16   47  105  183   23   66  144  208   25   76  168  150   26   76  168  255   26   76  169  209   24   73  160  215   25   70  154  255   28   71  153  255   36   86  182  127   25   71  156  231   23   66  146  255   24   74  166   92   21   59  131  255   21   60  135  255   20   61  136  220   29   83  179  138   29   80  174  255   28   76  165  255   23   66  144  255   22   66  144  162   23   67  149  196   29   74  156  255   32   79  168  183   27   76  168  242   27   78  171  255
    6   17   38  255    2   10   23  174   10   33   77   99    6   17   39  255    7   21   49  234   12   33   73  208   17   54  120  178   24   71  160  164   23   70  156  152   17   50  114  190   13   37   82  255    9   25   56  197   11   30   68  244    9   25   56  255    1    5   14  182   14   41   96   87    7   21   48  255    9   27   61  239   13   39   86  150   22   64  144  138   20   60  133  178   12   34   76  164    5   16   39  213    9   29   63  113   13   36   78  202   17   46  102  255   22   64  141  255   26   76  167   87
    0    4   13   55    3    7   19   65    2    4   13  208    2    4   13  213    6   18   38  112    8   23   51  184   16   41   90   31   24   68  152  127   23   69  152  110   14   43   94   35    9   24   55  197    7   23   52   98    9   23   46   55    4   13   27   55    0    4   13   55    2    5   13  190    3   12   27   83    5   19   41  213   15   47  103   96   18   56  124  148   13   39   87  117    9   29   65  128    3    9   19  169    2    8   16   92    6   19   45   39   13   32   78   55   20   60  136  226   26   67  134   19
    2    4   12  218    3    8   19  205    0    6   13   37    3    6   20   75    4   12   26  166   12   35   75  102   17   51  114  218   23   69  153  128   23   69  152  140   25   67  151   79    9   19   49   26    7   22   52  179    8   21   47  218   15   31   47   16    2    4   12  217    0    7   15   34    0    0   51    5    8   17   43   29   23   46  115   11   21   53  127   24   11   32   74  109   11   33   73  128    0   12   12   21    4    9   24  153    4   12   24   63   13   38   84  171   16   48  109   63   23   68  152  205
    0    0   13   19    0   14   14   18    0    0    0    0    0    0    0    4    6   18   40   81    8   22   48  159   13   53  107   19   25   76  153   10   23   69  139   11   36   72  145    7    0    0    0    0    0   17   51   15   13   26   53   19    4   10   25  220    0    0   12   20    0    0    0    0    0    0    0    0   15   30   76   50   12   33   74  168    0    0    0    0    0   31   63    8    0   25   76   10    0    0    0    0    0   21   21   12    8   20   45  173   11   27   54   66    0    0   85    3   28   70  155   18
