   28   28
    0    0    0    0    0    0    0    0    0    0    0    0    0    0    0    0    0    0    0    0    0    0    0    0    0    0    0    0    0    0    0    0    0    0    0    0    0    0    0    0    0    0    0    0    0    0    0    0    0    0    0    0    0    0    0    0    0    0    0    0    0    0    0    0    0    0    0    0    0    0    0    0    0    0    0    0    0    0    0    0    0    0    0    0    0    0    0    0    0    0    0    0    0    0    0    0    0    0    0    0    0    0    0    0    0    0    0    0    0    0    0    0
    0    0    0    0    0    0    0    0    0    0    0    0    0    0    0    0    0    0    0    0    0    0    0    0    0    0    0    0    0    0    0    0    0    0    0    0    0    0    0    0    0    0    0    0    0    0    0    0    0    0    0    0    0    0    0    0    0    0    0    0    0    0    0    0    0    0    0    0   50    0  255   96   51    0  254  158    0    0    0    0    0    0    0    0    0    0    0    0    0    0    0    0    0    0    0    0    0    0    0    0    0    0    0    0    0    0    0    0    0    0    0    0
    0    0    0    0    0    0    0    0    0    0    0    0    0    0    0    0    0    0    0    0    0    0    0    0    0    0    0    0    0    0    0    0    0    0    0    0    0    0    0    0    0    0    0    0    0    0    0    0    0    0    0    0    0    0    0    0    0    0    0    0    0    0    0    0   50    0  254  101  129   97  254  243  175  156  254  248   51    0  255  160    0    0    0    0    0    0    0    0    0    0    0    0    0    0    0    0    0    0    0    0    0    0    0    0    0    0    0    0    0    0    0    0
    0    0    0    0    0    0    0    0    0    0    0    0    0    0    0    0    0    0    0    0    0    0    0    0    0    0    0    0    0    0    0    0    0    0    0    0    0    0    0    0    0    0    0    0    0    0    0    0    0    0    0    0    0    0    0    0    0    0    0    0    0   50  254  105  105  131  254  239  241  238  255  255  182  164  255  255   51    0  254  173    0    0    0    0    0    0    0    0    0    0    0    0    0    0    0    0    0    0    0    0    0    0    0    0    0    0    0    0    0    0    0    0
    0    0    0    0    0    0    0    0    0    0    0    0    0    0    0    0    0    0    0    0    0    0    0    0    0    0    0    0    0    0    0    0    0    0    0    0    0    0    0    0    0    0    0    0    0    0    0    0    0    0    0    0    0    0    0    0    0   49  254  109    0   50  254  235  109  138  255  255  255  255  255  255  182  164  255  255   51    0  254  173    0    0    0    0    0    0    0    0    0    0    0    0    0    0    0    0    0    0    0    0    0    0    0    0    0    0    0    0    0    0    0    0
    0    0    0    0    0    0    0    0    0    0    0    0    0    0    0    0    0    0    0    0    0    0    0    0    0    0    0    0    0    0    0    0    0    0    0    0    0    0    0    0    0    0    0    0    0    0    0    0    0    0    0    0    0    0    0    0    0   50  254  127   97  128  255  255  229  234  255  255  255  255  255  255  182  164  255  255   51    0  254  173    0    0    0    0    0    0    0    0    0    0    0    0    0    0    0    0    0    0    0    0    0    0    0    0    0    0    0    0    0    0    0    0
    0    0    0    0    0    0    0    0    0    0    0    0    0    0    0    0    0    0    0    0    0    0    0    0    0    0    0    0    0    0    0    0    0    0    0    0    0    0    0    0    0    0    0    0    0    0    0    0    0    0    0    0    0    0    0    0    0   50  254  127  118  145  255  255  255  255  255  255  192  176  255  255   79   35  255  255   51    0  254  173    0    0    0    0    0    0    0    0    0    0    0    0    0    0    0    0    0    0    0    0    0    0    0    0    0    0    0    0    0    0    0    0
    0    0    0    0    0    0    0    0    0    0    0    0    0    0    0    0    0    0    0    0    0    0    0    0    0    0    0    0    0    0    0    0    0    0    0    0    0    0    0    0    0    0    0    0    0    0    0    0    0    0    0    0    0    0    0    0    0   50  254  127  118  145  255  255  255  255  255  255  175  155  255  255   51    0  254  187   52    0  254   44    0    0    0    0    0    0    0    0    0    0    0    0    0    0    0    0    0    0    0    0    0    0    0    0    0    0    0    0    0    0    0    0
    0    0    0    0    0    0    0    0    0    0    0    0    0    0    0    0    0    0    0    0    0    0    0    0    0    0    0    0    0    0    0    0    0    0    0    0    0    0    0    0    0    0    0    0    0    0    0    0    0   51  254  103    0   50  254  181    0   50  254  218  118  145  255  255  255  255  255  255  175  155  255  255   51    0  254  164    0    0    0    0    0    0    0    0    0    0    0    0    0    0    0    0    0    0    0    0    0    0    0    0    0    0    0    0    0    0    0    0    0    0    0    0
    0    0    0    0    0    0    0    0    0    0    0    0    0    0    0    0    0    0    0    0    0    0    0    0    0    0    0    0    0    0    0    0    0    0    0    0    0    0    0    0    0    0    0    0    0    0    0    0    0   50  254  145   92  125  255  255  172  189  255  255  211  219  255  255  255  255  255  255  175  155  255  255   50    0  254  225   52    0  254  117    0    0    0    0    0    0    0    0    0    0    0    0    0    0    0    0    0    0    0    0    0    0    0    0    0    0    0    0    0    0    0    0
    0    0    0    0    0    0    0    0    0    0    0    0    0    0    0    0    0    0    0    0    0    0    0    0    0    0    0    0    0    0    0    0    0    0    0    0    0    0    0    0    0    0    0    0    0   51  254   99    0   50  254  215  136  160  255  255  190  174  255  255  185  167  255  255  255  255  255  255  226  219  255  255  135  105  255  255   51    0  254  173    0    0    0    0    0    0    0    0    0    0    0    0    0    0    0    0    0    0    0    0    0    0    0    0    0    0    0    0    0    0    0    0
    0    0    0    0    0   51  254  148    0   51  254  154    0   51  254  154    0   46  254   22    0    0    0    0    0    0    0    0    0    0    0    0    0    0    0    0    0    0    0    0    0    0    0    0    0   51  254  154   88  121  255  255  208  218  255  255  154  128  255  255   74   61  255  255  101  131  255  255  161  180  255  255  182  164  255  255   51    0  254  223   51    0  254  154   51    0  254  154   51    0  254  154   50    0  254  127    0    0    0    0    0    0    0    0    0    0    0    0    0    0    0    0
    0    0    0    0    0   50  254  245  135  159  255  255   42   38  255  255    6   44  254  161    0   50  254  145    0   50  254  145    0   48  254   37    0    0    0    0    0   49  254   98    0   50  254  145    0   50  254  212  145  167  255  255  193  177  255  255   95   55  255  255   27   24  255  255   62  101  255  255  188  202  255  255  224  216  255  255  167  145  255  255  167  145  255  255  139  110  255  255   51    0  255  255   50    0  254  210    0    0    0    0    0    0    0    0    0    0    0    0    0    0    0    0
    0    0    0    0    0   50  254  245  236  240  255  255  170  149  255  255  140  157  255  255  136  160  255  255   51   53  255  255   10   39  254  167    0   50  255  136    0   50  254  216   87  121  255  255  136  160  255  255  204  214  255  255  146  119  255  255   51    0  254  187   18   33  254  182   51   91  255  255  172  189  255  255  206  216  255  255  119  146  255  255  158  177  255  255  232  226  255  255  137  108  255  255   51    0  254  234   50    0  255  136   50    0  255  136   50    0  254  127    0    0    0    0
    0    0    0    0    0   50  254  245  119  146  255  255  128  154  255  255  128  154  255  255  232  237  255  255   95   55  255  255   13   38  255  255   90  123  255  255  127  152  255  255  144  137  255  255  215  205  255  255  197  183  255  255   99   60  255  255   51    0  255  128    0   51  254   59    0   51  254  183  100  131  255  255  209  218  255  255   86  120  255  255   37   80  255  255  160  179  255  255  233  228  255  255  152  127  255  255  152  127  255  255  141  113  255  255   50    0  254  237    0    0    0    0
    0    0    0    0    0   50  254  245    0   51  255  255  105  135  255  255  118  145  255  255  230  235  255  255  169  147  255  255  125  138  255  255  215  223  255  255  191  176  255  255   75   65  255  255  165  164  255  255  139  110  255  255   51    0  255  192   51    0  254   69    0    0    0    0    0   51  254  109   54   94  255  255  179  195  255  255  211  220  255  255   84  118  255  255   34   78  255  255  143  156  255  255  161  137  255  255  161  137  255  255  149  123  255  255   50    0  254  237    0    0    0    0
    0    0    0    0    0   50  254  245  100  131  255  255  239  242  255  255  180  162  255  255  150  164  255  255  146  168  255  255  146  168  255  255  146  168  255  255   67   69  255  255   10   41  255  255  154  175  255  255  139  110  255  255   51    0  254  119    0    0    0    0    0    0    0    0    0   52  254   63    0   51  254  189   52   93  255  255  181  196  255  255  213  222  255  255  109  138  255  255   97  109  255  255   51    0  255  255   51    0  255  240   50    0  254  146   50    0  255  136    0    0    0    0
    0    0    0    0    0   50  254  245  162  148  255  255  175  155  255  255   69   23  255  255   13   38  254  173    0   50  254  155    0   50  254  155    0   50  254  155    0   50  254  223   64  102  255  255  145  146  255  255  105   67  255  255   51    0  254  119    0    0    0    0    0    0    0    0    0    0    0    0    0   50  254   61    0   50  254  191   82  116  255  255  232  226  255  255  195  180  255  255  229  222  255  255  117   82  255  255   51    0  254  219    0    0    0    0    0    0    0    0    0    0    0    0
    0    0    0    0    0   51  254  158   46    4  254  164   51    0  254  164   51    0  254  164   51    0  255   30    0    0    0    0    0    0    0    0    0   51  255   64    0   50  254  202  163  182  255  255  131  101  255  255   51    0  254  203   49    0  254   77    0    0    0    0    0    0    0    0    0    0    0    0    0    0    0    0    0   50  254   91   82  116  255  255  197  182  255  255   79   45  255  255  184  198  255  255  219  210  255  255   50    0  254  232   50    0  254   91   51    0  254   84    0    0    0    0
    0    0    0    0    0    0    0    0    0    0    0    0    0    0    0    0    0    0    0    0    0    0    0    0    0   51  255   64    0   49  254   82    0   50  254  205   55   95  255  255  192  205  255  255  131  101  255  255   50    0  254  156   53    0  254   38    0    0    0    0    0    0    0    0    0    0    0    0    0    0    0    0    0   50  254   91   82  116  255  255  197  182  255  255   38   13  255  255   54   94  255  255  231  224  255  255  116   82  255  255  109   73  255  255   50    0  254  243   49    0  254   82
    0    0    0    0    0    0    0    0    0    0    0    0    0    0    0    0    0    0    0    0    0   51  255   60    0   50  254  216   54   94  255  255   73  109  255  255  196  208  255  255  255  255  255  255  166  145  255  255   76   31  255  255   51    0  254  158   48    0  254   37    0    0    0    0    0    0    0    0    0    0    0    0    0   50  254   91   82  116  255  255  197  182  255  255   38   13  255  255   39   82  255  255  182  197  255  255  193  205  255  255  239  236  255  255  109   73  255  255  109   73  255  255
    0    0    0    0    0    0    0    0    0    0    0    0    0    0    0    0    0    0    0    0    0   51  254  209   49   90  255  255  206  216  255  255  219  210  255  255  205  192  255  255  205  192  255  255  235  230  255  255  168  146  255  255   74   29  255  255   51    0  254  159   52    0  255   34    0    0    0    0    0   50  254   25    0   50  254  131   82  116  255  255  197  182  255  255   41   10  255  255   10   40  254  242    0   51  254  203   36   80  255  255  250  248  255  255  205  192  255  255  205  192  255  255
    0    0    0    0    0    0    0    0    0    0    0    0    0    0    0    0    0    0    0    0    0   51  254  209  200  211  255  255  223  215  255  255   98   58  255  255   51    0  254  219   43    7  254  236  138  132  255  255  232  236  255  255  169  148  255  255   73   27  255  255   50    0  254  137    0   55  254   23    0   51  254  133   19   66  255  255  118  145  255  255  209  197  255  255   83   41  255  255   50    0  254  201    0   50  254   45   36   80  255  255  233  228  255  255   50    0  254  251   50    0  254  201
    0    0    0    0    0    0    0    0    0    0    0    0    0   51  255   40    0   50  254   45    0   51  254  217  200  211  255  255  103   65  255  255   51    0  254  223   52    0  255   68    0   51  254  134    0   50  254  237  120  147  255  255  234  238  255  255  154  128  255  255   50    0  254  137    0   51  254  109   18   65  255  255  120  147  255  255  241  244  255  255  223  229  255  255  205  192  255  255   50    0  254  201    0   50  254   45   36   80  255  255  233  228  255  255   50    0  254  237    0    0    0    0
    0    0    0    0    0    0    0    0    0    0    0    0    0   50  254  195    6   44  254  250   31   73  255  255  185  189  255  255  100   62  254  228   51    0  255   64    0    0    0    0    0    0    0    0    0   52  254  132    0   51  255  240  136  160  255  255  150  132  255  255   42    7  254  137    0   51  254  109  100  131  255  255  242  245  255  255  151  168  255  255   78  104  255  255  205  192  255  255   50    0  254  201    0   52  254   39   36   78  254  224  210  199  254  251   50    0  255  204    0    0    0    0
    0    0    0    0    0    0    0    0    0    0    0    0    0    0    0    0   50    0  254  195  202  190  254  250   93   53  254  234   52    0  254   58    0    0    0    0    0    0    0    0    0    0    0    0    0    0    0    0    0   50  254  130  128  153  254  242  121  148  254  242    0   49  254  123    0   52  254   98   94  126  254  239  152  172  254  245   15   34  254  228  106   70  254  236  192  176  254  248   50    0  254  180    0    0    0    0   47    0  255   32   51    0  255  204    0    0    0    0    0    0    0    0
    0    0    0    0    0    0    0    0    0    0    0    0    0    0    0    0    0    0    0    0   51    0  254  194   50    0  255   51    0    0    0    0    0    0    0    0    0    0    0    0    0    0    0    0    0    0    0    0    0    0    0    0    0   50  254  126    0   51  254  119    0    0    0    0    0    0    0    0    0   52  254   93    0   52  254  152    0    0    0    0   52    0  255   68   49    0  254  179    0    0    0    0    0    0    0    0    0    0    0    0    0    0    0    0    0    0    0    0    0    0    0    0
    0    0    0    0    0    0    0    0    0    0    0    0    0    0    0    0    0    0    0    0    0    0    0    0    0    0    0    0    0    0    0    0    0    0    0    0    0    0    0    0    0    0    0    0    0    0    0    0    0    0    0    0    0    0    0    0    0    0    0    0    0    0    0    0    0    0    0    0    0    0    0    0    0    0    0    0    0    0    0    0    0    0    0    0    0    0    0    0    0    0    0    0    0    0    0    0    0    0    0    0    0    0    0    0    0    0    0    0    0    0    0    0
