   28   28
    0    0    0    0    0    0    0    0    0    0    0    0    0    0    0    0    0    0    0    0    0    0    0    0    0    0    0    0    0    0    0    0    0    0    0    0    0    0    0    0    0    0    0    0    0    0    0    0    0    0    0    0    0    0    0    0    0    0    0    0    0    0    0    0    0    0    0    0    0    0    0    0    0    0    0    0    0    0    0    0    0    0    0    0    0    0    0    0    0    0    0    0    0    0    0    0    0    0    0    0    0    0    0    0    0    0    0    0    0    0    0    0
    0    0    0    0    0    0    0    0    0    0    0    0    0    0    0    0    0    0    0    0    0    0    0    0    0    0    0    0    0    0    0    0    0    0    0    0   25   25   25   10   34   34   34   15   26   27   32  203   28   29   35  255   28   29   35  255   28   29   35  255   28   29   35  255   26   27   33  221   34   34   34   15   23   23   23   11    0    0    0    0    0    0    0    0    0    0    0    0    0    0    0    0    0    0    0    0    0    0    0    0    0    0    0    0    0    0    0    0    0    0    0    0
    0    0    0    0    0    0    0    0    0    0    0    0    0    0    0    0    0    0    0    0    0    0    0    0    0    0    0    0    0    0    0    0   28   28   28   18   26   29   41  174   29   32   43  255   41   66  139  255   44   76  166  255   51   83  168  255   41   68  156  255   44   76  166  255   42   69  149  255   29   32   43  255   28   29   41  191   25   25   25   20    0    0    0    0    0    0    0    0    0    0    0    0    0    0    0    0    0    0    0    0    0    0    0    0    0    0    0    0    0    0    0    0
    0    0    0    0    0    0    0    0    0    0    0    0    0    0    0    0    0    0    0    0    0    0    0    0    0    0    0    0   22   22   22   23   29   32   46  165   40   63  128  255   45   80  171  255   71  129  227  255   68  134  239  255  112  167  237  255   41   68  156  255   67  133  239  255   73  134  232  255   45   80  171  255   41   66  136  255   28   32   48  180   29   29   29   26    0    0    0    0    0    0    0    0    0    0    0    0    0    0    0    0    0    0    0    0    0    0    0    0    0    0    0    0
    0    0    0    0    0    0    0    0    0    0    0    0    0    0    0    0    0    0    0    0    0    0    0    0   29   29   29   26   29   32   51  158   40   63  126  255   69  124  219  255   82  147  243  255  121  183  253  255   90  154  244  255   50   89  181  255   47   84  176  255   86  150  244  255  125  186  253  255   82  147  243  255   72  129  223  255   41   67  134  255   31   35   53  172   24   24   24   31    0    0    0    0    0    0    0    0    0    0    0    0    0    0    0    0    0    0    0    0    0    0    0    0
    0    0    0    0    0    0    0    0    0    0    0    0    0    0    0    0    0    0    0    0   28   28   28   27   28   33   53  153   40   63  123  255   70  124  217  255  115  178  251  255  132  193  255  255  132  193  255  255  132  193  255  255   89  154  245  255   86  150  244  255  132  193  255  255  132  193  255  255  132  193  255  255  119  181  252  255   73  128  221  255   41   67  132  255   30   35   55  166   30   30   30   33    0    0    0    0    0    0    0    0    0    0    0    0    0    0    0    0    0    0    0    0
    0    0    0    0    0    0    0    0    0    0    0    0    0    0    0    0    0    0    0    0   28   28   28   91   33   44   82  255   53  100  197  255  104  167  248  255  132  193  255  255  132  193  255  255  132  193  255  255  132  193  255  255  132  193  255  255  132  193  255  255  132  193  255  255  132  193  255  255  132  193  255  255  132  193  255  255  109  171  249  255   55  105  204  255   34   48   92  255   27   27   27  110    0    0    0    0    0    0    0    0    0    0    0    0    0    0    0    0    0    0    0    0
    0    0    0    0    0    0    0    0    0    0    0    0    0    0    0    0    0    0    0    0   28   28   28   91   33   44   82  255   53  100  197  255  104  167  248  255  132  193  255  255  132  193  255  255  132  193  255  255  132  193  255  255  132  193  255  255  132  193  255  255  132  193  255  255  132  193  255  255  132  193  255  255  132  193  255  255  109  171  249  255   55  105  204  255   34   48   92  255   27   27   27  110    0    0    0    0    0    0    0    0    0    0    0    0    0    0    0    0    0    0    0    0
    0    0    0    0    0    0    0    0    0    0    0    0    0    0    0    0    0    0    0    0   28   28   28   91   33   44   82  255   53  100  197  255  104  167  248  255  132  193  255  255  132  193  255  255  132  193  255  255  132  193  255  255  132  193  255  255  132  193  255  255  132  193  255  255  132  193  255  255  132  193  255  255  132  193  255  255  109  171  249  255   55  105  204  255   34   48   92  255   27   27   27  110    0    0    0    0    0    0    0    0    0    0    0    0    0    0    0    0    0    0    0    0
    0    0    0    0    0    0    0    0    0    0    0    0    0    0    0    0    0    0    0    0   28   28   28   91   33   44   82  255   53  100  197  255  104  167  248  255  132  193  255  255  132  193  255  255  132  193  255  255  132  193  255  255  132  193  255  255  132  193  255  255  132  193  255  255  132  193  255  255  132  193  255  255  132  193  255  255  109  171  249  255   55  105  204  255   34   48   92  255   27   27   27  110    0    0    0    0    0    0    0    0    0    0    0    0    0    0    0    0    0    0    0    0
    0    0    0    0    0    0    0    0    0    0    0    0    0    0    0    0    0    0    0    0   28   28   28   91   33   44   82  255   53  100  197  255  104  167  248  255  132  193  255  255  132  193  255  255  101  164  247  255   92  156  245  255   92  156  245  255   92  156  245  255   92  156  245  255   97  162  247  255  132  193  255  255  132  193  255  255  109  171  249  255   55  105  204  255   34   48   92  255   27   27   27  110    0    0    0    0    0    0    0    0    0    0    0    0    0    0    0    0    0    0    0    0
    0    0    0    0    0    0    0    0    0    0    0    0    0    0    0    0    0    0    0    0   28   28   28   91   33   44   82  255   53  100  197  255  104  167  248  255  132  193  255  255  101  164  248  255   50   82  130  255   40   62   98  255   40   62   98  255   40   62   98  255   40   62   98  255   46   75  119  255   97  161  246  255  132  193  255  255  109  171  249  255   55  105  204  255   34   48   92  255   27   27   27  110    0    0    0    0    0    0    0    0    0    0    0    0    0    0    0    0    0    0    0    0
    0    0    0    0    0    0    0    0   29   29   29   26   27   27   27  185   27   27   27  185   25   25   25  210   33   44   82  255   53  100  197  255  104  167  248  255  132  193  255  255   65   96  134  255   44   32   27  255   45   25   11  255   45   25   11  255   45   25   11  255   45   25   11  255   44   29   21  255   57   85  121  255  132  193  255  255  109  171  249  255   55  105  204  255   34   48   92  255   27   27   27  215   27   27   27  185   27   27   27  185   25   25   25   40    0    0    0    0    0    0    0    0
    0    0    0    0   36   36   36   14   25   25   25  208   52   44   39  255  148  109   84  255  105   80   63  255   33   44   82  255   53  100  197  255  104  167  248  255  132  193  255  255   57   75   93  255   47   25   10  255   52   24    5  255   52   24    5  255   52   24    5  255   52   24    5  255   48   24    8  255   38   52   73  255   95  158  246  255  109  171  249  255   55  105  204  255   34   48   92  255   96   74   59  255  148  109   84  255   62   51   43  255   26   26   26  212   26   26   26   29    0    0    0    0
    0    0    0    0   38   32   31  219  158  116   88  255  174  130  100  255  225  170  137  255  135  103   82  255   28   30   35  255   37   55  107  255   62  114  210  255   76  141  241  255   41   60   89  255   30   27   24  255   31   27   24  255   31   27   24  255   31   27   24  255   31   27   24  255   30   27   24  255   35   49   72  255   69  135  240  255   65  118  215  255   38   59  117  255   28   30   37  255  123   95   76  255  222  168  135  255  181  134  105  255  158  116   88  255   48   41   35  222   31   31   31   16
    0    0    0    0   39   36   33  255  196  147  114  255  207  156  123  255  246  188  155  255  216  163  131  255  107   81   64  255   34   47   91  255   42   71  160  255   43   74  164  255   57  109  203  255   62  122  219  255   62  122  219  255   62  122  219  255   62  122  219  255   62  122  219  255   62  122  219  255   59  112  207  255   43   74  164  255   43   72  161  255   35   51  101  255   96   74   60  255  210  159  127  255  245  188  155  255  211  159  126  255  196  147  114  255   52   44   40  255   26   26   26   19
    0    0    0    0   38   34   32  255  182  133  100  255  186  136  103  255  200  149  116  255  193  143  110  255  115   87   68  255   27   28   29  255   27   28   31  255   27   28   31  255   38   58  122  255   42   70  159  255   42   70  159  255   42   70  159  255   42   70  159  255   42   70  159  255   42   70  159  255   39   61  132  255   27   28   31  255   27   28   31  255   27   28   29  255  103   79   63  255  192  142  109  255  200  149  116  255  187  138  105  255  182  133  100  255   49   42   37  255   26   26   26   19
    0    0    0    0   28   28   28   18   25   25   25  248   25   25   25  248   25   25   25  248   27   27   27  251   33   44   82  255   41   68  156  255   33   45   82  255   64   41   24  255   45   33   26  255   29   28   27  255   29   28   27  255   29   28   27  255   29   28   27  255   29   28   27  255   29   28   27  255   40   32   26  255   68   43   24  255   32   42   73  255   41   68  156  255   34   48   92  255   27   27   27  251   25   25   25  248   25   25   25  248   25   25   25  248   28   28   28   36    0    0    0    0
    0    0    0    0    0    0    0    0    0    0    0    0    0    0    0    0   36   36   36    7   28   28   28  106   32   42   77  255   40   64  144  255   32   43   77  255   28   29   34  255   66   43   28  255   81   47   23  255   81   47   23  255   81   47   23  255   81   47   23  255   81   47   23  255   81   47   23  255   70   43   27  255   28   30   35  255   32   41   69  255   40   64  144  255   33   46   86  255   26   26   26  123   31   31   31    8    0    0    0    0    0    0    0    0    0    0    0    0    0    0    0    0
    0    0    0    0    0    0    0    0    0    0    0    0    0    0    0    0   27   27   27   73   27   27   27  255   27   27   27  255   27   27   27  255   27   27   27  255   36   53  110  255   32   43   78  255   29   33   46  255   29   33   46  255   29   33   46  255   29   33   46  255   29   33   46  255   29   33   46  255   32   41   69  255   37   56  119  255   27   27   27  255   27   27   27  255   27   27   27  255   27   27   27  255   27   27   27   92    0    0    0    0    0    0    0    0    0    0    0    0    0    0    0    0
    0    0    0    0    0    0    0    0    0    0    0    0   23   23   23   11   27   27   27  111   27   27   27  255   27   27   27  255   41   37   27  255   39   36   27  255   34   48   92  255   38   59  129  255   40   66  150  255   43   72  162  255   41   68  156  255   41   68  156  255   43   72  162  255   41   67  152  255   38   59  129  255   35   50  100  255   37   34   27  255   43   39   27  255   27   27   27  255   27   27   27  255   28   28   28  126   31   31   31   16    0    0    0    0    0    0    0    0    0    0    0    0
    0    0    0    0    0    0    0    0   25   25   25   10   28   28   28  108   27   27   27  255   28   31   39  255   31   38   62  255   76   68   44  255   98   82   22  255   82   71   20  255   43   40   25  255   35   50  101  255   43   72  141  255   38   58  123  255   37   57  121  255   43   72  142  255   36   53  108  255   39   36   25  255   82   71   20  255   96   80   22  255   83   72   40  255   31   38   62  255   29   32   42  255   27   27   27  255   26   26   26  123   34   34   34   15    0    0    0    0    0    0    0    0
    0    0    0    0    0    0    0    0   28   28   28   36   27   27   27  255   27   27   27  255   32   42   73  255   41   68  156  255   34   48   92  255  143  119   12  255  231  189    0  255   86   74   19  255   27   27   27  255   27   27   27  255   27   27   27  255   27   27   27  255   27   27   27  255   27   27   27  255   70   61   21  255  231  189    0  255  158  131   10  255   33   44   82  255   41   68  156  255   33   45   82  255   27   27   27  255   27   27   27  255   27   27   27   55    0    0    0    0    0    0    0    0
    0    0    0    0   36   36   36    7   27   27   27  122   27   27   27  255   27   27   27  255   36   51   84  255   51   93  188  255   42   68  133  255  100   90   39  255  151  126   11  255   63   56   22  255   27   27   27  255   27   27   27  255   27   27   27  255   27   27   27  255   27   27   27  255   27   27   27  255   53   48   23  255  151  126   11  255  109   96   35  255   40   64  125  255   51   93  188  255   40   65  125  255   29   33   45  255   27   27   27  255   26   26   26  133   36   36   36   14    0    0    0    0
    0    0    0    0   28   28   28   18   27   27   27  255   27   27   27  255   27   27   27  255   37   54   89  255   60  115  217  255   59  115  217  255   48   84  153  255   45   75  123  255   37   54   96  255   33   46   85  255   28   30   36  255   27   27   27  255   27   27   27  255   27   28   31  255   33   46   85  255   36   52   94  255   45   75  123  255   47   83  148  255   58  112  213  255   61  118  220  255   47   83  176  255   32   42   73  255   27   27   27  255   27   27   27  255   27   27   27   37    0    0    0    0
    0    0    0    0   28   28   28   18   27   27   27  255   27   27   27  255   27   27   27  255   29   34   49  255   42   69  135  255   53   99  197  255   53   99  197  255   53   99  197  255   39   62  121  255   34   47   90  255   28   30   36  255   27   27   27  255   27   27   27  255   27   28   31  255   34   47   90  255   38   58  113  255   53   99  197  255   53   99  197  255   53   99  197  255   44   73  144  255   34   47   90  255   29   34   49  255   27   27   27  255   27   27   27  255   27   27   27   37    0    0    0    0
    0    0    0    0   31   31   31    8   27   27   27  129   27   27   27  255   27   27   27  255   27   27   27  255   30   34   50  255   33   44   82  255   33   44   82  255   33   44   82  255   29   32   43  255   27   27   27  255   27   27   27  255   27   27   27  255   27   27   27  255   27   27   27  255   27   27   27  255   28   31   38  255   33   44   82  255   33   44   82  255   33   44   82  255   30   36   55  255   27   27   27  255   27   27   27  255   27   27   27  255   27   27   27  140   31   31   31   16    0    0    0    0
    0    0    0    0    0    0    0    0   28   28   28   36   27   27   27  255   27   27   27  255   27   27   27  255   27   27   27  255   27   27   27  255   27   27   27  255   27   27   27  255   27   27   27  255   27   27   27  255   27   27   27  255   27   27   27  255   27   27   27  255   27   27   27  255   27   27   27  255   27   27   27  255   27   27   27  255   27   27   27  255   27   27   27  255   27   27   27  255   27   27   27  255   27   27   27  255   27   27   27  255   27   27   27   55    0    0    0    0    0    0    0    0
