   28   28
    0    0    0    0    0    0    0    0    0    0    0    0    0    0    0    0    0    0    0    0    0    0    0    0    0    0    0    0    0    0    0    0    0    0    0    0    0    0    0    0    0    0    0    0    0    0    0    0    0    0    0    0    0    0    0    0    0    0    0    0    0    0    0    0    0    0    0    0    0    0    0    0    0    0    0    0    0    0    0    0    0    0    0    0    0    0    0    0    0    0    0    0    0    0    0    0    0    0    0    0    0    0    0    0    0    0    0    0    0    0    0    0
    0    0    0    0    0    0    0    0    0    0    0    0    0    0    0    0    0    0    0    0    0    0    0    0    0    0    0    0    0    0    0    0    0    0    0    0   23   23   23   11   34   34   34   15   26   26   33  221   28   29   35  255   28   29   35  255   28   29   35  255   28   29   35  255   26   26   31  203   34   34   34   15   25   25   25   10    0    0    0    0    0    0    0    0    0    0    0    0    0    0    0    0    0    0    0    0    0    0    0    0    0    0    0    0    0    0    0    0    0    0    0    0
    0    0    0    0    0    0    0    0    0    0    0    0    0    0    0    0    0    0    0    0    0    0    0    0    0    0    0    0    0    0    0    0   25   25   25   20   28   29   41  191   29   32   43  255   42   69  149  255   44   76  166  255   44   76  166  255   44   76  166  255   44   76  166  255   41   66  139  255   32   36   46  255   38   45   51  174   28   28   28   18    0    0    0    0    0    0    0    0    0    0    0    0    0    0    0    0    0    0    0    0    0    0    0    0    0    0    0    0    0    0    0    0
    0    0    0    0    0    0    0    0    0    0    0    0    0    0    0    0    0    0    0    0    0    0    0    0    0    0    0    0    0    0    0    0   26   26   26  164   40   64  130  255   45   80  171  255   73  134  232  255   78  143  242  255   78  143  242  255   78  143  242  255   78  143  242  255   71  129  227  255   67  109  195  255   87  129  179  255   29   32   46  165   22   22   22   23    0    0    0    0    0    0    0    0    0    0    0    0    0    0    0    0    0    0    0    0    0    0    0    0    0    0    0    0
    0    0    0    0    0    0    0    0    0    0    0    0    0    0    0    0    0    0    0    0    0    0    0    0    0    0    0    0   29   29   29   35   30   35   53  186   56  105  188  255   79  144  242  255  125  186  253  255  132  193  255  255  132  193  255  255  132  193  255  255  132  193  255  255  121  183  253  255   82  147  243  255   69  124  219  255   40   63  126  255   29   32   51  158   29   29   29   26    0    0    0    0    0    0    0    0    0    0    0    0    0    0    0    0    0    0    0    0    0    0    0    0
    0    0    0    0    0    0    0    0    0    0    0    0    0    0    0    0    0    0    0    0    0    0    0    0    0    0    0    0   26   26   26  146   36   53  110  255   59  114  215  255  118  180  252  255  132  193  255  255  132  193  255  255  132  193  255  255  132  193  255  255  132  193  255  255  132  193  255  255  132  193  255  255  115  178  251  255   70  124  217  255   40   63  123  255   28   33   53  153   28   28   28   27    0    0    0    0    0    0    0    0    0    0    0    0    0    0    0    0    0    0    0    0
    0    0    0    0    0    0    0    0    0    0    0    0    0    0    0    0    0    0    0    0    0    0    0    0    0    0    0    0   26   26   26  146   36   53  110  255   59  114  215  255  118  180  252  255  132  193  255  255  132  193  255  255  132  193  255  255  132  193  255  255  132  193  255  255  132  193  255  255  132  193  255  255  132  193  255  255  104  167  248  255   53  100  197  255   33   44   82  255   28   28   28   91    0    0    0    0    0    0    0    0    0    0    0    0    0    0    0    0    0    0    0    0
    0    0    0    0    0    0    0    0    0    0    0    0    0    0    0    0   26   26   26   39   25   25   25  108   25   25   25  108   30   41   69  192   45   77  152  255   62  122  225  255   96  160  247  255  128  189  254  255  132  193  255  255  132  193  255  255  132  193  255  255  132  193  255  255  132  193  255  255  132  193  255  255  132  193  255  255  104  167  248  255   53  100  197  255   33   44   82  255   28   28   28   91    0    0    0    0    0    0    0    0    0    0    0    0    0    0    0    0    0    0    0    0
    0    0    0    0    0    0    0    0    0    0    0    0    0    0    0    0   27   27   27   92   30   36   54  255   40   62  110  255   50   90  168  255   82  139  228  255   98  162  247  255   98  162  247  255  127  188  254  255  132  193  255  255  132  193  255  255  132  193  255  255  132  193  255  255  132  193  255  255  132  193  255  255  132  193  255  255  104  167  248  255   53  100  197  255   33   44   82  255   28   28   28   91    0    0    0    0    0    0    0    0    0    0    0    0    0    0    0    0    0    0    0    0
    0    0    0    0    0    0    0    0    0    0    0    0   25   25   25   40   38   56   84  181   51   92  167  255   61  117  220  255   66  132  239  255   86  150  244  255   96  160  246  255   96  160  246  255   96  160  246  255   96  160  246  255   96  160  246  255   96  160  246  255   96  160  246  255  104  167  248  255  132  193  255  255  132  193  255  255  104  167  248  255   53  100  197  255   33   44   82  255   28   28   28   91    0    0    0    0    0    0    0    0    0    0    0    0    0    0    0    0    0    0    0    0
    0    0    0    0    0    0    0    0    0    0    0    0   27   27   27   74   36   51   85  255   51   93  189  255   51   93  189  255   51   93  189  255   51   93  189  255   51   93  189  255   51   93  189  255   51   93  189  255   51   93  189  255   51   93  189  255   51   93  189  255   51   93  189  255   59  107  201  255   92  156  245  255   92  156  245  255   81  146  243  255   53  100  197  255   33   44   82  255   28   28   28   91    0    0    0    0    0    0    0    0    0    0    0    0    0    0    0    0    0    0    0    0
    0    0    0    0    0    0    0    0    0    0    0    0   30   30   30   25   29   36   53  147   32   41   70  255   32   41   70  255   32   41   70  255   32   41   70  255   32   41   70  255   32   41   70  255   32   41   70  255   32   41   70  255   32   41   70  255   32   41   70  255   32   41   70  255   35   51   95  255   49   90  184  255   55  105  204  255   59  114  215  255   45   79  170  255   33   44   82  255   28   28   28   91    0    0    0    0    0    0    0    0    0    0    0    0    0    0    0    0    0    0    0    0
    0    0    0    0    0    0    0    0    0    0    0    0    0    0    0    0   30   30   30   25   25   25   25   70   25   25   25   70   27   27   27  176   99   76   60  255   59   49   42  255  158  158  158  255  146  116   95  255  139  103   79  255  139  103   79  255  151  114   90  255  123   92   72  255   28   29   35  255   31   38   62  255   37   55  104  255   45   78  169  255   36   53  109  255   29   34   51  149   30   30   30   25    0    0    0    0    0    0    0    0    0    0    0    0    0    0    0    0    0    0    0    0
    0    0    0    0    0    0    0    0    0    0    0    0    0    0    0    0    0    0    0    0    0    0    0    0    0    0    0    0   26   26   26  146  135  103   82  255  203  188  179  255  245  245  245  255  236  187  159  255  233  177  144  255  233  177  144  255  197  147  114  255  159  117   89  255   31   26   23  255   46   25   10  255   38   28   27  255   30   36   55  255   29   31   49  155   22   22   22   23    0    0    0    0    0    0    0    0    0    0    0    0    0    0    0    0    0    0    0    0    0    0    0    0
    0    0    0    0    0    0    0    0    0    0    0    0    0    0    0    0    0    0    0    0    0    0    0    0    0    0    0    0   26   26   26  146  137  105   84  255  234  184  155  255  248  199  171  255  247  190  158  255  247  189  156  255  247  189  156  255  197  147  114  255  159  117   89  255   32   26   22  255   52   24    5  255   50   24    6  255   39   25   16  255   26   26   26  127    0    0    0    0    0    0    0    0    0    0    0    0    0    0    0    0    0    0    0    0    0    0    0    0    0    0    0    0
    0    0    0    0    0    0    0    0    0    0    0    0    0    0    0    0    0    0    0    0    0    0    0    0    0    0    0    0   26   26   26  146  137  105   84  255  233  177  144  255  247  189  156  255  247  189  156  255  247  189  156  255  203  152  119  255  183  133  100  255  159  117   89  255   27   27   27  255   36   26   20  255   44   25   12  255   26   26   24  155   21   21   21   12    0    0    0    0    0    0    0    0    0    0    0    0    0    0    0    0    0    0    0    0    0    0    0    0    0    0    0    0
    0    0    0    0    0    0    0    0    0    0    0    0    0    0    0    0    0    0    0    0    0    0    0    0    0    0    0    0   51   51   51    5   32   30   29  167  152  115   92  255  200  149  116  255  200  149  116  255  200  149  116  255  182  133  100  255  170  124   94  255   31   30   29  255   27   27   27  255   27   27   27  255   27   26   26  166    0    0    0    5    0    0    0    0    0    0    0    0    0    0    0    0    0    0    0    0    0    0    0    0    0    0    0    0    0    0    0    0    0    0    0    0
    0    0    0    0    0    0    0    0    0    0    0    0    0    0    0    0    0    0    0    0    0    0    0    0    0    0    0    0    0    0    0    0    0    0    0    0   24   24   24  177   27   27   27  254   27   27   27  255   27   27   27  255   27   28   31  255   28   31   40  255   42   69  158  255   39   60  130  255   27   27   27  255   26   26   26  163    0    0    0    0    0    0    0    0    0    0    0    0    0    0    0    0    0    0    0    0    0    0    0    0    0    0    0    0    0    0    0    0    0    0    0    0
    0    0    0    0    0    0    0    0    0    0    0    0    0    0    0    0    0    0    0    0    0    0    0    0    0    0    0    0   19   19   19   13   22   22   22   23   22   22   22   23   27   27   27  206   27   27   27  255   27   27   27  255   41   68  156  255   44   75  165  255   60  116  217  255   55  102  181  255   28   30   35  255   25   25   25  171   22   22   22   23   23   23   23   11    0    0    0    0    0    0    0    0    0    0    0    0    0    0    0    0    0    0    0    0    0    0    0    0    0    0    0    0
    0    0    0    0    0    0    0    0    0    0    0    0    0    0    0    0   18   18   18   14   26   26   26   38   26   26   26   38   28   28   28  162   27   27   27  255   27   27   27  255   27   27   27  255   27   27   27  255   27   27   27  255   73   87  157  255   89  126  208  255   89  129  201  255   57   56   71  255   37   56  119  255   27   27   27  255   27   27   27  255   26   26   26  146   26   26   26   38   26   26   26   38   23   23   23   11    0    0    0    0    0    0    0    0    0    0    0    0    0    0    0    0
    0    0    0    0    0    0    0    0    0    0    0    0   31   31   31   16   28   28   28  126   27   27   27  255   27   27   27  255   27   27   27  255   27   27   27  255   27   27   27  255   27   27   27  255   27   27   27  255   27   27   27  255  244  186  152  255  244  186  152  255  244  186  152  255  200  161  152  255   37   56  119  255   27   27   27  255   27   27   27  255   27   27   27  255   27   27   27  255   27   27   27  255   27   27   27  111   23   23   23   11    0    0    0    0    0    0    0    0    0    0    0    0
    0    0    0    0    0    0    0    0   34   34   34   15   26   26   26  123   27   27   27  255   27   27   27  255   27   27   27  255   27   27   27  255   27   27   27  255   27   27   27  255   27   27   27  255   27   27   27  255   27   27   27  255  155  115   87  255  203  148  110  255  214  158  121  255  166  128  111  255   34   48   94  255   27   27   27  255   27   27   27  255   27   27   27  255   27   27   27  255   27   27   27  255   27   27   27  255   28   28   28  108   25   25   25   10    0    0    0    0    0    0    0    0
    0    0    0    0    0    0    0    0   27   27   27   55   27   27   27  255   27   27   27  255   27   27   27  255   27   27   27  255   27   27   27  255   27   27   27  255   27   27   27  255   27   27   27  255   27   27   27  255   27   27   27  255   28   27   27  255  147  110   84  255  174  135  113  255  119   90   70  255   27   27   27  255   27   27   27  255   27   27   27  255   27   27   27  255   27   27   27  255   27   27   27  255   27   27   27  255   27   27   27  255   28   28   28   36    0    0    0    0    0    0    0    0
    0    0    0    0   36   36   36   14   26   26   26  133   27   27   27  255   27   27   27  255   27   27   27  255   27   27   27  255   27   27   27  255   27   27   27  255   27   27   27  255   27   27   27  255   32   41   70  255   32   43   77  255   32   43   77  255   33   32   26  255  107   90   16  255   90   77   19  255   27   27   27  255   27   27   27  255   27   27   27  255   27   27   27  255   27   27   27  255   27   27   27  255   27   27   27  255   27   27   27  255   27   27   27  122   36   36   36    7    0    0    0    0
    0    0    0    0   27   27   27   37   27   27   27  255   27   27   27  255   27   27   27  255   27   27   27  255   27   27   27  255   27   27   27  255   27   27   27  255   27   27   27  255   32   42   73  255   46   81  167  255   50   90  184  255   52   97  193  255   41   51   80  255  139  116   12  255  117  104   32  255   38   57  100  255   31   39   65  255   27   27   27  255   27   27   27  255   27   27   27  255   27   27   27  255   27   27   27  255   27   27   27  255   27   27   27  255   28   28   28   18    0    0    0    0
    0    0    0    0   27   27   27   37   27   27   27  255   27   27   27  255   27   27   27  255   27   27   27  255   27   27   27  255   27   27   27  255   27   27   27  255   27   27   27  255   38   59  129  255   59  113  214  255   63  124  228  255   66  132  239  255   53   99  193  255   46   77  131  255   47   80  142  255   51   93  188  255   36   53  110  255   27   27   27  255   27   27   27  255   27   27   27  255   27   27   27  255   27   27   27  255   27   27   27  255   27   27   27  255   28   28   28   18    0    0    0    0
    0    0    0    0   31   31   31   16   27   27   27  140   27   27   27  255   27   27   27  255   27   27   27  255   27   27   27  255   27   27   27  255   27   27   27  255   27   27   27  255   32   41   70  255   49   88  176  255   52   95  191  255   52   95  191  255   52   95  191  255   51   92  188  255   49   88  182  255   43   72  148  255   31   38   62  255   27   27   27  255   27   27   27  255   27   27   27  255   27   27   27  255   27   27   27  255   27   27   27  255   27   27   27  129   31   31   31    8    0    0    0    0
    0    0    0    0    0    0    0    0   27   27   27   55   27   27   27  255   27   27   27  255   27   27   27  255   27   27   27  255   27   27   27  255   27   27   27  255   27   27   27  255   27   27   27  255   31   40   68  255   32   42   74  255   32   42   74  255   32   42   74  255   32   42   74  255   32   42   74  255   31   38   61  255   27   27   27  255   27   27   27  255   27   27   27  255   27   27   27  255   27   27   27  255   27   27   27  255   27   27   27  255   28   28   28   36    0    0    0    0    0    0    0    0
