   28   28
    0    0    0    0    0    0    0    0    0    0    0    0    0    0    0    0    0    0    0    0    0    0    0    0    0    0    0    0    0    0    0    0    0    0    0    0    0    0    0    0    0    0    0    0    0    0    0    0    0    0    0    0    0    0    0    0    0    0    0    0    0    0    0    0    0    0    0    0    0    0    0    0    0    0    0    0    0    0    0    0    0    0    0    0    0    0    0    0    0    0    0    0    0    0    0    0    0    0    0    0    0    0    0    0    0    0    0    0    0    0    0    0
    0    0    0    0   74   21  193  255   64   43  197  255   59   54  198  255   56   62  200  255   59   54  198  255   63   45  197  255   70   31  194  255   79   13  191  255   81   11  192  255   84    9  192  255   87   13  194  255   88   20  196  255   85   20  196  255   60   68  204  255   42  105  209  255   39  107  209  255   36  104  208  255   56   64  201  255   80   12  192  255   83    1  189  255   85    1  189  255   68   36  195  255   35  103  207  255   35  103  207  255   40   94  205  255   69   33  195  255   82    6  192   37
    0    0    0    0   42   88  205  255   35  103  207  255   35  103  207  255   35  103  207  255   35  103  207  255   35  103  207  255   36  104  208  255   44   94  206  255   57   74  205  255   74   53  203  255   86   39  202  255   88   35  201  255   87   38  202  255   87   39  202  255   65   85  210  255   49  113  215  255   48  114  214  255   51  101  211  255   75   42  200  255   86   13  193  255   85    7  192  255   78   18  193  255   37   99  206  255   35  103  207  255   35  103  207  255   59   53  199  255   68   34  192   37
    0    0    0    0   35  103  207  255   35  103  207  255   35  103  207  255   35  103  207  255   35  103  207  255   36  104  208  255   42  109  211  255   45  112  213  255   50  116  216  255   60  114  218  255   76   95  217  255   83   70  211  255   84   60  208  255   84   60  208  255   81   68  210  255   67  111  220  255   62  125  222  255   57  122  220  255   72   77  210  255   87   31  199  255   87   19  196  255   80   22  195  255   46   84  204  255   35  103  207  255   35  103  207  255   54   64  200  255   62   48  192   37
    0    0    0    0   35  103  207  255   37  100  206  255   43   88  204  255   46   82  204  255   48   85  205  255   52   92  208  255   54  107  214  255   57  122  219  255   64  128  224  255   72  134  228  255   79  139  232  255   83  126  229  255   81   91  218  255   79   76  213  255   79   77  214  255   78   98  220  255   78  135  230  255   72  134  228  255   72  107  219  255   85   51  205  255   88   35  201  255   83   31  198  255   51   78  203  255   35  103  207  255   35  103  207  255   52   69  201  255   55   55  199   37
    0    0    0    0   60   52  198  255   71   31  195  255   75   26  194  255   77   29  196  255   80   40  200  255   81   51  204  255   78   70  209  255   75   88  215  255   79  116  225  255   86  140  235  255   94  152  241  255   97  154  242  255   95  142  238  255   79   89  218  255   77   82  216  255   79   95  221  255   89  135  234  255   88  146  237  255   81  129  229  255   83   71  212  255   86   52  206  255   85   43  203  255   57   82  207  255   36  104  208  255   35  103  207  255   52   68  201  255   62   55  199   37
    0    0    0    0   81    4  190  255   84    1  190  255   86   10  193  255   89   23  197  255   88   36  202  255   85   52  206  255   82   69  210  255   79   78  214  255   77   87  218  255   80  101  223  255   97  136  238  255  109  163  249  255  111  167  251  255   97  127  237  255   78   80  220  255   80   87  222  255   94  128  235  255  101  158  245  255   94  145  239  255   80   85  216  255   82   67  210  255   83   58  207  255   64   92  212  255   41  109  211  255   37  105  208  255   56   61  199  255   62   41  192   37
    0    0    0    0   85    0  189  255   85    6  191  255   87   19  196  255   88   35  201  255   86   52  206  255   82   69  210  255   79   78  213  255   76   83  217  255   75   82  218  255   78   80  220  255   85   86  225  255  108  142  245  255  118  171  254  255  118  172  254  255   91   82  227  255   87   80  225  255  100  124  238  255  112  168  251  255  103  152  244  255   79   92  220  255   79   78  213  255   80   74  211  255   67  111  219  255   51  117  216  255   42  109  211  255   63   49  198  255   75   27  192   37
    0    0    0    0   83    4  190  255   79   25  196  255   74   56  204  255   71   91  214  255   75  119  223  255   86  134  232  255   98  141  239  255   98  141  239  255   94  120  234  255   91   90  228  255   95   75  228  255  102   79  231  255  116  152  250  255  117  171  253  255  110  106  240  255  102   73  231  255  107  121  240  255  118  172  254  255  106  146  244  255   80   90  220  255   76   83  217  255   78   89  216  255   70  131  227  255   57  122  220  255   52  108  214  255   73   36  197  255   82    6  192   37
    0    0    0    0   62   46  198  255   48   92  207  255   50  116  216  255   64  128  224  255   80  141  232  255   94  152  241  255  108  163  249  255  115  170  253  255  118  172  254  255  115  158  250  255  111  110  240  255  117   72  237  255  119   98  242  255  108  164  248  255  113  116  243  255  117   73  237  255  113  127  244  255  117  171  254  255  104  122  240  255   82   83  223  255   76   83  217  255   83  119  228  255   80  140  232  255   64  127  224  255   63   92  212  255   82   32  198  255   89   13  192   37
    0    0    0    0   36  104  207  255   45  112  212  255   57  122  219  255   73  133  228  255   86  136  234  255   92  136  236  255  100  139  240  255  107  131  242  255  113  138  246  255  115  149  249  255  109  152  247  255  116  111  243  255  133   69  243  255   99  146  241  255  113  112  242  255  129   78  242  255  112  138  246  255  114  155  250  255  104   93  236  255   88   75  224  255   82   93  223  255   99  151  242  255   88  146  237  255   73  129  226  255   75   76  211  255   85   29  198  255   82   20  192   37
    0    0    0    0   36  104  208  255   49  113  215  255   65  114  220  255   78  105  222  255   82  100  222  255   79   94  221  255   83   87  224  255   94   73  227  255  110   77  234  255  120   88  241  255  117  109  243  255  100  128  238  255  124   83  242  255   98  118  236  255  120   92  242  255  123   92  242  255  102  142  242  255  114  111  243  255  110   73  234  255   97   82  230  255  104  139  243  255  107  164  248  255   94  150  240  255   81  116  225  255   83   63  209  255   88   33  200  255   89   27  199   37
    0    0    0    0   40  105  209  255   60   93  211  255   79   75  211  255   79   78  214  255   77   82  216  255   77   81  219  255   89   81  226  255  103   97  235  255  113  107  241  255  117  100  242  255  124   87  242  255  127   85  243  255  104   93  234  255  100  100  234  255  129   78  242  255   92  113  232  255  111  104  239  255  131   71  242  255  118   75  238  255  111  134  245  255  117  169  253  255  109  166  249  255   95  141  238  255   81   89  217  255   84   57  207  255   88   37  202  255   89   34  199   37
    0    0    0    0   50   81  204  255   84   50  205  255   84   60  208  255   79   76  213  255   78   84  219  255   92  118  233  255  113  157  249  255  115  162  251  255  109  158  247  255  101  141  241  255  102  114  237  255  103   98  235  255  106   82  234  255  108   80  234  255  110   81  235  255  134   72  243  255  143   65  247  255  127   90  244  255  113  141  247  255  117  168  253  255  118  172  254  255  106  148  245  255   81  100  222  255   79   77  213  255   84   60  208  255   87   43  204  255   89   41  199   37
    0    0    0    0   88   21  197  255   87   39  202  255   84   60  208  255   79   83  215  255   97  133  237  255  112  166  251  255  118  172  254  255  117  165  253  255  118  108  243  255  136   65  244  255  137   69  245  255  109   87  236  255   97   83  230  255   97   82  230  255   88   93  228  255   79  109  226  255   85  130  231  255   95  153  241  255  108  164  248  255  115  169  253  255  105  129  241  255   79   84  221  255   77   82  216  255   79   77  214  255   83   64  209  255   64   84  209  255   55   96  206   37
    0    0    0    0   86   20  196  255   88   36  202  255   83   67  210  255   85  122  228  255   97  154  242  255  110  166  250  255  111  153  249  255  112   88  238  255  122   66  238  255  119   93  241  255   96  122  236  255  127   83  242  255   98   89  231  255   99   81  230  255  126   78  242  255  129   78  244  255  118   94  241  255  116  102  241  255  117   98  240  255  106   76  233  255   89   74  224  255   79   80  220  255   77   84  217  255   79   87  217  255   72  102  218  255   53  115  215  255   48  117  213   37
    0    0    0    0   85   19  196  255   86   40  202  255   81   90  217  255   84  139  233  255   97  154  242  255  102  150  243  255   88   87  227  255  101   71  230  255  113   97  240  255  104  144  244  255  116  107  243  255  128   81  243  255   93  108  232  255  143   64  246  255   77  116  227  255  112  101  240  255  134   81  245  255  130   76  243  255  117   73  237  255  103   76  232  255   90   86  227  255   83   98  225  255   83  110  227  255   80  127  229  255   66  127  224  255   50  117  216  255   48  117  213   37
    0    0    0    0   86   13  194  255   81   49  203  255   67  114  220  255   78  139  231  255   94  147  239  255   85  108  227  255   81   78  222  255   96   85  230  255  113  146  248  255  110  148  247  255  127   88  243  255  121   94  242  255   89  131  234  255  144   65  247  255  117   90  239  255   93  135  237  255  103  143  243  255  114  134  246  255  112  127  244  255  109  128  243  255  106  138  243  255  100  149  242  255   92  150  240  255   79  139  232  255   64  126  223  255   50  112  215  255   48  110  213   37
    0    0    0    0   84   13  193  255   68   68  206  255   57  122  219  255   72  134  228  255   84  125  230  255   77   88  219  255   77   81  219  255   98  108  235  255  117  171  254  255  116  140  248  255  122   78  239  255  116  101  241  255   97  147  241  255  122   99  243  255  134   65  242  255  118   96  241  255  110  141  246  255  115  167  252  255  118  172  254  255  118  172  254  255  113  168  251  255  101  158  245  255   88  146  237  255   72  134  228  255   62  111  217  255   67   71  207  255   68   62  206   37
    0    0    0    0   81   16  193  255   51   91  207  255   50  116  216  255   64  127  224  255   77  100  220  255   76   83  217  255   75   84  218  255  102  132  241  255  118  172  254  255  113  136  246  255  110   74  234  255  115   94  240  255  109  155  248  255  112  152  248  255  121   80  240  255  118   67  236  255  109   84  236  255  107  113  239  255  108  139  245  255  109  154  248  255  103  152  244  255   93  140  237  255   82  114  226  255   78   84  215  255   80   56  205  255   84   25  197  255   82   20  192   37
    0    0    0    0   75   20  193  255   38  103  208  255   45  112  212  255   60  115  219  255   78   81  214  255   79   77  213  255   76   83  217  255   98  145  241  255  114  169  251  255  108  139  244  255   95   82  229  255  105   75  232  255  115  155  250  255  117  171  253  255  115  148  248  255  105   82  233  255   94   71  227  255   88   78  225  255   83   86  224  255   80   92  221  255   79   92  220  255   81   84  216  255   83   68  211  255   86   47  205  255   88   27  199  255   87   12  193  255   82    6  192   37
    0    0    0    0   66   39  196  255   36  104  208  255   42  109  211  255   59   99  213  255   80   66  209  255   82   67  210  255   77   78  212  255   97  146  240  255  108  163  249  255  103  145  243  255   87   93  227  255   85   76  224  255  102  121  239  255  118  172  254  255  118  172  254  255  111  154  248  255   90  100  229  255   78   80  220  255   77   82  218  255   76   83  217  255   79   78  213  255   82   67  210  255   86   52  206  255   88   36  202  255   87   20  197  255   85    6  191  255   82    0  186   37
    0    0    0    0   63   46  197  255   35  103  207  255   37  105  208  255   52   89  208  255   81   51  204  255   85   52  206  255   82   67  210  255   84  130  231  255   94  152  241  255   96  146  240  255   83  105  225  255   77   81  219  255   79   83  221  255  103  145  243  255  111  167  251  255  109  166  249  255  105  158  246  255   90  130  233  255   79  100  221  255   79   85  216  255   80   75  212  255   83   59  207  255   84   45  203  255   82   35  199  255   76   27  195  255   63   45  197  255   55   55  192   37
    0    0    0    0   61   51  198  255   35  103  207  255   35  103  207  255   47   86  205  255   78   42  201  255   88   37  202  255   86   52  206  255   78  106  221  255   80  140  232  255   88  146  237  255   84  116  227  255   77   85  217  255   76   83  217  255   81   89  221  255   95  140  237  255   96  151  241  255   94  152  241  255   88  146  237  255   80  140  232  255   72  125  225  255   68  104  217  255   61   95  212  255   53   91  208  255   40   97  206  255   35  103  207  255   35  103  207  255   34  103  206   37
    0    0    0    0   62   48  198  255   35  103  207  255   35  103  207  255   42   91  205  255   76   34  197  255   87   23  197  255   88   35  201  255   79   71  210  255   64  128  224  255   72  134  228  255   78  126  228  255   78   91  218  255   79   76  213  255   79   76  213  255   81   86  216  255   84  111  224  255   80  130  229  255   72  134  228  255   64  128  224  255   57  122  219  255   51  117  216  255   41  109  211  255   37  105  208  255   35  103  207  255   35  103  207  255   35  103  207  255   34  103  206   37
    0    0    0    0   68   35  195  255   35  103  207  255   35  103  207  255   37  100  207  255   69   35  196  255   85   12  193  255   87   19  196  255   84   38  201  255   58  103  214  255   57  122  220  255   64  126  223  255   70  105  219  255   82   67  209  255   84   60  208  255   84   59  208  255   83   59  207  255   80   73  211  255   70   91  214  255   58  103  213  255   45  110  212  255   42  109  211  255   36  104  208  255   35  103  207  255   35  103  207  255   35  103  207  255   40   93  205  255   41   89  199   37
    0    0    0    0   77   16  193  255   45   85  204  255   35  103  207  255   35  103  207  255   58   55  199  255   83    8  191  255   85    6  191  255   85   16  194  255   68   61  204  255   45  112  213  255   49  115  215  255   52  114  216  255   64   90  211  255   85   46  204  255   87   39  202  255   87   36  201  255   88   33  200  255   83   33  199  255   79   37  198  255   72   42  199  255   63   49  198  255   56   60  199  255   56   60  199  255   58   55  198  255   63   43  197  255   70   28  194  255   75   20  192   37
    0    0    0    0   82   13  192   37   48   75  199   37   34  103  206   37   34  103  206   37   55   62  199   37   82    6  186   37   82    0  186   37   82   13  192   37   68   48  199   37   41  110  206   37   48  110  213   37   48  110  213   37   55  103  213   37   82   41  199   37   89   34  199   37   89   27  199   37   89   27  199   37   82   20  192   37   89   13  192   37   82   13  192   37   75   27  192   37   62   41  192   37   62   41  192   37   68   34  192   37   75   20  192   37   82    6  186   37  102    0  204    5
