   28   28
    0    0    0  255    0    0    0  255    0    0    0  255    0    0    0  255    0    0    0  255    0    0    0  255    0    0    0  255    0    0    0  255    0    0    0  255    0    0    0  255    0    0    0  255    0    0    0  255    0    0    0  255    0    0    0  255    0    0    0  255    0    0    0  255    0    0    0  255    0    0    0  255    0    0    0  255    0    0    0  255    0    0    0  255    0    0    0  255    0    0    0  255    0    0    0  255    0    0    0  255    0    0    0  255    0    0    0  255    0    0    0  255
    0    0    0  255  168  168  129  255  168  167  127  255  168  167  127  255  168  167  127  255  168  167  127  255  168  167  127  255  168  167  127  255  168  167  127  255  168  167  127  255  168  167  127  255  168  167  127  255  168  167  127  255  168  167  127  255  168  167  127  255  168  167  127  255  168  167  127  255  168  167  127  255  168  167  127  255  168  167  127  255  168  167  127  255  168  167  127  255  168  167  127  255  168  167  127  255  168  167  127  255  168  167  127  255  165  163  124  255   12   12   10  255
    0    0    0  255  168  167  127  255  162  152  105  255  162  152  105  255  162  152  105  255  162  152  105  255  162  152  105  255  162  152  105  255  162  152  105  255  162  152  105  255  162  152  105  255  162  152  105  255  162  152  105  255  162  152  105  255  162  152  105  255  162  152  105  255  162  152  105  255  162  152  105  255  162  152  105  255  162  152  105  255  162  152  105  255  162  152  105  255  162  152  105  255  162  152  105  255  162  152  105  255  162  152  105  255  119  102   51  255    8    7    3  255
    0    0    0  255  168  167  127  255  162  152  105  255  162  152  105  255  162  152  105  255  162  152  105  255  162  152  105  255  162  152  105  255  162  152  105  255  162  152  105  255  162  152  105  255  162  152  105  255  162  152  105  255  162  152  105  255  162  152  105  255  162  152  105  255  162  152  105  255  162  152  105  255  162  152  105  255  162  152  105  255  162  152  105  255  162  152  105  255  162  152  105  255  162  152  105  255  162  152  105  255  162  152  105  255  119  102   51  255    8    7    3  255
    0    0    0  255  168  167  127  255  162  152  105  255  162  152  105  255  162  152  105  255  162  152  105  255  162  152  105  255  162  152  105  255  162  152  105  255  162  152  105  255  162  152  105  255  162  152  105  255  162  152  105  255  162  152  105  255  162  152  105  255  162  152  105  255  162  152  105  255  162  152  105  255  162  152  105  255  162  152  105  255  162  152  105  255  162  152  105  255  162  152  105  255  162  152  105  255  162  152  105  255  162  152  105  255  119  102   51  255    8    7    3  255
    0    0    0  255  168  167  127  255  162  152  105  255  162  152  105  255  162  152  105  255  162  152  105  255  162  152  105  255  162  152  105  255  162  152  105  255  162  152  105  255  162  152  105  255  162  152  105  255  162  152  105  255  162  152  105  255  162  152  105  255  162  152  105  255  162  152  105  255  162  152  105  255  162  152  105  255  162  152  105  255  162  152  105  255  162  152  105  255  162  152  105  255  162  152  105  255  162  152  105  255  162  152  105  255  119  102   51  255    8    7    3  255
    0    0    0  255  168  167  127  255  162  152  105  255  162  152  105  255  162  152  105  255  162  152  105  255  162  152  105  255  162  152  105  255  162  152  105  255  162  152  105  255  162  152  105  255  162  152  105  255  162  152  105  255  162  152  105  255  162  152  105  255  162  152  105  255  162  152  105  255  162  152  105  255  162  152  105  255  162  152  105  255  162  152  105  255  162  152  105  255  162  152  105  255  162  152  105  255  162  152  105  255  162  152  105  255  119  102   51  255    8    7    3  255
    0    0    0  255  168  167  127  255  162  152  105  255  162  152  105  255  162  152  105  255  162  152  105  255  162  152  105  255  162  152  105  255  162  152  105  255  162  152  105  255  162  152  105  255  162  152  105  255  162  152  105  255  162  152  105  255  162  152  105  255  162  152  105  255  162  152  105  255  162  152  105  255  162  152  105  255  162  152  105  255  162  152  105  255  162  152  105  255  162  152  105  255  162  152  105  255  162  152  105  255  162  152  105  255  119  102   51  255    8    7    3  255
    0    0    0  255  168  167  127  255  162  152  105  255  162  152  105  255  162  152  105  255  162  152  105  255  162  152  105  255  162  152  105  255  162  152  105  255  162  152  105  255  162  152  105  255  162  152  105  255  162  152  105  255  162  152  105  255  162  152  105  255  162  152  105  255  162  152  105  255  162  152  105  255  162  152  105  255  162  152  105  255  162  152  105  255  162  152  105  255  162  152  105  255  162  152  105  255  162  152  105  255  162  152  105  255  119  102   51  255    8    7    3  255
    0    0    0  255  168  167  127  255  162  152  105  255  162  152  105  255  162  152  105  255  162  152  105  255  162  152  105  255  162  152  105  255  162  152  105  255  162  152  105  255  162  152  105  255  162  152  105  255  162  152  105  255  162  152  105  255  162  152  105  255  162  152  105  255  162  152  105  255  162  152  105  255  162  152  105  255  162  152  105  255  162  152  105  255  162  152  105  255  162  152  105  255  162  152  105  255  162  152  105  255  162  152  105  255  119  102   51  255    8    7    3  255
    0    0    0  255  168  167  127  255  162  152  105  255  162  152  105  255  162  152  105  255  162  152  105  255  162  152  105  255  162  152  105  255  162  152  105  255  162  152  105  255  162  152  105  255  162  152  105  255  162  152  105  255  162  152  105  255  162  152  105  255  162  152  105  255  162  152  105  255  162  152  105  255  162  152  105  255  162  152  105  255  162  152  105  255  162  152  105  255  162  152  105  255  162  152  105  255  162  152  105  255  162  152  105  255  119  102   51  255    8    7    3  255
    0    0    0  255  168  167  127  255  162  152  105  255  162  152  105  255  162  152  105  255  162  152  105  255  162  152  105  255  162  152  105  255  162  152  105  255  162  152  105  255  162  152  105  255  162  152  105  255  162  152  105  255  162  152  105  255  162  152  105  255  162  152  105  255  162  152  105  255  162  152  105  255  162  152  105  255  162  152  105  255  162  152  105  255  162  152  105  255  162  152  105  255  162  152  105  255  162  152  105  255  162  152  105  255  119  102   51  255    8    7    3  255
    0    0    0  255  168  167  127  255  162  152  105  255  162  152  105  255  162  152  105  255  162  152  105  255  162  152  105  255  162  152  105  255  162  152  105  255  162  152  105  255  162  152  105  255  162  152  105  255  162  152  105  255  162  152  105  255  162  152  105  255  162  152  105  255  162  152  105  255  162  152  105  255  162  152  105  255  162  152  105  255  162  152  105  255  162  152  105  255  162  152  105  255  162  152  105  255  162  152  105  255  162  152  105  255  119  102   51  255    8    7    3  255
    0    0    0  255  168  167  127  255  162  152  105  255  162  152  105  255  162  152  105  255  162  152  105  255  162  152  105  255  162  152  105  255  162  152  105  255  162  152  105  255  162  152  105  255  162  152  105  255  162  152  105  255  162  152  105  255  162  152  105  255  162  152  105  255  162  152  105  255  162  152  105  255  162  152  105  255  162  152  105  255  162  152  105  255  162  152  105  255  162  152  105  255  162  152  105  255  162  152  105  255  162  152  105  255  119  102   51  255    8    7    3  255
    0    0    0  255  168  167  127  255  162  152  105  255  162  152  105  255  162  152  105  255  162  152  105  255  162  152  105  255  162  152  105  255  162  152  105  255  162  152  105  255  162  152  105  255  162  152  105  255  162  152  105  255  162  152  105  255  162  152  105  255  162  152  105  255  162  152  105  255  162  152  105  255  162  152  105  255  162  152  105  255  162  152  105  255  162  152  105  255  162  152  105  255  162  152  105  255  162  152  105  255  162  152  105  255  119  102   51  255    8    7    3  255
    0    0    0  255  168  167  127  255  162  152  105  255  162  152  105  255  162  152  105  255  162  152  105  255  162  152  105  255  162  152  105  255  162  152  105  255  162  152  105  255  162  152  105  255  162  152  105  255  162  152  105  255  162  152  105  255  162  152  105  255  162  152  105  255  162  152  105  255  162  152  105  255  162  152  105  255  162  152  105  255  162  152  105  255  162  152  105  255  162  152  105  255  162  152  105  255  162  152  105  255  162  152  105  255  119  102   51  255    8    7    3  255
    0    0    0  255  168  167  127  255  162  152  105  255  162  152  105  255  162  152  105  255  162  152  105  255  162  152  105  255  162  152  105  255  162  152  105  255  162  152  105  255  162  152  105  255  162  152  105  255  162  152  105  255  162  152  105  255  162  152  105  255  162  152  105  255  162  152  105  255  162  152  105  255  162  152  105  255  162  152  105  255  162  152  105  255  162  152  105  255  162  152  105  255  162  152  105  255  162  152  105  255  162  152  105  255  119  102   51  255    8    7    3  255
    0    0    0  255  168  167  127  255  162  152  105  255  162  152  105  255  162  152  105  255  162  152  105  255  162  152  105  255  162  152  105  255  162  152  105  255  162  152  105  255  162  152  105  255  162  152  105  255  162  152  105  255  162  152  105  255  162  152  105  255  162  152  105  255  162  152  105  255  162  152  105  255  162  152  105  255  162  152  105  255  162  152  105  255  162  152  105  255  162  152  105  255  162  152  105  255  162  152  105  255  162  152  105  255  119  102   51  255    8    7    3  255
    0    0    0  255  168  167  127  255  162  152  105  255  162  152  105  255  162  152  105  255  162  152  105  255  162  152  105  255  162  152  105  255  162  152  105  255  162  152  105  255  162  152  105  255  162  152  105  255  162  152  105  255  162  152  105  255  162  152  105  255  162  152  105  255  162  152  105  255  162  152  105  255  162  152  105  255  162  152  105  255  162  152  105  255  162  152  105  255  162  152  105  255  162  152  105  255  162  152  105  255  162  152  105  255  119  102   51  255    8    7    3  255
    0    0    0  255  168  167  127  255  162  152  105  255  162  152  105  255  162  152  105  255  162  152  105  255  162  152  105  255  162  152  105  255  162  152  105  255  162  152  105  255  162  152  105  255  162  152  105  255  162  152  105  255  162  152  105  255  162  152  105  255  162  152  105  255  162  152  105  255  162  152  105  255  162  152  105  255  162  152  105  255  162  152  105  255  162  152  105  255  162  152  105  255  162  152  105  255  162  152  105  255  162  152  105  255  119  102   51  255    8    7    3  255
    0    0    0  255  168  167  127  255  162  152  105  255  162  152  105  255  162  152  105  255  162  152  105  255  162  152  105  255  162  152  105  255  162  152  105  255  162  152  105  255  162  152  105  255  162  152  105  255  162  152  105  255  162  152  105  255  162  152  105  255  162  152  105  255  162  152  105  255  162  152  105  255  162  152  105  255  162  152  105  255  162  152  105  255  162  152  105  255  162  152  105  255  162  152  105  255  162  152  105  255  162  152  105  255  119  102   51  255    8    7    3  255
    0    0    0  255  168  167  127  255  162  152  105  255  162  152  105  255  162  152  105  255  162  152  105  255  162  152  105  255  162  152  105  255  162  152  105  255  162  152  105  255  162  152  105  255  162  152  105  255  162  152  105  255  162  152  105  255  162  152  105  255  162  152  105  255  162  152  105  255  162  152  105  255  162  152  105  255  162  152  105  255  162  152  105  255  162  152  105  255  162  152  105  255  162  152  105  255  162  152  105  255  162  152  105  255  119  102   51  255    8    7    3  255
    0    0    0  255  168  167  127  255  162  152  105  255  162  152  105  255  162  152  105  255  162  152  105  255  162  152  105  255  162  152  105  255  162  152  105  255  162  152  105  255  162  152  105  255  162  152  105  255  162  152  105  255  162  152  105  255  162  152  105  255  162  152  105  255  162  152  105  255  162  152  105  255  162  152  105  255  162  152  105  255  162  152  105  255  162  152  105  255  162  152  105  255  162  152  105  255  162  152  105  255  162  152  105  255  119  102   51  255    8    7    3  255
    0    0    0  255  168  167  127  255  162  152  105  255  162  152  105  255  162  152  105  255  162  152  105  255  162  152  105  255  162  152  105  255  162  152  105  255  162  152  105  255  162  152  105  255  162  152  105  255  162  152  105  255  162  152  105  255  162  152  105  255  162  152  105  255  162  152  105  255  162  152  105  255  162  152  105  255  162  152  105  255  162  152  105  255  162  152  105  255  162  152  105  255  162  152  105  255  162  152  105  255  162  152  105  255  119  102   51  255    8    7    3  255
    0    0    0  255  168  167  127  255  162  152  105  255  162  152  105  255  162  152  105  255  162  152  105  255  162  152  105  255  162  152  105  255  162  152  105  255  162  152  105  255  162  152  105  255  162  152  105  255  162  152  105  255  162  152  105  255  162  152  105  255  162  152  105  255  162  152  105  255  162  152  105  255  162  152  105  255  162  152  105  255  162  152  105  255  162  152  105  255  162  152  105  255  162  152  105  255  162  152  105  255  162  152  105  255  119  102   51  255    8    7    3  255
    0    0    0  255  168  167  127  255  162  152  105  255  162  152  105  255  162  152  105  255  162  152  105  255  162  152  105  255  162  152  105  255  162  152  105  255  162  152  105  255  162  152  105  255  162  152  105  255  162  152  105  255  162  152  105  255  162  152  105  255  162  152  105  255  162  152  105  255  162  152  105  255  162  152  105  255  162  152  105  255  162  152  105  255  162  152  105  255  162  152  105  255  162  152  105  255  162  152  105  255  162  152  105  255  119  102   51  255    8    7    3  255
    0    0    0  255  165  164  124  255  119  102   51  255  119  102   51  255  119  102   51  255  119  102   51  255  119  102   51  255  119  102   51  255  119  102   51  255  119  102   51  255  119  102   51  255  119  102   51  255  119  102   51  255  119  102   51  255  119  102   51  255  119  102   51  255  119  102   51  255  119  102   51  255  119  102   51  255  119  102   51  255  119  102   51  255  119  102   51  255  119  102   51  255  119  102   51  255  119  102   51  255  119  102   51  255  113   95   43  255    8    7    3  255
    0    0    0  255   12   12    9  255    8    7    3  255    8    7    3  255    8    7    3  255    8    7    3  255    8    7    3  255    8    7    3  255    8    7    3  255    8    7    3  255    8    7    3  255    8    7    3  255    8    7    3  255    8    7    3  255    8    7    3  255    8    7    3  255    8    7    3  255    8    7    3  255    8    7    3  255    8    7    3  255    8    7    3  255    8    7    3  255    8    7    3  255    8    7    3  255    8    7    3  255    8    7    3  255    8    7    3  255    1    1    0  255
