   28   28
    0    0    0  255    0    0    0  255    0    0    0  255    0    0    0  255    0    0    0  255    0    0    0  255    0    0    0  255    0    0    0  255    0    0    0  255    0    0    0  255    0    0    0  255    0    0    0  255    0    0    0  255    0    0    0  255    0    0    0  255    0    0    0  255    0    0    0  255    0    0    0  255    0    0    0  255    0    0    0  255    0    0    0  255    0    0    0  255    0    0    0  255    0    0    0  255    0    0    0  255    0    0    0  255    0    0    0  255    0    0    0  255
    0    0    0  255  168  168  129  255  168  167  128  255  168  167  128  255  168  167  128  255  168  167  128  255  168  167  128  255  168  167  128  255  168  167  128  255  168  167  128  255  168  167  128  255  168  167  128  255  168  167  128  255  168  167  128  255  168  167  128  255  168  167  128  255  168  167  128  255  168  167  128  255  168  167  128  255  168  167  128  255  168  167  128  255  168  167  128  255  168  167  128  255  168  167  128  255  168  167  128  255  168  167  128  255  168  167  128  255  166  165  126  255
    0    0    0  255  168  167  128  255  162  152  105  255  162  152  105  255  162  152  105  255  162  152  105  255  162  152  105  255  162  152  105  255  162  152  105  255  162  152  105  255  162  152  105  255  162  152  105  255  162  152  105  255  162  152  105  255  162  152  105  255  162  152  105  255  162  152  105  255  162  152  105  255  162  152  105  255  162  152  105  255  162  152  105  255  162  152  105  255  162  152  105  255  162  152  105  255  162  152  105  255  162  152  105  255  162  152  105  255  114   96   44  255
    0    0    0  255  168  167  128  255  162  152  105  255  162  152  105  255  162  152  105  255  162  152  105  255  162  152  105  255  162  152  105  255  162  152  105  255  162  152  105  255  162  152  105  255  162  152  105  255  162  152  105  255  162  152  105  255  162  152  105  255  162  152  105  255  162  152  105  255  162  152  105  255  162  152  105  255  162  152  105  255  162  152  105  255  162  152  105  255  162  152  105  255  162  152  105  255  162  152  105  255  162  152  105  255  162  152  105  255  114   96   44  255
    0    0    0  255  168  167  128  255  162  152  105  255  162  152  105  255  162  152  105  255  162  152  105  255  162  152  105  255  162  152  105  255  162  152  105  255  162  152  105  255  162  152  105  255  162  152  105  255  162  152  105  255  162  152  105  255  162  152  105  255  162  152  105  255  162  152  105  255  162  152  105  255  162  152  105  255  162  152  105  255  162  152  105  255  162  152  105  255  162  152  105  255  162  152  105  255  162  152  105  255  162  152  105  255  162  152  105  255  114   96   44  255
    0    0    0  255  168  167  128  255  162  152  105  255  162  152  105  255  162  152  105  255  162  152  105  255  162  152  105  255  162  152  105  255  162  152  105  255  162  152  105  255  162  152  105  255  162  152  105  255  162  152  105  255  162  152  105  255  162  152  105  255  162  152  105  255  162  152  105  255  162  152  105  255  162  152  105  255  162  152  105  255  162  152  105  255  162  152  105  255  162  152  105  255  162  152  105  255  162  152  105  255  162  152  105  255  162  152  105  255  114   96   44  255
    0    0    0  255  168  167  128  255  162  152  105  255  162  152  105  255  162  152  105  255  162  152  105  255  162  152  105  255  162  152  105  255  162  152  105  255  162  152  105  255  162  152  105  255  162  152  105  255  162  152  105  255  162  152  105  255  162  152  105  255  162  152  105  255  162  152  105  255  162  152  105  255  162  152  105  255  162  152  105  255  162  152  105  255  162  152  105  255  162  152  105  255  162  152  105  255  162  152  105  255  162  152  105  255  162  152  105  255  114   96   44  255
    0    0    0  255  168  167  128  255  162  152  105  255  162  152  105  255  162  152  105  255  162  152  105  255  162  152  105  255  162  152  105  255  162  152  105  255  162  152  105  255  162  152  105  255  162  152  105  255  162  152  105  255  162  152  105  255  162  152  105  255  162  152  105  255  162  152  105  255  162  152  105  255  162  152  105  255  162  152  105  255  162  152  105  255  162  152  105  255  162  152  105  255  162  152  105  255  162  152  105  255  162  152  105  255  162  152  105  255  114   96   44  255
    0    0    0  255  168  167  128  255  162  152  105  255  162  152  105  255  162  152  105  255  162  152  105  255  162  152  105  255  162  152  105  255  162  152  105  255  162  152  105  255  162  152  105  255  162  152  105  255  162  152  105  255  162  152  105  255  162  152  105  255  162  152  105  255  162  152  105  255  162  152  105  255  162  152  105  255  162  152  105  255  162  152  105  255  162  152  105  255  162  152  105  255  162  152  105  255  162  152  105  255  162  152  105  255  162  152  105  255  114   96   44  255
    0    0    0  255  168  167  128  255  162  152  105  255  162  152  105  255  162  152  105  255  162  152  105  255  162  152  105  255  162  152  105  255  162  152  105  255  162  152  105  255  162  152  105  255  162  152  105  255  162  152  105  255  162  152  105  255  162  152  105  255  162  152  105  255  162  152  105  255  162  152  105  255  162  152  105  255  162  152  105  255  162  152  105  255  162  152  105  255  162  152  105  255  162  152  105  255  162  152  105  255  162  152  105  255  162  152  105  255  114   96   44  255
    0    0    0  255  168  167  128  255  162  152  105  255  162  152  105  255  162  152  105  255  162  152  105  255  162  152  105  255  162  152  105  255  162  152  105  255  162  152  105  255  162  152  105  255  162  152  105  255  162  152  105  255  162  152  105  255  162  152  105  255  162  152  105  255  162  152  105  255  162  152  105  255  162  152  105  255  162  152  105  255  162  152  105  255  162  152  105  255  162  152  105  255  162  152  105  255  162  152  105  255  162  152  105  255  162  152  105  255  114   96   44  255
    0    0    0  255  168  167  128  255  162  152  105  255  162  152  105  255  162  152  105  255  162  152  105  255  162  152  105  255  162  152  105  255  162  152  105  255  162  152  105  255  162  152  105  255  162  152  105  255  162  152  105  255  162  152  105  255  162  152  105  255  162  152  105  255  162  152  105  255  162  152  105  255  162  152  105  255  162  152  105  255  162  152  105  255  162  152  105  255  162  152  105  255  162  152  105  255  162  152  105  255  162  152  105  255  162  152  105  255  114   96   44  255
    0    0    0  255  168  167  128  255  162  152  105  255  162  152  105  255  162  152  105  255  162  152  105  255  162  152  105  255  162  152  105  255  162  152  105  255  162  152  105  255  162  152  105  255  162  152  105  255  162  152  105  255  162  152  105  255  162  152  105  255  162  152  105  255  162  152  105  255  162  152  105  255  162  152  105  255  162  152  105  255  162  152  105  255  162  152  105  255  162  152  105  255  162  152  105  255  162  152  105  255  162  152  105  255  162  152  105  255  114   96   44  255
    0    0    0  255  168  167  128  255  162  152  105  255  162  152  105  255  162  152  105  255  162  152  105  255  162  152  105  255  162  152  105  255  162  152  105  255  162  152  105  255  162  152  105  255  162  152  105  255  162  152  105  255  162  152  105  255  162  152  105  255  162  152  105  255  162  152  105  255  162  152  105  255  162  152  105  255  162  152  105  255  162  152  105  255  162  152  105  255  162  152  105  255  162  152  105  255  162  152  105  255  162  152  105  255  162  152  105  255  114   96   44  255
    0    0    0  255  168  167  128  255  162  152  105  255  162  152  105  255  162  152  105  255  162  152  105  255  162  152  105  255  162  152  105  255  162  152  105  255  162  152  105  255  162  152  105  255  162  152  105  255  162  152  105  255  162  152  105  255  162  152  105  255  162  152  105  255  162  152  105  255  162  152  105  255  162  152  105  255  162  152  105  255  162  152  105  255  162  152  105  255  162  152  105  255  162  152  105  255  162  152  105  255  162  152  105  255  162  152  105  255  114   96   44  255
    0    0    0  255  168  167  128  255  162  152  105  255  162  152  105  255  162  152  105  255  162  152  105  255  162  152  105  255  162  152  105  255  162  152  105  255  162  152  105  255  162  152  105  255  162  152  105  255  162  152  105  255  162  152  105  255  162  152  105  255  162  152  105  255  162  152  105  255  162  152  105  255  162  152  105  255  162  152  105  255  162  152  105  255  162  152  105  255  162  152  105  255  162  152  105  255  162  152  105  255  162  152  105  255  162  152  105  255  114   96   44  255
    0    0    0  255  168  167  128  255  162  152  105  255  162  152  105  255  162  152  105  255  162  152  105  255  162  152  105  255  162  152  105  255  162  152  105  255  162  152  105  255  162  152  105  255  162  152  105  255  162  152  105  255  162  152  105  255  162  152  105  255  162  152  105  255  162  152  105  255  162  152  105  255  162  152  105  255  162  152  105  255  162  152  105  255  162  152  105  255  162  152  105  255  162  152  105  255  162  152  105  255  162  152  105  255  162  152  105  255  114   96   44  255
    0    0    0  255  168  167  128  255  162  152  105  255  162  152  105  255  162  152  105  255  162  152  105  255  162  152  105  255  162  152  105  255  162  152  105  255  162  152  105  255  162  152  105  255  162  152  105  255  162  152  105  255  162  152  105  255  162  152  105  255  162  152  105  255  162  152  105  255  162  152  105  255  162  152  105  255  162  152  105  255  162  152  105  255  162  152  105  255  162  152  105  255  162  152  105  255  162  152  105  255  162  152  105  255  162  152  105  255  114   96   44  255
    0    0    0  255  168  167  128  255  162  152  105  255  162  152  105  255  162  152  105  255  162  152  105  255  162  152  105  255  162  152  105  255  162  152  105  255  162  152  105  255  162  152  105  255  162  152  105  255  162  152  105  255  162  152  105  255  162  152  105  255  162  152  105  255  162  152  105  255  162  152  105  255  162  152  105  255  162  152  105  255  162  152  105  255  162  152  105  255  162  152  105  255  162  152  105  255  162  152  105  255  162  152  105  255  162  152  105  255  114   96   44  255
    0    0    0  255  168  167  128  255  162  152  105  255  162  152  105  255  162  152  105  255  162  152  105  255  162  152  105  255  162  152  105  255  162  152  105  255  162  152  105  255  162  152  105  255  162  152  105  255  162  152  105  255  162  152  105  255  162  152  105  255  162  152  105  255  162  152  105  255  162  152  105  255  162  152  105  255  162  152  105  255  162  152  105  255  162  152  105  255  162  152  105  255  162  152  105  255  162  152  105  255  162  152  105  255  162  152  105  255  114   96   44  255
    0    0    0  255  168  167  128  255  162  152  105  255  162  152  105  255  162  152  105  255  162  152  105  255  162  152  105  255  162  152  105  255  162  152  105  255  162  152  105  255  162  152  105  255  162  152  105  255  162  152  105  255  162  152  105  255  162  152  105  255  162  152  105  255  162  152  105  255  162  152  105  255  162  152  105  255  162  152  105  255  162  152  105  255  162  152  105  255  162  152  105  255  162  152  105  255  162  152  105  255  162  152  105  255  162  152  105  255  114   96   44  255
    0    0    0  255  168  167  128  255  162  152  105  255  162  152  105  255  162  152  105  255  162  152  105  255  162  152  105  255  162  152  105  255  162  152  105  255  162  152  105  255  162  152  105  255  162  152  105  255  162  152  105  255  162  152  105  255  162  152  105  255  162  152  105  255  162  152  105  255  162  152  105  255  162  152  105  255  162  152  105  255  162  152  105  255  162  152  105  255  162  152  105  255  162  152  105  255  162  152  105  255  162  152  105  255  162  152  105  255  114   96   44  255
    0    0    0  255  168  167  128  255  162  152  105  255  162  152  105  255  162  152  105  255  162  152  105  255  162  152  105  255  162  152  105  255  162  152  105  255  162  152  105  255  162  152  105  255  162  152  105  255  162  152  105  255  162  152  105  255  162  152  105  255  162  152  105  255  162  152  105  255  162  152  105  255  162  152  105  255  162  152  105  255  162  152  105  255  162  152  105  255  162  152  105  255  162  152  105  255  162  152  105  255  162  152  105  255  162  152  105  255  114   96   44  255
    0    0    0  255  168  167  128  255  162  152  105  255  162  152  105  255  162  152  105  255  162  152  105  255  162  152  105  255  162  152  105  255  162  152  105  255  162  152  105  255  162  152  105  255  162  152  105  255  162  152  105  255  162  152  105  255  162  152  105  255  162  152  105  255  162  152  105  255  162  152  105  255  162  152  105  255  162  152  105  255  162  152  105  255  162  152  105  255  162  152  105  255  162  152  105  255  162  152  105  255  162  152  105  255  162  152  105  255  114   96   44  255
    0    0    0  255  168  167  128  255  162  152  105  255  162  152  105  255  162  152  105  255  162  152  105  255  162  152  105  255  162  152  105  255  162  152  105  255  162  152  105  255  162  152  105  255  162  152  105  255  162  152  105  255  162  152  105  255  162  152  105  255  162  152  105  255  162  152  105  255  162  152  105  255  162  152  105  255  162  152  105  255  162  152  105  255  162  152  105  255  162  152  105  255  162  152  105  255  162  152  105  255  162  152  105  255  162  152  105  255  114   96   44  255
    0    0    0  255  168  167  128  255  162  152  105  255  162  152  105  255  162  152  105  255  162  152  105  255  162  152  105  255  162  152  105  255  162  152  105  255  162  152  105  255  162  152  105  255  162  152  105  255  162  152  105  255  162  152  105  255  162  152  105  255  162  152  105  255  162  152  105  255  162  152  105  255  162  152  105  255  162  152  105  255  162  152  105  255  162  152  105  255  162  152  105  255  162  152  105  255  162  152  105  255  162  152  105  255  162  152  105  255  114   96   44  255
    0    0    0  255  168  167  128  255  162  152  105  255  162  152  105  255  162  152  105  255  162  152  105  255  162  152  105  255  162  152  105  255  162  152  105  255  162  152  105  255  162  152  105  255  162  152  105  255  162  152  105  255  162  152  105  255  162  152  105  255  162  152  105  255  162  152  105  255  162  152  105  255  162  152  105  255  162  152  105  255  162  152  105  255  162  152  105  255  162  152  105  255  162  152  105  255  162  152  105  255  162  152  105  255  162  152  105  255  114   96   44  255
    0    0    0  255  166  165  126  255  114   96   44  255  114   96   44  255  114   96   44  255  114   96   44  255  114   96   44  255  114   96   44  255  114   96   44  255  114   96   44  255  114   96   44  255  114   96   44  255  114   96   44  255  114   96   44  255  114   96   44  255  114   96   44  255  114   96   44  255  114   96   44  255  114   96   44  255  114   96   44  255  114   96   44  255  114   96   44  255  114   96   44  255  114   96   44  255  114   96   44  255  114   96   44  255  114   96   44  255  112   94   42  255
