   28   28
   56   57   51  255   23   24   18  255   62   61   57  255   37   34   29  255   60   50   41  255   54   39   34  255   56   37   39  255   44   25   31  255   52   33   39  255   60   30   38  255   72   21   30  255   66    1    7  255   71    6    4  255   69    0    0  255   72    0    2  255   75    4    8  255   64    8    7  255   53   14    7  255   54   34   23  255   55   47   36  255   55   52   43  255   43   40   33  255   53   45   42  255   39   31   28  255   35   35   27  255   38   41   32  255   39   47   34  255   28   39   25  255
   61   60   56  255   27   26   22  255   57   53   50  255   44   39   35  255   46   39   29  255   50   41   32  255   32   16   16  255   65   43   46  255   48   17   22  255   60   13   19  255   81   11   22  255  122   41   50  255  118   38   39  255  124   40   40  255  125   35   44  255  120   33   42  255  115   38   44  255   84   22   23  255   55   14   10  255   48   20   16  255   48   33   28  255   53   44   39  255   34   25   20  255   54   46   43  255   34   29   23  255   45   42   35  255   40   41   33  255   65   68   57  255
   41   37   36  255   37   31   31  255   49   39   38  255   48   40   37  255   28   30   17  255   45   47   34  255   57   48   41  255   51   23   20  255   75   17   16  255  121   39   43  255  148   44   55  255  183   71   83  255  176   66   75  255  176   65   74  255  188   69   88  255  191   69   90  255  187   70   89  255  141   34   52  255  196  110  123  255  105   40   48  255   56   16   17  255   57   36   33  255   53   39   36  255   44   35   30  255   56   42   41  255   63   49   48  255   43   32   30  255   37   26   22  255
   27   28   23  255   36   32   29  255   56   42   41  255   40   31   26  255   30   36   24  255   42   48   34  255   40   31   24  255   63   28   24  255  103   25   25  255  179   72   78  255  203   81   94  255  239  110  128  255  227  104  122  255  237  111  132  255  232   99  126  255  235   98  128  255  242  105  135  255  203   73  101  255  174   56   80  255  145   48   65  255   72    7   15  255   62   22   23  255   58   39   35  255   45   36   31  255   53   39   38  255   46   32   31  255   59   43   44  255   36   20   21  255
   34   42   27  255   49   51   38  255   50   37   31  255   53   40   34  255   56   58   47  255   35   37   26  255   39   24   21  255   62   16   18  255  136   44   49  255  198   78   88  255  235  108  127  255  230  102  127  255  221   99  124  255  216   93  122  255  231  100  134  255  233   99  134  255  229   98  129  255  240  110  138  255  240  105  135  255  198   76   99  255  145   51   65  255   73   11   16  255   46   18   14  255   62   53   46  255   43   38   32  255   50   45   42  255   45   36   37  255   49   39   40  255
   22   31   14  255   50   52   38  255   33   20   14  255   41   26   23  255   45   38   32  255   62   51   49  255   48   17   22  255   75   14   22  255  144   37   47  255  202   71   87  255  232  100  124  255  227   97  125  255  224   99  129  255  228  103  137  255  226   94  131  255  225   94  128  255  228   99  130  255  228   95  124  255  235   92  122  255  244  107  133  255  190   79   96  255  130   53   59  255   53   13   11  255   54   40   31  255   43   38   32  255   26   25   21  255   55   49   49  255   48   42   44  255
   48   46   34  255   33   29   20  255   71   57   56  255   57   38   40  255   54   32   35  255   58   26   31  255   71   17   30  255   91    9   23  255  160   39   56  255  205   66   85  255  237   97  124  255  231   92  123  255  237  102  135  255  230   96  129  255  228   94  127  255  230   99  130  255  226   97  127  255  231   98  127  255  238   98  125  255  241  105  129  255  189   74   89  255  133   46   52  255   66   17   13  255   69   44   37  255   37   26   20  255   49   44   40  255   37   31   31  255   47   43   44  255
   62   57   51  255   28   21   15  255   52   38   38  255   57   32   36  255   47    6   12  255   74   14   24  255   99   19   32  255  160   55   70  255  203   72   88  255  202   59   79  255  214   74  100  255  237   98  127  255  234   97  127  255  232   97  127  255  231   98  127  255  230  101  129  255  225   98  125  255  232  102  128  255  229   91  116  255  236  103  124  255  189   74   87  255  132   43   47  255   63   10    6  255   62   33   25  255   44   31   23  255   28   25   20  255   53   52   50  255   32   30   31  255
   37   36   31  255   53   48   44  255   45   33   35  255   67   35   40  255   98   31   40  255  143   52   61  255  185   73   85  255  199   73   84  255  232   95  105  255  232   92  105  255  223   87  109  255  219   87  110  255  226   94  117  255  218   89  111  255  216   90  112  255  216   92  116  255  212   90  113  255  226  100  122  255  236  100  122  255  231  102  120  255  190   80   89  255  125   41   41  255   66   17   10  255   49   27   16  255   40   33   23  255   47   48   40  255   34   36   31  255   48   50   47  255
   45   42   35  255   48   43   39  255   51   41   40  255   48   18   20  255  148   84   85  255  153   64   66  255  160   55   59  255  165   52   54  255  169   53   56  255  163   48   55  255  167   57   70  255  160   52   67  255  156   46   57  255  163   56   66  255  156   50   64  255  157   52   67  255  149   44   59  255  187   76   93  255  217   90  109  255  223   96  113  255  179   69   78  255  129   47   49  255   60   13    7  255   60   40   29  255   36   32   21  255   59   62   53  255   23   25   20  255   48   50   45  255
   48   38   29  255   45   36   29  255   50   45   41  255   47   32   27  255   68   31   22  255   82   32   21  255   88   30   19  255   92   30   19  255   85   21   12  255   89   24   20  255   83   15   16  255   86   16   18  255   90   19   17  255   91   20   16  255   87   17   17  255   91   21   23  255   90   18   21  255  128   41   49  255  166   51   66  255  174   51   69  255  164   52   64  255  131   44   50  255   64   16   12  255   50   32   22  255   40   36   25  255   37   38   30  255   45   44   39  255   34   31   26  255
   42   29   21  255   53   44   37  255   35   30   26  255   42   33   26  255   45   25   14  255   51   23    9  255   38    8    0  255   64   32   19  255   82   48   36  255   65   29   17  255  133   90   83  255   96   49   41  255  108   59   45  255   96   47   30  255  112   60   47  255  113   63   52  255   72   23   16  255   75   14   13  255  103   12   21  255  145   43   56  255  137   44   54  255  103   31   35  255   56   17   12  255   53   36   28  255   45   41   30  255   46   46   38  255   53   50   43  255   36   31   27  255
   44   36   33  255   49   41   38  255   49   39   40  255   42   30   30  255   48   33   28  255   53   34   28  255   56   35   32  255   69   45   41  255  169  145  135  255  186  158  146  255  255  239  228  255  204  162  146  255  207  162  139  255  215  169  143  255  210  160  135  255  200  155  134  255  102   69   52  255   47   10    1  255   64    9    6  255   79   17   18  255   91   32   34  255   59   13   13  255   57   32   27  255   50   40   31  255   40   33   25  255   57   54   47  255   41   38   31  255   37   34   27  255
   37   36   31  255   40   37   32  255   67   57   56  255   51   37   36  255   46   35   31  255   42   28   25  255   51   32   34  255   68   47   46  255  212  190  177  255  255  234  218  255  242  203  186  255  235  193  171  255  244  200  171  255  243  200  166  255  222  175  145  255  189  147  122  255   89   62   41  255   36   13    0  255   56   23   14  255   51   18   11  255   43   12    9  255   47   23   19  255   56   42   39  255   57   50   44  255   47   42   36  255   48   45   38  255   42   39   32  255   41   38   31  255
   48   58   47  255   30   36   24  255   49   42   32  255   46   36   26  255   52   46   34  255   38   29   20  255   50   30   29  255   73   48   44  255  207  178  162  255  232  196  172  255  242  196  172  255  250  200  173  255  231  184  154  255  217  172  141  255  196  152  123  255  191  154  128  255  100   69   51  255   44   18    5  255   49   27   16  255   39   20   13  255   42   27   22  255   43   32   28  255   44   39   36  255   45   44   40  255   35   36   31  255   40   41   35  255   34   31   24  255   50   45   39  255
   23   37   22  255   45   53   38  255   42   36   24  255   54   44   34  255   49   43   31  255   58   51   41  255   48   33   30  255   59   35   31  255  137  108   92  255  222  187  165  255  223  178  155  255  226  180  154  255  206  160  134  255  188  144  117  255  195  151  126  255  137   96   76  255   69   32   16  255   44   16    4  255   39   21   11  255   46   36   27  255   46   41   37  255   52   48   45  255   43   39   36  255   44   43   39  255   31   34   27  255   45   46   38  255   49   44   38  255   38   31   23  255
   20   33   16  255   44   50   36  255   33   26   16  255   68   55   49  255   35   24   20  255   55   45   43  255   43   33   31  255   46   35   29  255   48   30   18  255  100   74   59  255  101   70   52  255  103   66   48  255  102   60   44  255  100   57   40  255  108   59   45  255   90   40   29  255   75   28   18  255   60   23   14  255   36   17   10  255   59   50   43  255   40   36   33  255   42   41   39  255   50   42   39  255   48   41   35  255   33   35   24  255   39   41   28  255   40   36   25  255   39   30   21  255
   41   47   33  255   32   34   21  255   46   39   31  255   49   38   34  255   47   37   35  255   54   46   43  255   45   44   39  255   42   39   32  255   43   34   27  255   39   25   16  255   38   16    5  255   36    6    0  255   60   22   11  255   80   32   20  255   81   21   11  255  101   37   28  255  126   67   59  255   85   38   32  255   42   17   12  255   38   27   23  255   43   42   40  255   50   49   47  255   48   38   36  255   48   39   32  255   28   30   17  255   57   59   45  255   40   36   25  255   39   32   22  255
   52   47   41  255   44   39   33  255   47   40   32  255   37   33   24  255   48   48   40  255   39   42   33  255   37   42   35  255   30   35   29  255   28   28   26  255   41   36   33  255   35   21   18  255   41   16   11  255   68   28   20  255   91   33   22  255  104   27   17  255  129   46   38  255  107   29   25  255   85   24   21  255   62   24   23  255   39   21   19  255   28   24   23  255   36   35   33  255   48   40   38  255   52   45   39  255   31   31   21  255   36   38   25  255   64   64   54  255   23   20   11  255
   59   49   48  255   40   32   29  255   41   36   30  255   46   46   36  255   36   39   28  255   21   27   17  255   25   32   24  255   22   28   24  255   21   25   26  255   25   25   27  255   26   17   18  255   36   17   13  255  120   83   75  255  222  168  156  255  224  151  136  255  239  160  147  255  230  155  149  255  143   82   79  255   58   18   18  255   41   21   20  255   31   25   25  255   25   25   25  255   34   26   24  255   34   26   23  255   49   49   39  255   40   43   32  255   30   30   20  255   48   48   38  255
   42   31   35  255   50   41   42  255   59   56   51  255   26   27   19  255   21   23   12  255   25   28   19  255   24   25   20  255   25   27   26  255   27   28   32  255   29   28   33  255   34   28   30  255   24    9    6  255  116   87   79  255  232  195  177  255  218  170  147  255  213  159  135  255  222  169  155  255  143   96   88  255   57   26   23  255   33   18   15  255   29   25   24  255   26   26   26  255   29   25   24  255   31   26   23  255   35   36   28  255   44   47   38  255   47   47   39  255   40   40   32  255
   63   52   58  255   41   32   35  255   31   30   28  255   27   28   22  255   25   26   20  255   31   32   26  255   31   32   27  255   21   21   19  255   28   28   28  255   28   24   25  255   32   20   22  255   44   23   20  255   56   26   18  255   63   27   11  255  138  102   76  255  236  200  174  255  228  193  173  255   98   66   53  255   38   15    9  255   36   22   19  255   31   27   28  255   23   23   25  255   30   26   27  255   24   23   21  255   26   29   22  255   27   30   23  255   30   29   24  255   47   46   41  255
   50   41   44  255   47   41   43  255   25   21   22  255   33   32   30  255   25   24   22  255   23   23   21  255   27   29   24  255   28   30   25  255   28   29   23  255   35   26   21  255   43   17   16  255   51   11    9  255   56    8    4  255   48    4    0  255   54   21    2  255   71   47   23  255   58   40   16  255   43   28    9  255   44   27   19  255   32   18   15  255   33   24   27  255   32   30   33  255   25   23   24  255   25   25   23  255   25   30   24  255   21   26   20  255   30   29   25  255   50   46   43  255
   47   41   41  255   29   25   24  255   20   18   19  255   30   30   30  255   28   26   29  255   28   28   28  255   24   26   23  255   24   27   20  255   27   24   17  255   39   20   14  255   71   25   25  255  103   39   40  255  106   31   35  255  106   36   34  255   72   22   13  255   72   39   24  255   97   79   57  255   53   38   19  255   31   11    4  255   43   23   22  255   30   18   20  255   29   23   27  255   28   26   27  255   27   29   28  255   21   27   23  255   16   23   16  255   36   35   33  255   41   35   35  255
   27   28   22  255   29   31   26  255   29   31   28  255   24   25   27  255   24   23   28  255   26   25   30  255   26   28   27  255   31   32   27  255   31   22   15  255   61   28   23  255  107   38   41  255  123   28   36  255  154   42   56  255  175   68   78  255  137   48   54  255   77   12   10  255   49    9    0  255   79   49   38  255   92   58   56  255   52   22   24  255   43   22   27  255   34   22   26  255   34   30   31  255   26   28   27  255   25   34   29  255   22   28   24  255   20   18   19  255   37   31   33  255
   42   45   34  255   20   26   16  255   20   22   17  255   26   28   27  255   29   27   32  255   31   30   35  255   29   30   32  255   20   20   18  255   33   24   19  255   57   26   23  255  131   60   64  255  172   75   84  255  183   67   80  255  184   68   81  255  174   79   87  255  157   83   84  255  131   78   70  255  133   90   83  255  105   65   65  255   62   27   31  255   36   15   20  255   33   21   25  255   28   22   24  255   26   26   26  255   25   31   27  255   18   24   20  255   27   25   26  255   44   38   40  255
   27   29   16  255   48   51   40  255   37   38   32  255   17   17   15  255   27   25   28  255   30   28   33  255   21   22   26  255   27   28   30  255   28   27   23  255   35   17   13  255   74   26   26  255  111   39   43  255  131   42   48  255  125   34   39  255  115   41   38  255  108   45   38  255  107   48   42  255  100   49   46  255   72   32   32  255   50   21   23  255   33   19   19  255   35   26   27  255   31   22   23  255   31   25   25  255   30   30   28  255   26   28   25  255   45   43   44  255   47   42   46  255
   58   60   46  255   30   32   19  255   20   21   13  255   33   34   29  255   34   29   33  255   24   22   27  255   25   26   31  255   25   29   32  255   26   28   25  255   37   26   22  255   53   14   15  255   66    6    8  255   79    3    5  255   75    0    0  255   71    8    1  255   65    8    0  255   66    5    0  255   60    4    3  255   50   10   10  255   37   13   13  255   35   23   23  255   30   24   24  255   35   26   27  255   35   26   27  255   23   22   20  255   25   25   23  255   57   52   56  255   33   28   32  255
