   28   28
   37   22   19  255   49   38   32  255   46   44   31  255   45   43   30  255   53   38   33  255   57   40   33  255   46   34   18  255   60   38   25  255   68   15   21  255   74    0   10  255  106    6   16  255  141   21   30  255  156   16   25  255  156   14   26  255  149   24   40  255  137   22   35  255  140   29   36  255   99    5    6  255   66    0    1  255   65   23   24  255   45   20   23  255   61   49   51  255   55   44   50  255   42   36   38  255   46   41   38  255   48   45   38  255   25   21   12  255   48   44   33  255
   67   55   55  255   52   43   38  255   32   32   20  255   43   43   31  255   40   31   26  255   67   52   45  255   57   39   25  255   74   40   31  255   84   18   28  255  126   35   52  255  146   38   51  255  188   64   74  255  226   86   95  255  207   67   78  255  143   15   30  255  166   45   60  255  186   66   76  255  147   40   48  255  126   44   50  255   73   12   17  255   59   20   23  255   71   49   51  255   37   23   23  255   52   44   42  255   26   21   17  255   42   39   32  255   64   60   49  255   45   41   29  255
   40   34   38  255   37   33   32  255   28   29   23  255   43   46   37  255   30   31   25  255   59   48   42  255   47   14    5  255   73   13   13  255  136   42   60  255  183   67   90  255  209   84  102  255  220   88  101  255  170   33   41  255  147   10   18  255  148   16   27  255  174   42   56  255  228   91  109  255  209   78   96  255  185   68   84  255  144   48   60  255   80   11   16  255   63   19   20  255   55   31   27  255   47   38   31  255   54   50   41  255   37   35   23  255   56   52   40  255   29   23    9  255
   34   32   35  255   46   46   44  255   45   48   41  255   29   30   24  255   47   46   41  255   40   19   16  255   69   11   10  255  141   51   61  255  202   88  113  255  236  107  137  255  231  103  126  255  236  105  123  255  223   88  102  255  191   55   69  255  195   60   75  255  219   82  102  255  242  100  126  255  240  100  127  255  233   99  123  255  200   83  101  255  140   50   59  255   74   14   14  255   54   23   18  255   49   36   27  255   38   34   23  255   54   52   40  255   36   30   18  255   55   47   36  255
   35   34   30  255   40   39   34  255   52   54   43  255   45   41   32  255   50   35   32  255   59   14   17  255  136   44   55  255  198   79   99  255  236  109  139  255  219   94  126  255  223  102  133  255  225  105  133  255  229  101  126  255  233   99  126  255  241  104  134  255  239  101  134  255  230   92  128  255  236   98  132  255  236   97  126  255  237  110  131  255  186   84   95  255  127   55   56  255   59   20   15  255   68   49   42  255   56   47   40  255   28   23   17  255   37   28   21  255   43   32   26  255
   45   42   35  255   45   42   35  255   43   40   31  255   47   38   31  255   52   31   30  255   64   11   19  255  142   34   50  255  201   67   92  255  230   99  130  255  231  106  138  255  220  101  133  255  215   96  128  255  229  102  132  255  237  104  135  255  231   96  129  255  227   91  127  255  232  100  139  255  227   93  130  255  229   92  122  255  232  103  125  255  185   78   88  255  122   42   45  255   62   14   12  255   50   26   22  255   42   31   29  255   64   59   56  255   55   45   43  255   47   36   32  255
   51   44   38  255   30   23   17  255   47   42   36  255   54   43   41  255   67   47   49  255   63   12   21  255  144   41   58  255  201   72   94  255  230  100  124  255  229  100  128  255  221   96  126  255  231  106  136  255  230  103  132  255  226   96  124  255  232   99  128  255  230   99  130  255  228   98  136  255  233  103  139  255  231   98  127  255  231  105  126  255  181   73   86  255  133   48   55  255   60    8   10  255   70   41   43  255   36   24   26  255   46   42   41  255   41   33   31  255   37   27   25  255
   48   37   31  255   49   40   33  255   57   50   44  255   48   38   36  255   34   15   17  255   63   18   25  255  134   42   55  255  194   73   90  255  238  107  125  255  233   97  119  255  232   95  123  255  219   82  112  255  219   85  110  255  223   89  114  255  217   83  108  255  224   90  117  255  214   80  113  255  229   95  128  255  233   99  124  255  236  109  128  255  191   81   94  255  129   44   51  255   65   13   17  255   71   42   44  255   36   27   28  255   52   51   49  255   46   42   39  255   42   37   33  255
   56   44   32  255   39   31   18  255   45   43   30  255   44   40   31  255   41   30   28  255   53   17   19  255  112   35   43  255  177   67   78  255  226   91  105  255  228   79   99  255  225   68   97  255  214   57   88  255  208   58   85  255  206   59   85  255  207   63   88  255  205   61   88  255  207   60   89  255  218   69   98  255  230   84  107  255  226   90  110  255  177   65   77  255  118   36   42  255   56   10   12  255   52   33   29  255   50   47   42  255   35   40   33  255   45   46   38  255   31   31   23  255
   56   46   34  255   52   44   31  255   33   31   18  255   53   50   41  255   46   35   33  255   46   14   17  255   73    8   14  255  141   44   53  255  184   54   66  255  215   68   84  255  219   65   91  255  243   90  118  255  228   85  105  255  228   91  109  255  228   89  110  255  230   91  112  255  230   87  107  255  219   73   94  255  210   64   85  255  189   56   75  255  140   34   46  255   80    5   10  255   55   17   16  255   36   23   17  255   57   57   49  255   27   33   23  255   61   61   51  255   41   38   29  255
   43   34   29  255   58   51   45  255   34   31   22  255   57   50   44  255   55   39   40  255   45   13   18  255   70   13   22  255  130   44   55  255  193   79   89  255  222   94  107  255  204   75   93  255  167   42   60  255  162   46   57  255  158   47   54  255  169   52   61  255  165   45   55  255  161   41   50  255  201   77   88  255  226   95  111  255  197   76   93  255  132   39   50  255   68    6   11  255   45   17   13  255   39   35   24  255   58   58   48  255   27   27   17  255   41   32   23  255   57   44   36  255
   52   44   41  255   42   35   29  255   40   31   22  255   22   12    3  255   40   22   18  255   48   19   21  255   63   18   23  255  118   51   60  255  152   59   67  255  154   50   59  255  136   40   52  255  106   16   26  255   96   16   17  255  100   22   20  255  103   17   18  255  104   15   17  255  106   18   17  255  134   42   43  255  155   49   61  255  150   49   63  255  133   56   66  255   71   19   21  255   38   18   11  255   33   27   13  255   25   19    5  255   43   33   23  255   40   23   16  255   65   46   40  255
   44   40   29  255   86   78   65  255   88   72   56  255  124  105   88  255   88   71   55  255   25    5    0  255   52   22   20  255   77   32   35  255   78   12   16  255   82   11   17  255   70   13   22  255   46    0    5  255   42    4    1  255   43    6    0  255   49    1    0  255   50    1    0  255   48    1    0  255   67   14    6  255   82   11   15  255   83   12   20  255   83   26   32  255   59   19   17  255   27    7    0  255   85   72   55  255  119  102   86  255   92   70   57  255   97   74   68  255   47   22   18  255
   19    9    0  255  192  176  163  255  178  153  131  255  245  219  194  255  196  172  148  255   84   62   41  255   41   12    4  255   62   27   23  255  135   87   85  255  155  109  109  255  108   76   79  255   71   47   47  255  151  131  120  255  124  101   85  255  131  102   88  255  159  130  114  255   74   51   33  255  103   75   63  255  158  112  112  255  139   89   92  255   69   25   26  255   44    7    1  255   90   64   47  255  194  172  149  255  248  220  199  255  179  150  134  255  192  168  158  255   32    9    3  255
   32    8    4  255  194  167  156  255  187  152  130  255  212  175  146  255  217  182  152  255  163  127  101  255   37    0    0  255   74   36   27  255  173  139  127  255  255  240  228  255  243  224  217  255  204  184  175  255  255  240  222  255  245  211  186  255  239  208  179  255  255  250  220  255  200  182  160  255  240  221  206  255  255  239  234  255  177  139  136  255   69   30   23  255   41    3    0  255  164  126  103  255  213  176  147  255  213  176  147  255  182  150  125  255  194  173  156  255   27   11    0  255
   47   23   23  255   97   70   63  255  107   72   53  255  187  150  124  255  166  129  100  255  102   62   37  255   78   30   18  255   72   27   21  255   75   43   30  255  172  149  135  255  222  203  189  255  227  201  186  255  217  179  156  255  200  156  129  255  200  161  128  255  209  178  147  255  231  207  183  255  227  204  186  255  171  138  129  255   84   47   41  255   65   28   19  255   73   33   21  255   95   53   31  255  175  133  108  255  185  148  121  255   96   68   44  255   93   78   57  255   34   27    9  255
   55   40   47  255   28   10   10  255   41   17    7  255  185  158  141  255  159  132  111  255   46   11    0  255  101   52   47  255   96   45   44  255   48    7    3  255   68   31   23  255  142  106   92  255  191  150  132  255  188  138  115  255  186  134  110  255  183  136  110  255  186  142  117  255  188  150  127  255  146  108   89  255   76   29   19  255   51    7    0  255   84   43   37  255  100   61   54  255   45    2    0  255  169  131  120  255  188  160  146  255   37   22    3  255   30   25    6  255   30   31   13  255
   47   40   47  255   45   35   36  255   51   33   29  255   91   71   60  255   76   57   43  255   41   15    2  255   73   32   30  255   66   20   20  255   59   19   19  255   74   35   28  255   71   27   14  255  106   57   40  255  101   49   28  255  104   49   29  255  111   55   38  255  100   47   29  255   97   48   31  255   74   28   12  255   77   31   18  255   61   21   11  255   58   25   18  255   63   34   28  255   46   11    9  255   86   55   52  255   87   68   61  255   38   30   19  255   46   44   32  255   37   39   26  255
   36   32   31  255   52   47   44  255   57   46   42  255   31   18   12  255   30   17    9  255   40   26   17  255   35   14    9  255   38   15    9  255   60   35   28  255   86   56   46  255   77   34   25  255   79   31   19  255   80   32   20  255   78   28   17  255   82   28   18  255   88   31   24  255   84   31   23  255   79   35   26  255   90   58   47  255   48   26   15  255   33   21    9  255   35   22   14  255   47   23   21  255   34   13   12  255   33   19   18  255   44   36   34  255   36   31   27  255   49   44   40  255
   30   27   22  255   51   48   43  255   38   30   27  255   39   28   26  255   42   24   22  255   33   14   10  255   39   24   17  255   58   48   36  255   24   21    4  255   39   27   13  255   76   43   36  255   95   52   46  255   92   48   45  255   99   54   49  255  105   56   52  255  101   52   48  255   97   52   49  255   69   34   28  255   43   27   14  255   32   26   12  255   51   49   34  255   33   25   14  255   35   14   11  255   44   19   22  255   28   16   18  255   59   53   53  255   38   32   34  255   51   45   45  255
   42   37   31  255   53   48   42  255   29   26   21  255   31   20   18  255   54   19   23  255   82   46   46  255   70   47   39  255   45   42   23  255   64   84   59  255   52   67   46  255   33   18   11  255   56   24   25  255   60   19   25  255   62   22   23  255   56   21   17  255   48   17   12  255   54   26   23  255   37   22   17  255   55   59   44  255   72   81   62  255   46   45   27  255   59   45   32  255   84   49   47  255   55   19   21  255   42   24   24  255   43   37   37  255   33   31   32  255   46   46   46  255
   55   48   40  255   41   37   28  255   28   25   20  255   35   17   17  255   62   11   18  255  106   45   52  255   83   35   31  255   50   28   14  255   91  103   79  255   60   75   56  255   29   20   15  255   45   20   24  255   44   13   19  255   45   15   17  255   50   27   21  255   42   23   16  255   33   18   15  255   31   22   17  255   73   75   62  255   97   96   78  255   49   27   13  255   76   38   29  255  104   50   48  255   57    7    8  255   36   12   10  255   35   27   25  255   51   47   48  255   36   36   38  255
   37   30   20  255   33   26   18  255   24   17   11  255   54   24   26  255  110   38   50  255  160   68   81  255  141   54   60  255   85   20   18  255   45   17    5  255   38   24   13  255   36   18   18  255   37   16   21  255   40   24   27  255   34   20   19  255   32   18    9  255   37   25   13  255   34   21   15  255   38   20   16  255   38   15    7  255   51   12    5  255   94   29   25  255  138   58   59  255  150   68   72  255  108   44   45  255   50   21   17  255   27   18   13  255   39   30   31  255   44   38   40  255
   49   45   34  255   23   19   10  255   36   27   22  255   46   14   17  255  130   54   67  255  218  121  138  255  206  106  118  255  184   99  106  255  125   69   68  255  110   72   69  255   84   55   57  255   63   44   46  255   30   22   20  255   33   30   25  255   32   23   16  255   30   20   11  255   65   50   43  255   76   52   48  255  113   74   69  255  133   73   72  255  182   95  101  255  205  110  116  255  211  121  130  255  124   60   61  255   45   17   13  255   34   25   20  255   30   20   19  255   45   35   36  255
   42   44   33  255   27   27   17  255   32   24   21  255   47   21   24  255   72   11   26  255  173   95  111  255  179   92  108  255  211  127  140  255  150   79   85  255   94   39   42  255   48    9   10  255   41   22   18  255   33   28   24  255   26   27   22  255   26   21   18  255   39   28   24  255   39   20   14  255   47   16   11  255   90   42   40  255  137   71   75  255  216  130  141  255  180   92  104  255  168   95  106  255   73   22   27  255   34   15   11  255   35   27   24  255   34   22   22  255   67   51   52  255
   45   48   41  255   22   23   17  255   31   27   24  255   30   14   15  255   53   15   26  255   55    3   16  255   66    6   18  255   67    5   16  255   63    3   11  255   58    8   11  255   48   14   13  255   42   24   20  255   29   26   21  255   30   31   26  255   32   28   29  255   34   25   26  255   41   26   21  255   43   18   13  255   54   12   14  255   63    8   14  255   69    3   15  255   63    0   13  255   64   12   24  255   43   11   16  255   35   25   23  255   29   26   21  255   50   39   37  255   33   19   18  255
   56   56   56  255   42   44   43  255   18   20   19  255   35   34   32  255   35   24   28  255   38   22   25  255   40   21   25  255   37   16   21  255   44   19   23  255   43   21   23  255   38   23   20  255   33   24   19  255   27   22   19  255   30   26   27  255   23   22   27  255   18   18   20  255   30   26   25  255   30   20   19  255   40   21   25  255   44   21   29  255   42   16   27  255   44   21   31  255   36   16   25  255   36   26   27  255   21   22   17  255   30   31   25  255   59   54   48  255   45   38   32  255
   34   33   38  255   27   28   30  255   28   34   34  255   20   26   24  255   24   26   25  255   24   24   24  255   26   27   29  255   25   25   25  255   31   25   27  255   30   22   20  255   29   24   20  255   33   28   24  255   32   24   22  255   29   25   26  255   29   28   34  255   30   33   38  255   29   31   30  255   28   28   28  255   26   20   24  255   25   18   25  255   34   26   37  255   27   22   29  255   26   23   30  255   23   23   25  255   27   32   26  255   39   45   35  255   37   34   27  255   43   39   30  255
