   28   28
   48   43   50  255   33   33   45  255   21   32   54  255   14   39   79  255   41   86  153  255   36   92  179  255   59  118  222  255   77  133  242  255   97  144  250  255  119  162  255  255  151  193  255  255  145  181  239  255  172  201  243  255  208  229  255  255  216  232  255  255  204  220  253  255  179  204  255  255  146  182  255  255  116  163  255  255   92  150  249  255   88  153  253  255   80  145  245  255   52  107  208  255   44   86  170  255   19   40   85  255   43   56   75  255   27   38   44  255   49   61   61  255
   23   18   24  255   61   61   71  255    6   13   31  255    2   22   59  255   33   74  138  255   47  101  187  255   30   87  192  255   86  144  254  255   93  146  252  255  110  158  255  255  129  174  255  255  133  172  241  255  164  195  249  255  204  227  255  255  212  230  255  255  209  231  255  255  179  209  255  255  134  175  255  255  102  152  249  255   83  140  243  255   77  140  243  255   87  149  250  255   96  148  247  255   34   71  151  255    0   15   55  255    8   15   31  255   22   29   37  255    8   16   18  255
   48   47   45  255    0    0    2  255    8    8   20  255   39   50   80  255   26   58  117  255   36   82  167  255   49  106  209  255   65  127  238  255   80  142  251  255   92  150  255  255  104  153  255  255  108  151  245  255  121  157  233  255  170  200  255  255  188  213  255  255  172  203  255  255  138  180  254  255   97  147  236  255   63  117  223  255   51  107  218  255   75  131  240  255   79  132  234  255   72  116  211  255   33   63  133  255   40   51   79  255   30   31   36  255    5    2    9  255   61   58   65  255
   31   31   31  255   44   45   49  255    1    1   13  255    0    5   33  255    5   36   93  255   34   79  160  255   37   92  193  255   61  123  234  255   77  139  250  255   85  143  250  255   93  142  245  255  106  147  237  255  120  153  224  255  166  191  248  255  184  206  255  255  165  191  242  255  136  174  239  255  114  159  240  255   72  122  219  255   61  113  222  255   69  121  233  255   64  115  222  255   56  102  196  255   15   48  117  255    0    2   31  255    0    0    9  255   49   46   55  255   32   25   33  255
   40   45   49  255   27   34   44  255   31   39   58  255   15   34   67  255   36   71  127  255   45   92  170  255   63  121  220  255   93  151  255  255   91  143  255  255  101  149  251  255  111  156  237  255  150  186  246  255  198  220  255  255  224  236  255  255  234  239  255  255  239  245  255  255  224  240  255  255  202  229  255  255  172  208  255  255  122  165  255  255   67  119  229  255   46  102  213  255   40   98  197  255   20   68  144  255   15   42   85  255   22   34   56  255   26   28   41  255   29   28   36  255
   18   25   35  255   39   47   60  255   24   32   51  255   45   64   97  255   34   69  125  255    4   51  129  255   69  127  224  255   87  145  252  255   95  146  255  255  111  155  250  255  137  177  247  255  176  208  255  255  219  234  255  255  227  233  249  255  232  232  240  255  234  237  252  255  203  218  251  255  160  186  237  255  155  189  255  255  117  161  250  255   89  141  250  255   65  123  233  255   29   92  187  255   31   83  156  255   23   55   96  255   29   45   68  255   42   48   60  255   39   39   47  255
   35   34   50  255   50   49   63  255   40   40   52  255   26   38   64  255   35   67  124  255   52  100  182  255   47  105  204  255   80  142  245  255   87  146  246  255  113  165  251  255  157  194  255  255  183  208  255  255  205  221  255  255  224  234  255  255  229  237  255  255  204  221  251  255  165  197  254  255  124  168  241  255  115  163  245  255   96  149  241  255   74  131  236  255   60  117  220  255   38   96  178  255   33   82  140  255    6   34   58  255   39   52   60  255   41   45   54  255   43   42   50  255
   40   38   49  255   48   45   54  255   35   32   41  255   15   21   45  255   13   43   97  255   41   88  166  255   36   94  193  255   57  120  225  255   83  143  241  255  114  166  252  255  149  186  255  255  164  187  241  255  189  205  241  255  221  233  255  255  212  227  250  255  177  199  236  255  129  167  232  255  103  151  233  255   98  151  243  255   82  137  237  255   56  114  221  255   46  104  204  255    4   59  141  255   26   69  124  255   10   32   53  255   42   51   56  255   28   29   34  255   47   46   52  255
   45   45   37  255   51   50   48  255   18   15   22  255    7   13   37  255   28   55   98  255   28   73  140  255   32   90  189  255   55  117  226  255   88  142  248  255  112  159  251  255  151  187  255  255  172  198  249  255  205  220  251  255  225  236  255  255  216  229  248  255  191  210  242  255  153  182  240  255  115  153  234  255  104  152  254  255   81  134  248  255   64  121  237  255   41   98  205  255   58  108  197  255   22   57  121  255    0   11   44  255   13   15   28  255   46   45   50  255   32   30   31  255
   39   39   31  255   47   46   42  255   26   23   30  255   11   17   41  255   25   48   92  255   17   56  123  255   35   90  181  255   57  116  220  255   84  136  238  255  126  171  255  255  144  182  255  255  177  207  255  255  204  220  254  255  220  231  253  255  224  233  250  255  221  237  255  255  189  215  255  255  145  181  255  255  109  154  255  255   91  142  255  255   90  145  255  255   51  104  210  255   36   83  165  255   26   56  116  255    7   16   49  255   22   20   34  255   42   40   45  255   13   12   10  255
   36   31   38  255   30   25   32  255   11    5   15  255   22   24   49  255   31   52  107  255   43   77  151  255   33   78  163  255   64  113  205  255   86  135  228  255  122  169  255  255  133  172  249  255  158  190  251  255  172  193  238  255  204  218  247  255  227  233  249  255  226  237  255  255  193  220  255  255  146  184  249  255  126  171  255  255  109  158  255  255   97  147  255  255   87  133  229  255   27   68  130  255   29   57   94  255   23   29   51  255   18   15   26  255    1    0    2  255   50   50   48  255
   33   31   42  255   16   14   25  255   37   34   43  255   11   16   38  255   37   58  111  255   47   81  153  255   41   83  167  255   92  139  231  255  100  150  245  255  119  169  255  255  139  185  255  255  144  182  247  255  167  193  242  255  212  228  255  255  227  235  255  255  219  230  252  255  184  209  249  255  154  190  250  255  128  173  255  255  114  162  255  255  102  150  255  255   76  120  217  255   79  119  181  255   24   52   89  255    5   11   33  255   40   37   48  255   20   18   23  255   51   49   50  255
   24   33   38  255   35   42   48  255   45   50   56  255   23   34   52  255   50   76  113  255   38   76  138  255   73  122  214  255   83  137  243  255   94  148  254  255  109  163  255  255  134  185  255  255  135  179  244  255  171  204  249  255  209  232  255  255  207  224  254  255  204  220  253  255  193  216  255  255  151  183  240  255  118  159  239  255   96  142  238  255   92  142  253  255   79  128  233  255   97  139  221  255   30   61  118  255   24   30   64  255   30   26   43  255   41   33   46  255   47   37   46  255
   31   40   39  255   18   26   28  255   28   35   41  255    6   19   36  255   32   60   97  255   25   65  127  255   72  122  217  255   78  132  241  255   88  141  253  255  104  157  255  255  114  168  255  255  119  167  241  255  143  178  232  255  186  215  255  255  199  220  255  255  185  206  251  255  186  209  255  255  176  206  255  255  139  179  251  255  118  164  252  255   98  149  255  255   90  141  250  255   86  131  222  255   41   74  141  255   15   25   61  255   42   39   56  255   10    2   13  255   41   32   37  255
   47   46   41  255   23   23   21  255    0    2    9  255   21   35   61  255   26   56  108  255   42   84  158  255   47   94  186  255   70  122  224  255   87  138  247  255   95  146  253  255   96  145  247  255  103  150  240  255  115  153  228  255  166  197  255  255  191  216  255  255  164  186  244  255  147  174  243  255  169  202  255  255  170  212  255  255  144  193  255  255  105  153  255  255   75  123  231  255   58  105  193  255   22   60  122  255   36   53   81  255   21   26   32  255   23   23   21  255   47   44   37  255
   47   42   38  255   39   38   36  255   19   22   31  255   32   46   75  255   17   46  106  255   29   70  150  255   16   63  153  255   80  130  227  255   90  142  244  255   90  141  246  255   92  141  244  255  106  154  252  255  130  171  255  255  165  203  255  255  175  209  255  255  149  181  254  255  125  160  244  255  129  167  250  255  142  190  255  255  150  203  255  255  102  154  253  255   85  137  239  255   47   95  179  255    2   41   98  255   39   61   85  255   16   25   30  255   42   44   43  255   43   44   39  255
   44   44   44  255   27   28   32  255   47   54   64  255   18   32   61  255   25   48  115  255   39   75  159  255   23   73  160  255   95  152  241  255   91  150  244  255  100  156  253  255  100  152  251  255  110  160  255  255  123  169  255  255  130  180  255  255  117  169  255  255  119  170  255  255  110  158  255  255  103  153  250  255  107  161  249  255  112  169  255  255  102  161  255  255   77  133  230  255   48   97  174  255   13   50  105  255   21   41   68  255   26   34   47  255   35   37   52  255   38   37   51  255
   36   37   42  255   37   40   47  255   37   45   56  255   34   48   77  255   43   64  127  255   65   98  179  255   58  106  191  255   57  114  203  255   94  153  245  255   97  153  248  255   93  146  242  255   86  134  232  255   75  123  221  255   81  133  232  255   85  143  240  255  102  160  255  255  102  155  255  255   91  143  244  255   99  154  245  255   88  143  233  255   91  147  242  255   91  142  231  255   67  111  182  255   43   74  128  255   26   43   73  255   33   40   59  255   19   20   40  255   45   43   64  255
   33   36   45  255   24   28   39  255   28   35   51  255   22   36   65  255   35   57  107  255   63   96  167  255   66  110  197  255   73  123  220  255   75  127  228  255   77  129  230  255   73  122  215  255   71  117  211  255   68  113  216  255   86  133  239  255   82  135  241  255   82  137  240  255   80  129  231  255   92  139  229  255   98  146  220  255   57  104  172  255   66  109  188  255   36   75  152  255   70  106  168  255   22   48   97  255   39   53   88  255   42   48   72  255   38   37   53  255   62   60   73  255
   49   52   61  255   61   65   77  255   26   38   54  255   49   66   94  255   18   42   90  255   43   74  138  255   32   70  145  255   63  105  187  255   30   72  156  255   35   80  163  255   24   66  150  255   34   76  162  255   40   80  168  255   65  106  196  255   56  100  187  255   38   83  168  255   52   94  178  255   38   79  158  255   63  101  166  255   10   44  105  255   42   74  133  255   50   79  135  255   34   61  108  255   25   44   84  255   21   34   68  255   20   26   50  255   38   38   48  255   33   31   34  255
   42   42   50  255   55   62   72  255   54   71   87  255   11   36   66  255   47   77  127  255   57   90  144  255   10   40   90  255   22   53   97  255   20   52   93  255   31   63  110  255   21   55  119  255   38   73  141  255   20   55  113  255   26   58  109  255   29   56   99  255   27   56  100  255   34   67  120  255   25   59  120  255   40   67  136  255   50   72  132  255   43   63  100  255   43   61   85  255   27   43   66  255   31   43   67  255   48   55   83  255   32   37   56  255   39   40   42  255   42   43   35  255
   44   42   47  255   39   43   52  255   33   49   65  255    0   17   43  255   26   54   93  255    8   36   76  255   13   36   67  255    0   19   43  255   28   47   64  255    0   17   44  255    0   24   70  255   44   70  121  255   27   52   92  255   23   47   75  255   25   40   59  255    6   23   41  255   11   34   65  255   24   48   92  255   63   82  140  255   36   52  103  255   32   43   65  255   34   43   52  255   33   40   50  255    5    9   21  255   41   47   63  255    0    4   16  255   49   51   50  255   33   36   29  255
   39   30   31  255   42   40   45  255   59   65   81  255   42   53   73  255   10   27   43  255    6   23   39  255   55   66   86  255    0    7   26  255   34   43   58  255   16   27   45  255   24   38   67  255   39   54   87  255   41   54   86  255   22   34   58  255    4   12   23  255   15   24   33  255   25   38   54  255   33   49   72  255   49   63   98  255   31   44   76  255   15   21   37  255   52   52   60  255    8    6   11  255   27   25   30  255    5    4   10  255   35   36   41  255   29   30   35  255   37   40   45  255
   49   39   37  255   35   29   31  255   49   47   58  255   29   31   43  255   36   44   47  255   48   56   59  255   46   49   58  255   34   36   48  255   36   39   46  255   10   13   22  255   55   58   75  255   50   55   75  255   33   38   58  255   35   38   53  255   36   39   44  255   31   35   36  255   37   42   48  255   24   32   43  255   29   40   58  255   24   33   50  255   33   36   45  255   40   38   41  255   49   40   41  255    9    1    0  255   44   40   39  255   27   27   27  255   40   41   43  255   55   59   62  255
   62   52   50  255   42   34   32  255   45   39   43  255   15   10   14  255   46   45   43  255   26   25   21  255   16   15   13  255   47   46   44  255   42   41   37  255   38   37   35  255   40   37   46  255   54   51   62  255   34   33   38  255   34   34   34  255   56   55   51  255   46   45   41  255   40   39   44  255   45   45   53  255   43   50   58  255   27   34   40  255   31   33   32  255   48   45   40  255   45   38   30  255   49   42   34  255    7    4    0  255   56   57   51  255   42   44   33  255   26   30   16  255
   43   35   32  255   50   42   40  255   42   36   36  255   48   42   42  255   45   42   35  255   32   29   20  255   56   53   46  255   32   29   20  255   56   53   44  255   42   39   34  255   55   49   51  255   47   41   45  255   40   36   33  255   36   33   26  255   45   41   32  255   43   38   34  255   43   39   40  255   43   41   44  255   41   43   42  255   25   30   26  255   49   50   44  255   36   33   26  255   57   50   42  255   46   39   31  255   61   58   53  255   36   36   28  255   49   50   36  255   27   28   10  255
   50   47   42  255   34   30   27  255   61   60   58  255   38   37   33  255   45   45   35  255   47   47   35  255   55   52   43  255   36   33   24  255   55   50   44  255   41   36   32  255   50   45   42  255   37   32   29  255   43   38   34  255   39   34   28  255   42   35   29  255   46   39   33  255   52   47   43  255   54   51   46  255   42   42   34  255   41   41   33  255   57   56   51  255   35   32   27  255   54   50   47  255   44   40   37  255   40   39   37  255   48   44   41  255   30   26   17  255   58   51   41  255
   54   53   48  255   45   44   40  255   26   26   24  255   43   44   39  255   29   31   20  255   49   51   37  255   37   34   25  255   40   37   28  255   47   42   38  255   46   41   37  255   38   33   29  255   44   39   35  255   47   42   36  255   46   41   35  255   56   47   42  255   55   48   42  255   37   33   24  255   41   39   27  255   35   33   21  255   44   42   30  255   45   42   37  255   35   31   28  255   39   38   36  255   45   44   42  255   31   29   30  255   44   40   39  255   54   47   41  255   41   32   25  255
