   28   28
   41   36   30  255   43   40   31  255   58   60   49  255   42   38   27  255   44   19   14  255   72   32   32  255   78   21   27  255   99   42   48  255  100   58   60  255   74   40   39  255   59   29   29  255   59   25   26  255   91   40   47  255   85   32   40  255   68   26   30  255   58   17   21  255   72   29   36  255   73   37   41  255   51   27   25  255   52   33   29  255   59   34   30  255   78   50   47  255   71   50   45  255   62   45   38  255   61   44   37  255   43   24   18  255   54   23   21  255   81   45   45  255
   64   59   53  255   40   35   29  255   41   38   29  255   49   40   31  255   48   29   22  255   89   54   52  255   86   31   36  255  111   50   57  255   77   25   29  255   83   37   39  255   76   40   40  255   70   31   32  255   82   33   37  255   77   27   30  255   57   11   14  255   76   31   34  255   79   33   36  255   59   14   17  255   61   22   23  255   60   25   23  255   68   30   29  255   76   36   34  255   73   27   29  255   61   17   16  255   68   33   31  255   51   16   12  255   65   19   21  255   70   20   21  255
   24   19   15  255   53   46   40  255   54   41   35  255   51   36   29  255   50   40   30  255   53   30   22  255   71   21   22  255   79   13   17  255  121   46   53  255   99   30   35  255   86   36   35  255   70   29   25  255   73   29   26  255   82   37   32  255   85   35   34  255   80   26   26  255   78   24   24  255   90   30   30  255   80    9   13  255   83   12   16  255   86   26   26  255   93   25   26  255  132   36   48  255  115   18   29  255   85   13   17  255   72    6    7  255   95   20   25  255   97   18   23  255
   37   29   26  255   63   52   50  255   34   14   13  255   72   51   46  255   51   34   26  255   69   40   34  255   74   18   19  255  128   56   60  255  104   28   32  255  121   42   47  255  109   30   33  255  109   37   38  255   93   32   29  255   95   34   29  255  113   39   40  255  108   30   30  255  130   52   52  255  134   52   54  255  131   36   42  255  128   32   36  255  109   18   23  255  143   44   49  255  154   34   46  255  154   32   45  255  142   38   45  255  108   12   16  255  147   43   50  255  166   61   68  255
   49   39   38  255   60   46   45  255   47   26   25  255   76   45   43  255   68   28   28  255   83   29   29  255  100   28   32  255  145   71   72  255  103   44   38  255  106   32   29  255  194   74   84  255  193   65   78  255  155   52   56  255  147   51   52  255  160   46   54  255  134   14   23  255  152   35   43  255  165   52   58  255  134   25   30  255  148   35   39  255  179   47   60  255  196   64   75  255  116    0    3  255  176   59   65  255  170   45   53  255  162   32   42  255  174   44   54  255  186   56   66  255
   56   46   45  255   39   28   26  255   55   35   34  255   49   18   16  255   85   36   39  255  122   56   60  255   95   10   17  255  107   22   25  255   87   20   12  255  139   54   51  255  210   70   83  255  214   59   75  255  160   30   38  255  151   28   33  255  198   62   74  255  220   80   91  255  214   77   87  255  191   60   68  255  179   56   61  255  174   44   52  255  201   50   65  255  213   65   79  255  211   86   90  255  198   78   80  255  204   67   75  255  196   52   62  255  208   67   76  255  187   48   55  255
   54   46   43  255   50   42   39  255   50   39   35  255   51   27   23  255   90   44   44  255   75    6    9  255  105   14   21  255  133   32   38  255  182   79   82  255  208   93   96  255  217   73   83  255  215   63   76  255  237   93  103  255  221   84   92  255  219   82   92  255  220   83   91  255  228   93  100  255  205   68   76  255  204   64   75  255  222   77   90  255  216   65   80  255  228   80   94  255  233   98  105  255  231   97  104  255  231   92   99  255  213   72   80  255  220   81   88  255  231   95   99  255
   31   28   23  255   48   43   37  255   39   28   22  255   64   43   38  255  120   80   78  255   90   28   29  255  170   81   85  255  148   41   47  255  148   31   37  255  191   64   71  255  225   85   94  255  241   95  106  255  242   96  107  255  234   89  102  255  224   87   97  255  228   97  105  255  227  100  107  255  222   95  104  255  226   94  105  255  226   92  103  255  231   96  110  255  230   98  109  255  226   94  105  255  231   97  106  255  231   91  100  255  231   91  100  255  222   91   96  255  225   99  102  255
   35   36   28  255   36   31   25  255   55   36   32  255   62   34   31  255   51   20   15  255   66   18   14  255   96   18   18  255  205  106  109  255  154   41   45  255  192   69   74  255  216   90   94  255  250  116  123  255  247  110  120  255  229   89  102  255  235   99  113  255  244  118  130  255  244  133  140  255  252  151  157  255  245  146  151  255  235  139  143  255  236  135  143  255  237  133  140  255  237  126  135  255  226  104  115  255  230   92  107  255  227   89  102  255  230  109  116  255  245  132  136  255
   47   50   41  255   41   38   31  255   36   18   14  255   77   49   46  255   83   50   45  255   70   21   17  255   95   16   19  255  120   21   24  255  141   28   32  255  190   67   72  255  205   78   85  255  230  103  110  255  239  114  122  255  220   94  106  255  235  109  123  255  254  137  153  255  255  162  171  255  250  169  175  255  244  172  175  255  245  176  179  255  250  179  183  255  255  181  185  255  248  166  172  255  231  129  140  255  222   93  111  255  225   94  110  255  235  125  134  255  255  156  159  255
   36   42   32  255   35   36   28  255   36   29   21  255   71   50   45  255   93   44   47  255   91   22   25  255  133   44   50  255  153   48   55  255  144   24   33  255  191   61   71  255  211   75   87  255  229   99  109  255  240  129  136  255  221  117  126  255  221  113  128  255  240  138  152  255  246  163  173  255  247  180  187  255  252  202  205  255  239  195  196  255  229  187  188  255  250  206  207  255  255  206  209  255  245  172  179  255  228  117  134  255  222  103  122  255  227  127  139  255  244  155  161  255
   44   47   38  255   43   44   36  255   46   43   34  255   52   31   26  255   90   38   42  255  108   35   42  255  117   30   38  255  130   26   33  255  153   32   41  255  201   65   77  255  217   75   89  255  217   87   99  255  249  150  155  255  239  157  161  255  214  131  139  255  245  169  179  255  246  185  192  255  240  194  197  255  254  219  223  255  247  221  222  255  235  211  211  255  247  223  223  255  253  227  226  255  255  214  217  255  251  167  182  255  226  130  144  255  220  143  151  255  250  181  186  255
   47   48   40  255   47   47   39  255   53   44   39  255   59   35   33  255   79   33   36  255   86   24   27  255  100   24   28  255  136   39   46  255  195   71   81  255  220   80   93  255  226   81   96  255  220   93  104  255  248  156  161  255  255  194  195  255  238  187  186  255  249  209  209  255  255  227  228  255  246  222  222  255  255  236  238  255  254  238  239  255  247  235  237  255  250  240  239  255  247  239  236  255  255  237  236  255  255  209  214  255  237  178  184  255  240  191  194  255  255  222  220  255
   51   48   41  255   35   30   24  255   46   37   32  255   61   40   37  255   69   29   30  255   73   21   23  255   92   28   28  255  138   53   56  255  168   48   57  255  210   72   85  255  227   82   97  255  231  104  115  255  240  148  153  255  255  194  194  255  255  217  215  255  255  230  226  255  255  242  240  255  247  235  235  255  252  240  242  255  250  240  241  255  246  242  243  255  247  247  247  255  243  243  241  255  253  243  241  255  255  226  228  255  244  202  204  255  247  216  214  255  255  240  236  255
   59   49   47  255   39   31   28  255   45   42   37  255   42   31   27  255   51   21   21  255   75   34   32  255   89   40   35  255  115   45   43  255  115   10   14  255  203   76   85  255  224   84   97  255  226   96  108  255  229  129  137  255  238  163  167  255  237  185  187  255  252  218  217  255  255  240  240  255  237  227  226  255  243  233  234  255  251  245  247  255  249  250  252  255  243  249  247  255  242  244  241  255  255  243  243  255  253  214  219  255  226  180  183  255  226  195  193  255  255  233  229  255
   44   34   32  255   34   26   23  255   37   36   31  255   45   38   32  255   54   30   28  255   60   22   19  255   77   30   24  255   99   32   26  255  134   36   37  255  193   72   79  255  215   79   91  255  221   94  105  255  221  120  128  255  253  177  181  255  255  200  204  255  250  211  212  255  248  228  227  255  238  226  226  255  246  232  232  255  245  230  233  255  237  227  228  255  242  236  236  255  247  246  244  255  255  243  243  255  250  208  212  255  239  188  193  255  237  203  204  255  255  227  226  255
   43   38   35  255   42   37   34  255   34   29   25  255   52   43   38  255   57   38   32  255   51   13   10  255   74   14   13  255  120   39   38  255  134   34   36  255  146   31   34  255  232  102  112  255  246  125  134  255  249  152  159  255  254  179  183  255  244  188  191  255  244  205  206  255  240  220  219  255  250  235  232  255  255  239  238  255  242  212  212  255  240  201  204  255  254  222  225  255  253  241  243  255  255  243  245  255  255  208  211  255  241  186  189  255  240  201  204  255  255  230  232  255
   44   41   36  255   44   39   35  255   42   31   27  255   45   30   25  255   55   36   30  255   72   33   28  255   96   22   23  255  141   45   49  255  165   59   61  255  173   54   58  255  216   86   96  255  236  112  122  255  234  134  142  255  223  147  151  255  226  167  171  255  255  213  216  255  248  212  212  255  247  208  209  255  255  208  211  255  232  173  177  255  227  157  165  255  245  186  192  255  242  213  217  255  255  236  238  255  255  206  208  255  228  159  162  255  227  167  175  255  255  204  212  255
   55   55   45  255   39   32   24  255   49   28   25  255   70   45   41  255   69   44   39  255   72   27   24  255  122   31   38  255  146   30   41  255  150   29   38  255  215   85   95  255  231   91  104  255  229   97  110  255  227  120  130  255  239  154  161  255  255  200  205  255  247  190  196  255  242  173  178  255  248  169  175  255  254  164  173  255  228  132  143  255  218  116  129  255  231  145  154  255  238  189  192  255  255  217  216  255  255  186  187  255  212  123  127  255  220  127  138  255  255  159  176  255
   44   42   30  255   47   38   29  255   64   40   36  255   64   34   32  255   62   28   26  255   93   42   41  255  120   29   38  255  154   43   52  255  174   59   66  255  210   86   94  255  228   94  105  255  232  105  116  255  242  137  144  255  255  176  182  255  255  192  196  255  249  172  178  255  233  138  146  255  242  132  143  255  240  124  135  255  231  111  121  255  235  110  124  255  242  135  145  255  254  182  186  255  255  195  196  255  245  155  155  255  197   91   95  255  206   88  102  255  241  116  134  255
   59   52   44  255   47   36   30  255   62   44   40  255   58   30   27  255   74   30   31  255   90   31   33  255  122   46   50  255  179   93   96  255  123   35   33  255  152   57   55  255  143   33   34  255  221  111  114  255  245  151  151  255  255  177  179  255  255  183  190  255  233  132  140  255  228  108  118  255  244  117  126  255  231  104  113  255  221   91   99  255  235  101  112  255  234  110  120  255  246  142  149  255  245  149  151  255  235  127  125  255  197   77   79  255  199   67   78  255  226   88  103  255
   40   33   27  255   45   36   31  255   52   38   35  255   58   34   32  255   68   29   30  255   70   18   20  255   90   28   29  255  103   32   30  255  116   37   33  255  117   26   23  255  188   82   82  255  223  113  114  255  222  119  120  255  234  131  134  255  236  122  130  255  223  101  112  255  228   96  107  255  230   94  104  255  234  100  107  255  209   75   82  255  202   67   74  255  227   96  104  255  225  100  108  255  212   88   96  255  216   90   93  255  217   84   87  255  226   85   94  255  237   91  104  255
   30   25   21  255   61   53   50  255   37   27   25  255   60   46   45  255   53   33   32  255   82   51   49  255   75   29   29  255  103   37   38  255  160   71   75  255  137   31   35  255  155   36   42  255  224   97  104  255  220   89   97  255  225   91  100  255  214   78   90  255  225   91  102  255  217   83   92  255  224   90   99  255  190   55   62  255  194   59   66  255  192   63   68  255  211   82   87  255  217   77   88  255  205   59   72  255  189   43   53  255  216   69   79  255  230   82   94  255  237   89  101  255
   41   37   34  255   62   57   54  255   31   21   20  255   70   56   55  255   51   33   31  255   46   20   19  255   80   38   39  255  100   38   39  255  106   17   23  255  176   71   78  255  185   68   76  255  190   65   73  255  191   61   71  255  182   51   59  255  198   66   77  255  219   92  101  255  220  101  107  255  144   27   33  255  169   45   53  255  193   68   76  255  134   15   21  255  178   53   61  255  190   48   62  255  198   51   67  255  188   51   61  255  202   68   77  255  210   76   85  255  228   94  103  255
   43   42   38  255   47   42   39  255   40   30   28  255   54   36   36  255   48   18   20  255   59   20   23  255   64   15   18  255   82   21   26  255  118   41   47  255  135   46   52  255  124   23   31  255  137   34   38  255   96    2    3  255  101    5    7  255  145   40   45  255  158   57   61  255  135   49   50  255  115   31   31  255  139   43   47  255  138   33   40  255  143   36   44  255  159   43   54  255  172   40   54  255  154   26   39  255  141   42   47  255  104   15   17  255  145   49   51  255  159   60   63  255
   45   46   40  255   38   37   32  255   37   30   24  255   40   22   20  255   60   26   27  255   57   15   19  255   88   43   46  255  103   53   56  255   87   26   31  255   89   20   23  255   99   23   27  255  109   34   38  255  121   57   55  255  188  124  122  255  136   60   62  255   77    5    6  255   84   29   26  255   88   33   30  255   75    5    7  255   91   12   17  255  102   19   27  255  104   11   21  255  133   25   38  255  116   19   28  255   83   17   18  255   62    7    4  255   72    0    1  255   98   20   20  255
   43   51   38  255   27   33   21  255   51   49   37  255   54   41   33  255   63   33   31  255   80   46   45  255   44   14   12  255   55   24   22  255   68   26   27  255   93   47   49  255   84   38   38  255   47    6    4  255   60   27   22  255   57   22   18  255   63   17   19  255   72   28   27  255   66   35   30  255   54   23   18  255   59   18   16  255   64   16   16  255   66   16   19  255   84   29   32  255   74   10   11  255   88   30   29  255   67   32   28  255   51   16   12  255  116   56   58  255   86   14   18  255
   24   37   20  255   31   39   24  255   41   43   29  255   38   28   18  255   56   28   24  255   67   36   33  255   57   36   31  255   48   27   22  255   73   39   38  255   68   32   32  255   62   31   29  255   79   54   50  255   57   38   32  255   54   35   29  255   59   27   28  255   53   23   21  255   53   34   28  255   46   29   21  255   47   17   15  255   76   42   41  255   59   28   26  255   75   40   38  255   76   35   31  255   74   37   31  255   58   39   33  255   46   21   17  255   71   15   18  255   91   20   26  255
