   28   28
   70   35   33  255   67    8   12  255  137   31   45  255  177   44   63  255  209   68   85  255  215   80   94  255  227  112  119  255  251  152  155  255  253  163  172  255  244  171  178  255  231  174  183  255  235  198  205  255  255  236  238  255  249  245  244  255  245  245  243  255  240  232  230  255  233  197  201  255  234  177  183  255  250  174  176  255  244  141  144  255  224   87   97  255  226   74   87  255  199   51   67  255  163   37   49  255  151   62   68  255   79    7   10  255  116   41   46  255   82    5   11  255
   90   59   56  255   73   23   24  255   86    0    6  255  167   52   65  255  199   71   84  255  212   82   94  255  234  114  123  255  233  124  130  255  241  141  151  255  251  168  178  255  255  194  203  255  252  209  216  255  255  230  234  255  251  239  239  255  251  246  243  255  254  236  236  255  255  212  218  255  255  187  193  255  255  173  178  255  255  142  147  255  239   95  105  255  226   72   84  255  195   48   64  255  157   35   46  255   83    3    6  255   66    6    6  255   81   21   23  255  111   49   52  255
   56   32   28  255   66   33   28  255   64   10    8  255   74    0    0  255  111   10   14  255  112    0    0  255  214   84   94  255  218   88  100  255  223  102  117  255  237  132  146  255  252  172  183  255  240  183  190  255  236  200  204  255  254  229  232  255  252  232  233  255  236  202  203  255  219  149  157  255  210  110  120  255  196   72   82  255  189   48   57  255  197   43   53  255  190   36   46  255  170   25   38  255  136   22   30  255   69    8    7  255   50   15    9  255   65   32   27  255   59   28   25  255
   76   48   45  255   54   20   18  255   75   32   26  255   80   17   12  255  123   31   32  255  184   67   73  255  202   66   78  255  226   86   99  255  229   98  112  255  246  134  148  255  254  171  181  255  235  174  181  255  235  193  195  255  255  223  224  255  251  221  221  255  249  204  207  255  243  170  177  255  232  130  141  255  222   90  103  255  213   63   75  255  208   54   64  255  194   43   52  255  182   42   53  255  136   27   33  255   79   19   18  255   51   18   13  255   52   23   19  255   60   32   29  255
   66   24   28  255   76   27   30  255   78   20   19  255   90   14   14  255  121   18   22  255  163   39   47  255  195   55   66  255  214   72   84  255  225   98  109  255  248  141  149  255  249  170  175  255  234  178  179  255  240  198  199  255  246  210  210  255  243  203  204  255  255  217  220  255  255  210  213  255  249  170  175  255  243  126  135  255  224   84   95  255  205   59   69  255  197   53   62  255  188   54   63  255  115    5   14  255   86   14   17  255   77   25   27  255   97   48   51  255   68   22   24  255
   63   14   20  255   92   40   44  255   70    8    9  255  113   33   34  255  155   52   56  255  156   33   38  255  188   46   58  255  214   72   84  255  226   96  106  255  246  139  145  255  255  179  181  255  252  201  198  255  248  208  206  255  250  216  214  255  251  211  212  255  246  200  203  255  253  197  200  255  244  165  170  255  240  124  133  255  233   97  107  255  221   80   86  255  195   54   62  255  193   57   67  255  167   49   61  255  110   25   32  255   88   23   29  255   93   36   42  255   76   26   29  255
   68   26   28  255   95   49   51  255   83   25   24  255   99   25   24  255  148   52   54  255  149   30   34  255  188   51   61  255  212   67   80  255  224   92  103  255  245  134  141  255  255  179  181  255  255  213  209  255  246  213  208  255  250  225  221  255  255  226  226  255  232  186  189  255  242  167  172  255  255  160  166  255  246  119  128  255  230   89   97  255  236   96   99  255  222   79   83  255  207   59   73  255  175   43   57  255  115   18   29  255   87   17   25  255  100   49   54  255   66   26   27  255
   67   33   32  255   72   32   32  255   88   39   35  255  114   46   43  255  136   40   42  255  131   10   15  255  192   50   62  255  204   58   69  255  208   72   84  255  221  106  113  255  216  131  136  255  237  181  180  255  240  209  206  255  243  222  219  255  249  223  224  255  237  190  196  255  240  157  165  255  238  127  136  255  217   86   94  255  208   67   73  255  208   68   69  255  200   55   60  255  195   43   56  255  166   28   44  255  132   27   41  255  120   49   57  255   65   20   23  255   66   35   33  255
   61   36   31  255   84   55   49  255   65   26   19  255  101   38   33  255  140   35   40  255  174   40   49  255  198   47   62  255  202   50   63  255  198   58   71  255  206   85   94  255  212  115  124  255  230  161  166  255  243  204  205  255  253  229  229  255  255  228  233  255  242  195  203  255  234  153  162  255  212  105  115  255  202   75   84  255  197   58   65  255  190   47   51  255  188   43   48  255  174   28   39  255  160   25   40  255  114   10   21  255  110   37   44  255   91   49   50  255   62   37   32  255
   56   36   29  255   68   41   34  255   71   32   25  255   99   31   30  255  142   33   39  255  186   50   62  255  216   65   80  255  213   63   75  255  210   72   85  255  225  105  114  255  244  147  156  255  249  180  185  255  250  211  212  255  255  234  236  255  252  229  237  255  251  211  220  255  246  174  185  255  231  131  141  255  218   94  104  255  206   69   77  255  204   59   66  255  186   43   49  255  179   43   53  255  148   28   38  255  119   22   31  255  104   31   38  255   65   24   22  255   64   39   32  255
   66   47   40  255   59   28   23  255   82   28   26  255  108   28   31  255  143   32   39  255  191   59   70  255  214   69   82  255  217   73   83  255  214   84   94  255  226  117  122  255  243  161  165  255  252  196  197  255  255  224  225  255  255  240  242  255  248  237  243  255  251  228  236  255  247  191  200  255  231  143  155  255  222  104  118  255  219   81   94  255  205   57   69  255  194   55   62  255  141   26   31  255  135   39   41  255  104   19   24  255   97   31   33  255   68   24   21  255   70   40   32  255
   58   30   27  255   64   29   25  255   82   23   25  255   94   14   17  255  132   22   31  255  204   74   84  255  227   85   97  255  234   93  102  255  233  102  110  255  247  134  140  255  253  167  170  255  255  208  208  255  255  234  235  255  249  237  237  255  249  244  248  255  255  242  247  255  255  216  220  255  250  175  182  255  237  125  137  255  223   87  101  255  212   64   76  255  199   58   67  255  147   37   40  255  112   22   24  255   84    8   12  255   81   21   23  255   71   31   29  255   55   26   20  255
   57   15   19  255   75   31   32  255   76   26   27  255   85   15   17  255  130   25   32  255  189   59   71  255  204   64   75  255  222   76   87  255  229   85   95  255  231   99  110  255  229  118  127  255  244  165  170  255  247  213  212  255  243  233  231  255  247  245  246  255  255  243  245  255  255  220  220  255  237  171  172  255  232  128  135  255  231  101  111  255  225   79   89  255  211   67   77  255  196   72   80  255  132   31   39  255   92   15   21  255   76   21   26  255   61   27   26  255   47   23   21  255
   60   19   23  255   68   28   29  255   64   23   21  255   84   22   23  255  146   45   53  255  175   48   59  255  190   48   60  255  211   63   75  255  224   76   88  255  213   73   84  255  209   83   95  255  216  121  129  255  234  186  186  255  255  237  235  255  253  249  248  255  253  243  242  255  248  214  213  255  242  181  180  255  236  141  145  255  240  119  126  255  246  106  115  255  206   66   75  255  187   63   73  255  144   44   52  255   89   20   25  255   75   30   33  255   54   25   27  255   61   41   40  255
   55   29   30  255   55   27   26  255   50   16   14  255   66   10    9  255  126   29   36  255  164   38   49  255  187   46   55  255  198   51   61  255  197   53   62  255  195   58   66  255  204   72   83  255  212  102  113  255  229  156  163  255  253  214  217  255  253  245  243  255  254  246  244  255  250  216  217  255  242  181  186  255  251  164  170  255  250  141  147  255  242  112  120  255  198   68   78  255  186   77   83  255  112   27   32  255   62   10   12  255   56   26   24  255   47   26   25  255   60   44   44  255
   50   36   33  255   46   28   24  255   51   23   19  255   81   27   25  255  126   26   34  255  166   36   48  255  192   46   59  255  207   57   69  255  209   69   78  255  213   83   91  255  214   94  103  255  225  125  133  255  234  164  172  255  246  205  209  255  254  242  242  255  250  239  237  255  255  216  219  255  239  174  180  255  245  152  160  255  242  128  136  255  234  104  114  255  219   92   99  255  147   38   44  255  106   24   26  255   64   16   14  255   44   19   15  255   45   30   27  255   49   38   36  255
   46   43   36  255   49   38   32  255   42   17   13  255   81   22   24  255  144   37   45  255  169   29   42  255  199   46   64  255  217   64   82  255  224   88  100  255  241  126  133  255  248  158  160  255  252  186  187  255  255  220  221  255  255  237  239  255  251  237  237  255  255  234  234  255  255  215  215  255  241  165  169  255  244  130  140  255  236  100  112  255  232   92  101  255  218   84   91  255  163   44   48  255  135   43   44  255   65   12    8  255   55   28   21  255   48   33   28  255   52   43   38  255
   33   28   22  255   64   49   44  255   57   21   21  255   82   13   18  255  137   26   33  255  177   37   50  255  195   40   58  255  221   68   86  255  230   98  111  255  245  140  147  255  250  174  174  255  246  197  193  255  249  223  222  255  254  238  238  255  248  229  231  255  247  215  218  255  237  178  180  255  228  139  143  255  236  110  122  255  232   87  102  255  218   72   83  255  204   64   73  255  194   69   75  255  132   33   36  255   77   19   15  255   60   30   22  255   67   46   43  255   41   23   21  255
   46   31   26  255   80   50   48  255   70   13   19  255   97   14   22  255  140   31   37  255  162   32   40  255  188   37   52  255  218   70   86  255  224   97  108  255  242  141  147  255  247  176  174  255  239  190  186  255  243  211  212  255  255  232  236  255  250  225  231  255  239  198  204  255  231  159  163  255  223  122  130  255  230  104  116  255  226   86   99  255  217   71   84  255  196   54   66  255  188   61   72  255  134   33   41  255   95   35   35  255   57   17   17  255   73   34   37  255   62   26   30  255
   62   43   37  255   68   34   32  255   93   28   34  255  109   18   27  255  114    3    9  255  179   49   57  255  197   51   64  255  216   71   84  255  221   97  107  255  239  140  145  255  246  176  174  255  235  190  185  255  238  208  210  255  255  234  237  255  252  231  236  255  241  201  209  255  234  161  168  255  223  123  133  255  227  109  121  255  231   99  112  255  210   68   82  255  197   55   69  255  195   60   74  255  118   11   21  255   92   26   28  255   76   32   33  255   75   33   37  255   79   38   42  255
   46   32   23  255   68   39   33  255  108   47   52  255  108   18   27  255  147   30   38  255  193   59   66  255  207   66   75  255  225   89   99  255  224  104  113  255  237  141  143  255  247  184  179  255  245  206  199  255  242  222  221  255  248  238  237  255  248  238  239  255  247  220  225  255  242  185  192  255  223  140  148  255  242  140  151  255  240  120  130  255  223   89  100  255  217   75   87  255  204   59   74  255  151   29   40  255   96   20   22  255   89   44   41  255   63   29   27  255   70   45   41  255
   34   17    7  255   81   54   47  255   69   18   17  255  119   37   41  255  166   46   55  255  197   60   68  255  190   50   59  255  232   98  107  255  227  102  110  255  232  127  132  255  246  170  170  255  255  210  206  255  255  231  229  255  250  240  239  255  250  244  244  255  255  243  244  255  252  211  215  255  253  191  196  255  254  169  176  255  247  140  148  255  235  103  114  255  197   52   65  255  201   53   67  255  170   44   55  255  113   35   35  255   73   25   21  255   52   18   16  255   65   40   36  255
   64   41   35  255   71   42   36  255   69   28   24  255  107   35   36  255  151   34   42  255  198   58   67  255  207   67   76  255  233   96  106  255  232   94  107  255  231  105  117  255  238  133  140  255  250  173  179  255  254  212  216  255  254  234  236  255  253  243  242  255  255  246  244  255  255  237  234  255  255  217  215  255  255  199  200  255  247  148  153  255  219   87   98  255  198   52   63  255  198   54   64  255  156   35   42  255  105   27   25  255   77   26   22  255   72   28   27  255   66   26   27  255
   59   34   30  255   60   31   27  255   71   36   32  255   86   22   22  255  147   36   42  255  175   40   47  255  214   74   83  255  226   84   96  255  237   92  107  255  229   91  106  255  222   97  111  255  226  126  138  255  239  176  185  255  254  214  222  255  249  224  227  255  240  219  218  255  244  213  211  255  245  194  193  255  239  160  163  255  233  126  132  255  222   86   96  255  212   66   77  255  190   54   64  255  152   41   47  255   83   13   11  255   92   44   40  255   74   32   33  255   56   17   20  255
   46   22   20  255   78   50   47  255   50   16   14  255   67    9    8  255  111   11   13  255  161   34   41  255  195   55   64  255  221   75   88  255  234   89  104  255  232   91  107  255  228   93  108  255  218  101  117  255  217  129  145  255  249  183  197  255  248  201  209  255  235  186  190  255  228  157  163  255  221  128  136  255  200   84   95  255  210   78   91  255  227   81   94  255  220   75   88  255  191   66   74  255  103    7   11  255   67    7    6  255   53   18   14  255   59   33   32  255   70   49   48  255
   49   19   19  255   54   22   23  255   52   16   16  255   85   27   26  255  143   42   46  255  177   50   57  255  201   60   69  255  220   76   86  255  228   88  101  255  236  104  115  255  240  116  127  255  233  123  134  255  232  144  158  255  255  189  202  255  255  207  213  255  249  197  201  255  250  169  175  255  224  119  126  255  216   90  102  255  207   67   80  255  228   82   95  255  190   50   61  255  200   76   86  255  147   48   53  255   88   24   25  255   58   20   19  255   44   24   23  255   48   38   36  255
   71   28   35  255   57   12   17  255   71   25   28  255   93   24   27  255  163   52   59  255  200   64   74  255  222   78   88  255  228   88   97  255  230  103  112  255  247  134  138  255  250  156  157  255  240  162  162  255  243  181  186  255  255  218  221  255  255  233  233  255  255  228  226  255  255  204  203  255  248  163  166  255  231  118  124  255  224   94  102  255  228   94  101  255  227   93  100  255  225   93  104  255  172   56   65  255   99   12   20  255   80   25   30  255   55   35   34  255   35   32   27  255
   76   26   35  255   60   11   17  255   82   29   35  255   90   18   22  255  166   49   58  255  205   65   76  255  227   83   93  255  224   87   95  255  223  102  109  255  240  137  138  255  239  160  156  255  228  165  160  255  238  188  189  255  255  222  222  255  254  235  231  255  254  231  225  255  254  206  202  255  242  168  167  255  228  122  126  255  219   96  101  255  219   93   97  255  230   99  105  255  228   92  102  255  177   53   64  255  109    9   21  255   82   20   25  255   57   36   35  255   45   46   40  255
