   28   28
    0    1   44  255   56   77  120  255   34   57   99  255   38   69  124  255   36   77  165  255   24   72  174  255   44   89  192  255   68  116  218  255   89  138  240  255  116  165  255  255  149  191  255  255  166  199  253  255  197  216  255  255  220  232  255  255  223  230  248  255  202  209  235  255  181  194  246  255  154  179  245  255  124  168  243  255  103  158  241  255   93  149  244  255   61  118  223  255   52  103  220  255   27   77  176  255   37   81  142  255   30   68  105  255   45   74  104  255   14   38   66  255
    0    3   37  255   19   37   73  255   28   47   89  255    9   35   92  255   36   76  161  255   13   61  159  255   66  115  217  255   83  135  237  255   94  147  251  255  118  168  255  255  137  184  255  255  145  183  245  255  172  196  242  255  210  226  255  255  231  242  255  255  221  232  255  255  202  216  255  255  181  206  255  255  141  184  255  255  112  166  255  255  103  158  255  255   92  149  255  255   89  142  255  255   87  136  238  255    0   34   98  255    3   36   77  255   17   42   73  255   54   75  102  255
    9   21   35  255   38   49   71  255    0    0   37  255    1   20   78  255   33   70  148  255   58  109  200  255   70  129  229  255   79  140  246  255   88  144  253  255  108  163  255  255  120  176  255  255  128  177  246  255  151  187  245  255  199  223  255  255  221  237  255  255  209  224  255  255  216  234  255  255  172  199  255  255  131  175  255  255   91  145  245  255   78  132  238  255   87  143  252  255   82  139  252  255   96  145  247  255   39   73  147  255    0   19   71  255    0   15   48  255   23   39   64  255
    0    2   21  255    0    6   32  255   44   58   97  255   26   47  104  255   28   66  141  255   24   78  168  255   36   99  202  255   64  128  236  255   80  137  250  255   95  149  255  255   99  155  250  255  103  155  238  255  124  163  232  255  171  201  255  255  192  211  253  255  176  194  234  255  176  198  247  255  142  173  237  255  107  153  239  255   68  121  223  255   54  106  215  255   82  138  249  255   32   89  202  255   61  111  210  255   26   58  133  255   29   51  108  255    0    2   47  255   34   56   95  255
   28   53  107  255   27   53  102  255    0   11   54  255    0    8   59  255   52   95  173  255   23   76  172  255   37  100  206  255   63  126  239  255   84  137  251  255   90  140  251  255   90  141  250  255   96  142  238  255  115  152  230  255  162  190  253  255  184  202  252  255  170  188  234  255  165  191  240  255  141  177  237  255   96  143  223  255   70  123  219  255   57  107  218  255   71  122  239  255   62  119  234  255   48  100  199  255   69  103  174  255    0    2   60  255    0   11   78  255   47   81  152  255
   44   77  154  255   85  122  192  255   82  122  181  255    0   24   87  255    7   55  139  255   29   83  183  255   47  108  215  255   76  136  248  255   93  145  255  255   94  142  252  255   97  144  248  255  117  158  248  255  152  181  251  255  194  215  255  255  211  226  255  255  199  214  253  255  195  218  255  255  180  214  255  255  156  201  255  255  122  170  254  255   90  137  241  255   67  117  230  255   45  101  212  255   44   98  196  255   10   49  126  255    0   23   97  255   92  134  220  255   25   70  161  255
   61  102  190  255    0   40  128  255  102  153  244  255   58  113  206  255   15   69  165  255   36   91  191  255   57  112  215  255   94  148  255  255   91  144  255  255   94  146  248  255  115  162  242  255  149  185  247  255  194  212  255  255  224  233  255  255  235  242  255  255  229  236  252  255  229  241  255  255  217  238  255  255  186  223  255  255  172  216  255  255   89  132  226  255   66  113  217  255   48  106  206  255   51  111  209  255   17   67  166  255   67  115  215  255   92  144  245  255   34   87  189  255
   79  124  215  255  113  162  255  255   90  145  248  255   81  138  243  255   86  141  241  255   55  106  198  255   67  113  201  255  107  154  246  255   78  133  234  255   97  150  244  255  142  185  254  255  184  212  255  255  217  230  255  255  226  231  250  255  230  238  241  255  230  240  242  255  226  239  255  255  196  216  249  255  148  181  234  255  132  172  242  255   99  140  228  255  102  148  242  255  118  172  255  255  101  157  252  255   93  147  255  255   79  132  244  255   94  148  254  255   65  120  223  255
   95  134  225  255  127  170  255  255   99  151  250  255   93  147  245  255  106  155  248  255  133  174  255  255  166  200  255  255  162  200  255  255   91  143  226  255   79  131  215  255  159  196  255  255  182  203  255  255  209  219  254  255  228  235  251  255  225  240  235  255  216  236  235  255  197  222  252  255  169  200  255  255   90  130  217  255   70  112  210  255   88  131  223  255  151  193  255  255  158  201  255  255  121  169  253  255  101  154  255  255   92  149  255  255  103  157  255  255   84  137  233  255
  126  162  238  255  141  180  255  255  132  177  255  255  102  147  232  255  112  150  231  255  143  174  239  255  182  203  246  255  191  215  255  255  129  174  242  255  112  158  235  255  150  179  247  255  164  181  237  255  191  203  241  255  222  234  255  255  225  244  248  255  209  234  241  255  173  201  238  255  131  165  229  255  108  147  240  255  107  149  247  255   84  122  205  255  176  210  255  255  173  203  255  255  142  177  245  255  106  153  243  255   97  150  244  255  132  180  255  255  121  167  245  255
  152  184  231  255  191  224  255  255  173  207  255  255  136  167  231  255  144  170  231  255  182  200  248  255  216  223  251  255  218  231  255  255  160  194  255  255  127  164  234  255  154  176  236  255  193  209  255  255  190  207  253  255  193  213  250  255  208  229  255  255  193  217  245  255  176  201  242  255  161  190  246  255  139  176  246  255  124  161  231  255  117  147  207  255  198  222  255  255  205  220  255  255  182  203  248  255  133  170  238  255  125  167  239  255  173  212  255  255  154  190  238  255
  173  198  229  255  216  240  255  255  205  229  255  255  177  200  241  255  187  205  245  255  222  233  255  255  236  239  255  255  225  232  255  255  177  205  255  255  158  188  248  255  183  201  249  255  217  230  255  255  193  212  255  255  183  202  242  255  195  214  244  255  180  200  227  255  191  211  246  255  209  232  255  255  185  216  255  255  163  194  248  255  186  210  254  255  222  238  255  255  234  241  255  255  218  229  251  255  178  205  248  255  169  201  248  255  212  238  255  255  174  197  229  255
  207  218  248  255  202  216  242  255  225  241  255  255  209  225  238  255  216  229  245  255  230  239  255  255  233  236  253  255  219  229  254  255  174  201  244  255  160  188  235  255  199  216  246  255  218  232  255  255  185  201  234  255  192  207  236  255  234  243  255  255  223  231  242  255  219  232  249  255  198  217  247  255  172  199  242  255  162  189  234  255  182  202  237  255  220  232  254  255  236  239  246  255  233  238  242  255  211  229  243  255  207  228  249  255  228  240  255  255  199  206  234  255
  229  233  255  255  216  223  241  255  232  241  246  255  230  240  241  255  230  239  244  255  229  236  244  255  232  236  248  255  226  237  255  255  194  218  255  255  172  198  235  255  208  223  244  255  228  240  255  255  203  218  241  255  203  214  234  255  235  238  245  255  235  236  240  255  235  239  248  255  211  224  241  255  185  208  242  255  176  200  238  255  198  214  247  255  227  238  255  255  233  237  240  255  231  236  230  255  228  240  240  255  227  240  246  255  234  236  255  255  227  224  251  255
  226  229  246  255  233  239  253  255  231  240  247  255  231  239  242  255  235  238  243  255  234  237  242  255  237  237  245  255  229  236  254  255  209  227  255  255  204  224  255  255  218  229  249  255  232  240  251  255  237  249  255  255  233  241  254  255  236  235  243  255  240  235  241  255  236  236  238  255  239  245  255  255  217  234  255  255  195  215  252  255  216  231  255  255  228  241  255  255  232  239  247  255  235  241  241  255  233  242  241  255  233  240  246  255  239  237  255  255  232  228  255  255
  206  217  247  255  208  220  246  255  229  242  255  255  216  228  242  255  227  233  247  255  228  234  248  255  226  233  249  255  211  225  252  255  180  202  251  255  164  187  237  255  191  210  242  255  212  229  249  255  193  208  227  255  202  213  231  255  237  240  255  255  240  239  255  255  241  242  255  255  213  223  248  255  185  206  251  255  166  192  243  255  175  198  240  255  212  231  255  255  222  233  253  255  227  235  248  255  221  233  245  255  219  228  245  255  233  234  255  255  209  208  240  255
  164  192  255  255  166  191  245  255  222  246  255  255  187  207  234  255  191  208  238  255  212  228  255  255  210  230  255  255  172  199  252  255  129  166  244  255  114  152  233  255  138  173  231  255  163  196  241  255  161  189  228  255  194  216  253  255  217  231  255  255  199  211  253  255  190  206  255  255  171  195  255  255  130  166  244  255  118  159  239  255  126  167  233  255  170  201  255  255  213  228  255  255  214  227  255  255  188  210  247  255  184  206  245  255  225  239  255  255  184  191  233  255
  123  163  250  255  119  156  234  255  181  213  255  255  156  187  234  255  168  196  246  255  182  212  255  255  167  199  255  255  131  169  242  255  101  147  245  255  105  153  251  255  132  174  250  255  155  194  253  255  173  207  255  255  170  197  240  255  181  200  240  255  161  179  225  255  154  175  240  255  143  174  254  255  118  163  255  255   94  147  243  255  100  152  238  255  132  174  250  255  174  198  255  255  186  207  255  255  164  196  253  255  152  187  245  255  183  208  255  255  158  179  236  255
   92  139  243  255   85  131  227  255  151  193  255  255  144  186  255  255  150  190  255  255  146  188  255  255  123  165  247  255  105  150  243  255   89  137  245  255  102  149  253  255  122  163  245  255  147  181  245  255  177  207  255  255  195  219  255  255  206  223  249  255  196  215  248  255  168  192  252  255  134  169  250  255  107  156  249  255   90  148  248  255   76  133  236  255   97  150  246  255  131  169  250  255  154  190  255  255  142  188  255  255  139  187  255  255  152  189  255  255  125  161  239  255
   60  114  223  255   76  129  235  255  119  167  255  255  114  163  255  255  112  161  253  255  109  160  251  255  102  152  249  255   98  147  250  255   91  143  253  255  103  151  253  255  140  176  255  255  156  184  249  255  181  204  248  255  218  235  255  255  226  238  252  255  214  229  248  255  183  205  254  255  131  165  236  255  103  153  240  255   99  158  255  255   76  136  246  255   85  142  249  255  106  155  250  255  111  158  246  255  109  163  251  255  113  167  255  255  117  163  255  255  115  158  253  255
   43  105  206  255   64  121  226  255   88  138  253  255   87  137  252  255   86  140  246  255   94  152  252  255   97  151  255  255   89  142  248  255   84  137  243  255  102  148  242  255  164  196  255  255  183  206  255  255  210  225  255  255  227  235  248  255  240  241  243  255  227  232  238  255  199  216  244  255  164  196  247  255  101  147  225  255   74  130  227  255   84  145  252  255   83  143  253  255   88  143  246  255   96  150  250  255   89  143  241  255   85  137  238  255   85  134  239  255  100  147  255  255
   27   88  179  255   56  114  213  255   65  112  226  255   70  117  233  255   72  126  232  255   39   98  200  255   43  101  208  255   89  146  253  255   84  139  242  255  102  151  244  255  142  177  255  255  181  206  255  255  215  230  255  255  222  230  241  255  238  236  239  255  237  236  241  255  227  239  255  255  195  219  255  255  149  188  253  255  135  185  255  255   87  141  247  255   87  144  255  255   93  151  255  255   84  141  246  255   69  121  220  255   73  123  222  255   71  119  229  255   69  116  230  255
   40   97  176  255    0   33  117  255   49   92  187  255   42   84  182  255   15   68  160  255   36   95  187  255   58  118  216  255   87  149  252  255   81  144  247  255   95  153  253  255  109  152  244  255  153  185  255  255  193  216  255  255  221  236  255  255  237  240  255  255  237  237  249  255  239  242  255  255  221  235  255  255  191  224  255  255  168  211  255  255   74  122  222  255   55  106  221  255   50  107  220  255   50  104  210  255   17   64  152  255   45   91  177  255   32   81  184  255   60  110  223  255
   11   52  116  255   35   73  136  255   45   74  142  255    0   19   91  255   12   55  133  255   29   83  169  255   54  110  207  255   79  141  242  255   83  148  252  255   85  148  251  255   95  147  248  255  108  150  236  255  151  183  242  255  196  218  255  255  216  227  255  255  202  209  235  255  205  212  240  255  193  211  247  255  167  200  253  255  124  168  243  255   87  135  237  255   65  116  231  255   49  104  220  255   46   98  199  255   20   60  132  255    0   13   79  255   45   82  163  255   42   82  170  255
    0    5   48  255   45   59   96  255   33   42   71  255    0    2   39  255   32   63  127  255   28   73  156  255   46   96  193  255   65  124  228  255   79  144  248  255   81  145  251  255   85  143  250  255   95  148  244  255  112  154  230  255  161  195  255  255  177  200  250  255  165  187  234  255  163  188  242  255  139  172  239  255  104  150  236  255   67  120  222  255   55  108  220  255   70  125  241  255   67  120  234  255   57  102  195  255   36   61  115  255    0    5   41  255    0    3   43  255   37   54   97  255
    0    0   25  255    7   10   29  255    6    7   12  255    4   12   31  255   33   62  122  255   43   84  172  255   41   90  192  255   71  128  235  255   80  142  245  255   92  154  255  255  102  157  255  255  103  152  244  255  120  160  232  255  169  201  255  255  187  210  255  255  174  197  247  255  173  203  255  255  138  177  254  255   93  145  246  255   64  121  234  255   50  107  220  255   81  139  247  255   29   83  189  255   70  112  196  255   37   59  106  255   38   50   76  255   18   30   54  255   21   33   57  255
   20   27   43  255    0    1    9  255   39   44   38  255   36   50   63  255   34   69  135  255   60  106  204  255   77  129  238  255   86  140  248  255   91  145  245  255  113  162  254  255  129  171  253  255  133  168  236  255  159  185  234  255  205  223  255  255  224  234  255  255  214  227  255  255  212  236  255  255  178  216  255  255  129  178  255  255   95  149  255  255   89  148  250  255   89  149  247  255   93  150  240  255  108  156  230  255   52   79  126  255    0   19   52  255    0   14   49  255   46   68  105  255
    0    2   13  255    0    3    6  255   44   52   41  255    0    7   17  255   15   52  123  255   30   79  182  255   44   97  209  255   70  124  233  255   88  138  235  255  117  162  247  255  150  186  255  255  173  199  255  255  208  226  255  255  229  238  255  255  225  229  254  255  209  216  245  255  166  188  227  255  129  163  224  255   92  139  231  255   62  116  222  255   42  100  199  255   25   86  177  255   32   90  174  255    0   48  117  255    0    6   53  255   14   36   75  255   21   46   87  255   14   41   84  255
