   28   28
   91   17   16  255  135   45   47  255  145   23   34  255  181   41   52  255  211   65   75  255  218   79   84  255  236  111  119  255  251  145  149  255  248  164  164  255  245  175  173  255  232  172  171  255  240  196  197  255  254  235  241  255  249  244  248  255  250  249  247  255  241  227  224  255  239  198  204  255  234  171  179  255  254  175  180  255  240  136  143  255  227   89  102  255  230   75   91  255  202   46   67  255  169   34   49  255  149   58   63  255  118   36   40  255  139   31   44  255  117    0   13  255
  120   46   45  255   80    0    0  255  129   13   22  255  177   41   53  255  211   65   75  255  221   77   86  255  235  105  115  255  240  127  133  255  240  148  149  255  248  170  168  255  255  192  191  255  255  211  212  255  255  232  238  255  253  242  246  255  247  237  235  255  255  235  234  255  245  204  208  255  255  196  201  255  255  176  180  255  250  141  147  255  231   95  107  255  221   70   85  255  197   44   62  255  166   30   44  255  109   10   15  255  107   18   20  255  143   36   44  255  146   32   42  255
   89   15   16  255   86    1    4  255  114    9   16  255  172   47   55  255  209   63   73  255  221   71   82  255  224   84   97  255  225   99  110  255  240  134  138  255  249  155  156  255  235  149  152  255  243  178  182  255  253  221  224  255  255  238  240  255  255  231  230  255  255  225  223  255  255  233  234  255  255  199  201  255  246  154  159  255  234  115  121  255  225   90   97  255  236   92  101  255  241   93  105  255  235   98  108  255  177   62   67  255  112    9   10  255  104    0    1  255  134   31   32  255
  156   61   69  255  131   34   41  255  130   25   30  255  159   40   46  255  177   36   45  255  209   59   70  255  223   76   92  255  223   87  101  255  223  102  111  255  233  124  130  255  227  126  132  255  218  141  147  255  233  192  196  255  241  215  216  255  227  191  191  255  240  200  200  255  240  200  200  255  226  167  169  255  224  129  135  255  206   86   95  255  200   69   75  255  231   90   98  255  192   44   56  255  209   69   78  255  158   39   43  255  137   27   28  255  109    0    0  255  146   34   33  255
  169   32   52  255  160   32   47  255   97    0    0  255  185   70   75  255  160   26   33  255  196   55   64  255  224   77   93  255  232   87  104  255  229   94  108  255  222   98  109  255  218  107  116  255  215  128  136  255  235  186  190  255  240  205  209  255  227  185  187  255  234  188  190  255  235  189  192  255  227  166  173  255  212  125  133  255  202   92  101  255  204   77   86  255  219   79   88  255  220   69   84  255  197   57   68  255  180   70   73  255   96    0    0  255  174   43   49  255  180   36   45  255
  202   50   71  255  190   48   64  255  129    4   12  255  143   20   25  255  176   42   49  255  206   66   75  255  225   80   95  255  237   96  112  255  223   88  102  255  218   98  108  255  232  128  137  255  251  174  180  255  255  216  220  255  249  223  224  255  255  221  222  255  250  211  214  255  254  215  218  255  255  207  212  255  255  192  196  255  249  157  162  255  238  121  129  255  218   84   95  255  205   60   77  255  192   54   69  255  138   25   31  255  124    9   14  255  172   28   38  255  186   28   42  255
  216   75   91  255  213   73   86  255  218   78   89  255  172   31   40  255  195   54   63  255  209   67   79  255  238  100  115  255  221   93  106  255  232  115  124  255  227  130  137  255  249  177  180  255  255  211  212  255  250  234  234  255  253  249  248  255  253  241  241  255  255  243  242  255  255  245  242  255  255  238  234  255  255  214  212  255  255  199  200  255  211  110  116  255  203   83   93  255  199   68   84  255  199   66   83  255  164   38   50  255  211   79   92  255  191   43   57  255  206   50   64  255
  219   99  108  255  222   97  105  255  225   88   98  255  246  106  115  255  201   70   78  255  200   79   88  255  255  139  148  255  219  112  120  255  219  118  126  255  252  167  172  255  255  203  204  255  255  228  228  255  247  242  239  255  243  247  246  255  245  243  244  255  249  241  239  255  255  242  239  255  243  212  210  255  233  177  178  255  238  159  164  255  225  125  133  255  246  136  145  255  255  147  159  255  243  127  140  255  238  111  128  255  222   87  102  255  222   77   92  255  221   73   87  255
  234  144  146  255  243  142  146  255  222  103  109  255  238  121  127  255  250  154  156  255  255  190  192  255  255  188  190  255  211  132  137  255  195  106  112  255  255  183  190  255  253  198  203  255  252  222  224  255  245  235  236  255  248  246  249  255  252  246  250  255  252  231  236  255  255  214  219  255  255  187  195  255  206  105  119  255  195   83   97  255  222  112  123  255  255  175  181  255  255  187  190  255  239  148  153  255  234  122  134  255  228  103  117  255  224   97  108  255  227   97  107  255
  245  173  176  255  255  175  178  255  216  120  124  255  218  126  129  255  230  164  165  255  253  202  201  255  255  213  212  255  226  167  169  255  213  136  142  255  240  165  172  255  236  185  190  255  236  206  208  255  250  235  238  255  253  244  247  255  255  242  247  255  254  225  230  255  250  197  203  255  229  152  162  255  223  118  133  255  224  114  127  255  192   95  104  255  255  192  195  255  255  197  196  255  234  170  170  255  217  124  134  255  228  120  133  255  247  140  148  255  243  136  142  255
  238  170  181  255  255  193  203  255  228  157  161  255  225  165  165  255  241  203  202  255  252  222  222  255  255  231  232  255  236  190  192  255  222  155  162  255  235  170  176  255  251  209  211  255  236  207  209  255  241  221  222  255  248  229  231  255  252  227  233  255  244  212  217  255  241  199  203  255  237  182  187  255  226  157  162  255  213  142  146  255  191  131  131  255  255  213  210  255  251  224  217  255  240  205  201  255  230  159  167  255  241  155  166  255  255  183  189  255  250  170  173  255
  238  188  199  255  255  213  221  255  243  199  200  255  241  207  206  255  254  236  236  255  255  241  241  255  255  237  240  255  237  201  203  255  241  186  191  255  251  196  201  255  255  231  232  255  241  217  217  255  227  205  207  255  238  216  218  255  235  210  214  255  228  202  205  255  238  209  211  255  255  230  230  255  255  208  211  255  245  195  198  255  246  208  207  255  255  239  235  255  255  249  242  255  248  233  230  255  247  202  209  255  249  189  197  255  254  195  201  255  232  173  175  255
  250  229  236  255  252  233  235  255  244  231  225  255  239  230  225  255  249  243  245  255  252  243  248  255  254  235  239  255  234  203  208  255  229  187  189  255  249  209  210  255  255  228  230  255  233  211  213  255  229  205  205  255  255  237  238  255  254  242  242  255  246  238  236  255  249  239  237  255  244  219  222  255  241  194  202  255  240  190  199  255  231  202  204  255  247  236  234  255  251  245  245  255  249  243  243  255  248  233  236  255  252  227  230  255  247  215  218  255  235  199  199  255
  251  245  249  255  247  243  242  255  249  249  241  255  244  245  239  255  245  245  247  255  248  243  249  255  253  236  242  255  243  216  221  255  233  199  200  255  254  223  221  255  255  240  240  255  238  224  223  255  240  222  222  255  254  238  238  255  249  245  242  255  244  244  242  255  249  248  244  255  243  227  227  255  244  201  210  255  242  196  206  255  238  216  218  255  250  240  239  255  247  243  244  255  244  242  243  255  245  243  244  255  253  244  245  255  251  231  232  255  255  230  229  255
  249  245  246  255  249  244  241  255  255  248  242  255  251  246  240  255  246  244  247  255  249  244  250  255  255  242  249  255  250  228  231  255  253  218  222  255  255  229  228  255  255  246  245  255  249  248  244  255  255  247  245  255  252  246  246  255  243  243  243  255  246  248  247  255  243  242  238  255  255  250  249  255  255  230  234  255  249  213  217  255  255  236  238  255  255  242  242  255  252  243  246  255  250  246  247  255  250  246  247  255  255  246  245  255  254  234  233  255  255  233  229  255
  249  233  236  255  253  234  236  255  249  229  228  255  249  234  231  255  249  239  240  255  252  237  242  255  253  226  231  255  241  202  207  255  229  180  184  255  250  208  210  255  248  228  227  255  227  219  216  255  226  216  215  255  254  244  243  255  255  246  247  255  254  242  242  255  255  248  245  255  254  226  223  255  249  203  206  255  235  185  188  255  240  198  202  255  255  228  230  255  252  236  237  255  249  237  239  255  250  234  235  255  251  229  231  255  248  216  217  255  239  201  200  255
  240  197  207  255  253  211  221  255  244  204  212  255  245  210  216  255  255  230  232  255  255  221  221  255  254  199  202  255  226  157  160  255  214  133  140  255  230  155  162  255  240  190  193  255  224  190  189  255  241  213  212  255  255  232  231  255  255  219  221  255  252  210  212  255  249  203  203  255  252  194  193  255  235  156  162  255  218  131  139  255  235  155  164  255  255  197  202  255  252  222  222  255  253  232  231  255  245  208  215  255  255  208  214  255  255  198  204  255  234  173  178  255
  232  170  181  255  255  195  205  255  243  187  196  255  240  187  193  255  255  205  207  255  255  194  195  255  243  158  161  255  213  117  121  255  224  120  129  255  246  153  163  255  249  179  187  255  252  203  206  255  225  193  194  255  233  205  204  255  230  191  192  255  231  185  187  255  231  175  176  255  235  160  164  255  239  139  147  255  221  111  122  255  220  114  124  255  237  150  156  255  254  200  200  255  253  209  210  255  243  184  190  255  248  178  188  255  243  168  175  255  247  170  176  255
  245  174  178  255  240  171  174  255  244  175  178  255  247  175  178  255  255  176  180  255  247  151  155  255  228  112  121  255  216   94  105  255  225  109  120  255  243  143  155  255  239  161  174  255  251  198  206  255  245  219  222  255  243  229  229  255  246  230  231  255  241  212  214  255  242  192  193  255  238  162  166  255  232  125  135  255  227  105  116  255  214   93  102  255  222  113  118  255  241  157  157  255  253  177  177  255  255  175  179  255  255  178  183  255  231  144  150  255  250  164  167  255
  248  162  161  255  233  145  144  255  234  140  141  255  240  141  144  255  239  133  137  255  237  120  126  255  232   96  106  255  226   92  103  255  227  110  119  255  254  158  169  255  247  177  187  255  240  197  204  255  254  235  239  255  247  241  243  255  253  249  250  255  246  230  231  255  241  201  202  255  231  162  167  255  225  117  130  255  239  111  124  255  232  100  111  255  226  101  107  255  232  122  125  255  234  131  132  255  237  132  136  255  243  138  142  255  231  126  130  255  249  146  149  255
  255  148  147  255  243  124  126  255  223   93  101  255  226   92  101  255  233  106  113  255  228   99  104  255  233   94  101  255  223   89   96  255  225  114  120  255  255  177  181  255  252  206  208  255  246  225  224  255  248  238  239  255  251  246  250  255  248  243  247  255  247  237  238  255  242  220  222  255  239  188  193  255  215  117  130  255  213   88  102  255  229   97  108  255  228   94  101  255  225   96  101  255  231  105  108  255  227  101  105  255  216   90   94  255  238  112  116  255  240  115  119  255
  237  108  112  255  239  106  111  255  204   60   70  255  228   84   94  255  194   57   65  255  191   54   61  255  238   97  103  255  219   86   91  255  235  120  125  255  250  165  168  255  252  206  206  255  255  235  234  255  245  236  237  255  252  248  249  255  247  241  243  255  248  238  239  255  255  246  246  255  250  211  214  255  251  171  180  255  255  158  168  255  220   95  103  255  229   94  101  255  238   99  106  255  229   90   97  255  213   78   84  255  211   76   82  255  218   77   85  255  190   47   53  255
  220   80   91  255  217   80   90  255  179   47   58  255  160   26   37  255  197   60   68  255  210   71   78  255  229   90   95  255  230   95  101  255  235  108  115  255  235  130  137  255  242  176  178  255  251  215  215  255  251  237  236  255  251  247  244  255  255  246  244  255  255  247  245  255  255  244  243  255  255  233  230  255  255  217  214  255  255  199  200  255  207   96  102  255  203   72   80  255  202   60   72  255  203   61   73  255  160   30   40  255  179   48   56  255  215   69   80  255  207   53   65  255
  205   64   80  255  205   73   86  255  111    0    4  255  152   35   43  255  174   38   50  255  209   65   75  255  231   92   99  255  231   94  101  255  228   92  102  255  221  101  111  255  216  126  135  255  234  175  181  255  248  220  219  255  247  232  229  255  240  216  216  255  243  215  214  255  246  218  217  255  250  210  210  255  250  192  190  255  242  161  160  255  230  117  123  255  220   86   97  255  207   60   76  255  192   54   69  255  152   36   45  255  110    0    6  255  175   48   57  255  183   47   57  255
  176   45   63  255  172   54   68  255   78    0    0  255   98    2    6  255  166   36   48  255  195   50   63  255  220   79   88  255  228   88   97  255  228   91  101  255  229   98  112  255  219  104  121  255  218  127  142  255  235  180  186  255  244  204  205  255  230  181  185  255  241  186  191  255  244  185  189  255  234  162  166  255  218  122  126  255  202   85   93  255  212   81   89  255  222   80   92  255  223   72   91  255  195   62   79  255  107   14   22  255   82    6    8  255   80    0    0  255  126   37   39  255
  145   30   45  255   95    0    2  255   98   16   20  255  140   51   55  255  168   44   55  255  202   60   74  255  215   74   83  255  228   91   99  255  233  103  113  255  238  116  127  255  231  119  135  255  233  141  156  255  244  189  195  255  250  209  213  255  238  192  195  255  247  195  199  255  255  196  200  255  234  159  163  255  234  129  136  255  210   85   93  255  204   68   78  255  232   87  100  255  191   40   59  255  204   73   91  255  139   52   60  255   84   18   19  255   70    0    2  255  116   46   46  255
   86    0    5  255   83    0    2  255   95   13   17  255  150   58   63  255  193   75   87  255  217   82   96  255  231   89  101  255  232   98  105  255  243  133  136  255  252  157  161  255  244  158  167  255  245  180  188  255  254  222  223  255  255  241  238  255  249  231  229  255  252  233  229  255  255  231  227  255  255  212  212  255  238  158  159  255  223  117  121  255  220   90   98  255  231   89  101  255  237   90  108  255  226   93  110  255  161   64   73  255   94   13   19  255  128   47   53  255   80    0    5  255
   97   23   24  255  126   50   52  255  106   21   26  255  163   68   74  255  115    0   10  255  207   77   89  255  223   83   94  255  233  102  110  255  240  137  138  255  252  171  170  255  242  170  174  255  242  192  195  255  250  229  228  255  249  246  241  255  247  244  239  255  243  240  233  255  237  226  222  255  233  202  199  255  245  177  176  255  241  142  145  255  244  119  125  255  232   92  103  255  234   89  104  255  218   86  100  255  114   10   21  255  111   21   30  255  102   15   24  255  107   20   29  255
