   25   25
   43   40   35  255   35   36   31  255   35   39   38  255   33   39   37  255   38   39   34  255   39   39   31  255   59   57   44  255   45   42   27  255   53   45   32  255   49   39   27  255   65   53   41  255   48   42   28  255   40   42   29  255   42   48   38  255   37   38   40  255   42   40   43  255   44   35   36  255   49   44   40  255   37   38   32  255   55   58   51  255   41   36   33  255   41   33   31  255   42   37   34  255   32   28   25  255   46   42   39  255
   67   60   52  255   26   23   16  255   51   51   49  255   36   38   35  255   52   48   45  255   50   45   41  255   27   24   15  255   45   43   31  255   36   29   19  255   46   37   28  255   58   45   37  255   56   46   36  255   42   40   27  255   32   32   22  255   47   43   42  255   35   29   31  255   51   41   39  255   44   37   31  255   59   60   52  255   34   35   27  255   39   34   30  255   38   30   27  255   44   36   33  255   51   46   42  255   45   42   37  255
   44   32   20  255   54   44   34  255   48   41   35  255   47   39   37  255   48   36   36  255   49   37   37  255   38   33   30  255   59   58   54  255   28   27   25  255   58   49   50  255   43   27   27  255   52   34   30  255   50   36   27  255   43   30   21  255   47   34   28  255   52   38   35  255   61   48   42  255   33   24   17  255   39   39   29  255   40   40   30  255   47   42   36  255   55   48   42  255   36   29   23  255   36   31   25  255   55   52   45  255
   47   35   21  255   62   52   40  255   44   35   28  255   54   43   41  255   46   26   28  255   61   41   43  255   61   45   46  255   42   30   30  255   54   45   48  255   40   29   33  255   49   29   31  255   53   32   31  255   55   35   28  255   59   39   30  255   57   38   32  255   56   37   31  255   43   26   19  255   56   46   37  255   30   27   18  255   50   50   40  255   48   44   35  255   42   35   27  255   43   38   32  255   48   45   38  255   29   29   21  255
   46   38   27  255   54   45   36  255   38   31   23  255   58   44   41  255   45   19   20  255   38    6    7  255   38    4    5  255   33    3    5  255   38   13   17  255   59   37   40  255   55   30   34  255   58   34   34  255   64   41   35  255   63   40   32  255   54   33   28  255   56   37   31  255   63   45   41  255   40   29   23  255   38   35   28  255   40   40   32  255   40   35   29  255   38   33   27  255   46   45   40  255   46   49   42  255   40   45   38  255
   37   30   24  255   44   37   31  255   54   45   40  255   55   36   32  255   47    9    8  255  123   73   74  255  171  112  114  255   82   23   27  255   74   25   29  255   49    7   11  255   45    4    8  255   40    1    2  255   44    9    5  255   36    3    0  255   34    5    1  255   56   31   27  255   65   44   41  255   42   27   24  255   33   28   22  255   42   39   32  255   34   29   25  255   40   37   32  255   51   52   46  255   33   38   31  255   37   44   37  255
   47   37   38  255   62   50   50  255   44   28   28  255   53   23   23  255   64    8    9  255  154   78   80  255  179   89   91  255  215  123  128  255  210  128  134  255   83    8   15  255   93   27   31  255   82   22   24  255   85   29   28  255   85   34   31  255   81   35   35  255   28    0    0  255   61   31   31  255   46   25   22  255   48   37   33  255   47   42   36  255   55   48   42  255   48   43   37  255   30   29   24  255   54   57   50  255   29   39   31  255
   56   46   47  255   42   28   28  255   58   36   38  255   48    8    9  255  134   64   66  255  166   71   75  255  169   56   62  255  183   66   74  255  178   68   79  255  240  140  150  255  225  132  142  255  228  141  147  255  217  135  137  255  214  138  138  255  215  150  148  255  118   62   61  255   39    0    0  255   61   31   29  255  129  110  104  255   53   40   34  255   47   34   28  255   46   35   29  255   45   41   32  255   28   28   20  255   41   47   37  255
   34   27   21  255   48   34   31  255   33    5    4  255   66   17   20  255  139   60   65  255  168   64   71  255  180   58   69  255  183   55   68  255  181   56   72  255  167   46   63  255  173   55   69  255  175   57   69  255  175   60   65  255  160   54   54  255  212  121  118  255  133   58   53  255   50    0    0  255   98   59   54  255   56   27   19  255   56   33   25  255   55   32   24  255   57   37   28  255   37   23   12  255   48   42   30  255   56   57   43  255
   42   39   30  255   57   48   39  255   55   30   26  255   52    3    6  255  132   56   60  255  162   61   69  255  233  111  122  255  255  120  135  255  255  126  146  255  255  127  147  255  184   47   65  255  195   57   72  255  189   52   60  255  203   73   75  255  168   55   51  255  244  153  148  255  112   47   43  255   40    0    0  255  152  118  109  255   59   31   20  255   59   30   22  255   60   33   24  255  119  101   89  255   64   52   38  255   26   23    8  255
   43   47   33  255   42   40   28  255   59   42   35  255   50   12   11  255   75   13   16  255  141   52   58  255  175   61   71  255  171   40   56  255  242  103  124  255  241   97  120  255  255  109  128  255  234   83   98  255  195   44   53  255  188   43   46  255  223   93   91  255  224  119  115  255  131   61   59  255   70   25   22  255   57   22   16  255   46   16    8  255   64   34   26  255  121   94   85  255   78   58   49  255   44   30   19  255   46   38   27  255
   39   43   29  255   46   44   32  255   53   40   34  255   51   23   20  255   57    7    8  255   95   20   25  255  147   43   52  255  185   59   73  255  189   50   71  255  192   44   66  255  193   42   61  255  197   42   56  255  206   51   59  255  201   50   55  255  189   50   53  255  159   49   50  255  220  152  153  255  172  128  127  255  188  155  150  255   78   51   44  255  104   75   69  255   49   22   15  255   48   28   21  255   51   37   28  255   48   39   30  255
   43   40   31  255   38   33   27  255   49   38   36  255   55   34   33  255   53   14   15  255   60    0    2  255  125   32   40  255  175   57   69  255  186   49   67  255  201   54   73  255  198   47   64  255  201   49   62  255  202   50   62  255  199   52   62  255  191   54   64  255  195   85   94  255  210  148  151  255  213  177  177  255  192  167  163  255  129  108  103  255   80   56   52  255   43   19   15  255   51   34   27  255   60   47   39  255   46   39   31  255
   41   36   30  255   42   34   31  255   53   41   41  255   57   39   39  255   44   16   15  255   57   11   11  255  109   33   37  255  171   70   78  255  180   53   70  255  197   58   77  255  193   51   67  255  200   55   68  255  197   53   63  255  187   50   60  255  179   51   64  255  225  123  134  255  204  147  153  255  183  153  151  255  153  132  129  255   91   74   67  255   18    0    0  255   55   34   29  255   56   38   34  255   35   22   16  255   59   50   43  255
   64   57   51  255   48   38   36  255   42   27   30  255   55   39   40  255   41   23   21  255   34    3    1  255   82   28   28  255  123   44   49  255  178   74   85  255  181   60   75  255  188   60   73  255  193   61   74  255  194   62   73  255  197   71   83  255  168   56   70  255  191  104  113  255  197  147  150  255   20    0    0  255   47   28   22  255   96   79   71  255   71   50   45  255  103   83   76  255  103   86   79  255   49   34   27  255   49   39   30  255
   37   30   22  255   46   39   33  255   37   25   25  255   45   31   31  255   55   41   40  255   47   28   24  255   32    0    0  255   75   21   21  255  100   25   30  255  134   44   53  255  137   40   47  255  138   34   41  255  141   37   44  255  131   34   41  255  195  108  117  255  240  171  176  255  236  192  191  255  180  153  146  255  168  148  139  255  128  110  100  255   28    5    0  255   63   40   32  255   61   41   32  255   58   41   33  255   58   45   36  255
   48   44   33  255   32   28   17  255   57   50   44  255   49   40   35  255   56   47   42  255   55   41   38  255   60   39   36  255   27    0    0  255   41    1    1  255   72   26   26  255   75   24   23  255   79   23   22  255   75   17   16  255   70   12   11  255  143   87   88  255  146  101   98  255  198  165  158  255  190  163  154  255  146  119  110  255   77   50   41  255  144  116  105  255   55   28   17  255   56   32   22  255   36   16    7  255   60   46   37  255
   45   43   30  255   50   48   36  255   35   31   22  255   56   49   41  255   55   46   41  255   47   36   32  255   47   33   30  255   77   62   59  255   36   17   13  255   32    8    4  255   21    0    0  255   29    0    0  255   31    0    0  255   34    0    0  255   32    0    0  255  149  116  111  255  128  101   94  255  140  116  106  255  166  139  130  255   44   16    5  255  112   84   73  255   98   71   60  255   56   32   22  255   73   53   44  255   33   18   11  255
   32   28   17  255   47   43   32  255   43   36   28  255   44   37   31  255   36   26   24  255   59   49   47  255   55   44   42  255   42   28   25  255   56   41   36  255   65   46   40  255   51   30   25  255   63   38   33  255   76   48   44  255   70   41   37  255   76   47   43  255   25    0    0  255   17    0    0  255   15    0    0  255   73   50   42  255   64   40   30  255   51   24   15  255   52   28   18  255   80   57   49  255   48   29   22  255   53   40   32  255
   36   32   23  255   42   38   29  255   56   49   43  255   49   42   36  255   46   36   34  255   48   38   36  255   49   39   37  255   46   35   33  255   51   37   34  255   52   37   32  255   71   53   49  255   49   30   24  255   46   25   20  255  101   80   75  255   72   48   44  255   54   33   28  255   60   42   38  255   67   50   43  255  128  109  102  255   48   28   19  255   55   32   24  255   45   25   16  255   94   75   68  255   77   62   55  255   53   42   36  255
   52   45   39  255   43   36   30  255   35   28   22  255   40   32   29  255   47   39   37  255   42   34   32  255   46   38   36  255   39   29   27  255   59   49   47  255   43   32   28  255   55   44   40  255   51   38   32  255   50   37   31  255   58   43   38  255   40   25   20  255   53   40   34  255   41   27   24  255   56   43   37  255   87   72   67  255   41   26   19  255   54   37   30  255   42   25   18  255   57   42   35  255   40   27   21  255   56   47   40  255
   65   58   52  255   29   22   16  255   51   43   40  255   49   41   38  255   43   35   33  255   46   38   36  255   45   37   35  255   43   35   33  255   48   40   37  255   40   32   29  255   53   44   39  255   46   37   32  255   53   44   37  255   54   45   38  255   43   34   29  255   53   44   39  255   45   36   31  255   51   42   37  255   69   58   54  255   51   40   34  255   41   28   22  255   47   34   28  255   58   45   39  255   32   21   15  255   61   54   48  255
   46   41   35  255   53   48   42  255   42   37   33  255   40   35   31  255   54   49   46  255   39   34   31  255   61   56   53  255   46   41   38  255   43   38   34  255   34   29   23  255   54   47   41  255   51   44   38  255   54   47   41  255   43   36   30  255   47   39   36  255   51   43   40  255   53   45   42  255   31   24   18  255   34   27   21  255   54   45   40  255   55   44   40  255   44   35   30  255   34   25   20  255   51   44   38  255   50   45   39  255
   42   37   31  255   56   51   45  255   37   32   28  255   34   29   25  255   52   47   44  255   44   39   36  255   47   42   39  255   46   41   37  255   41   36   30  255   43   38   32  255   46   41   35  255   43   38   32  255   39   34   28  255   33   28   22  255   41   36   32  255   55   50   46  255   32   27   23  255   65   60   56  255   49   42   36  255   48   41   35  255   53   44   39  255   46   39   33  255   51   44   38  255   43   38   32  255   30   27   20  255
   47   44   37  255   29   26   19  255   49   46   41  255   54   51   46  255   35   32   27  255   43   40   35  255   31   26   22  255   55   50   44  255   45   40   34  255   60   56   47  255   42   38   29  255   44   40   31  255   44   39   33  255   53   48   42  255   43   35   32  255   48   40   37  255   29   22   16  255   47   40   34  255   44   36   33  255   32   24   21  255   44   37   31  255   56   49   43  255   55   51   42  255   42   39   30  255   46   43   34  255
