   25   25
   26  126  188  255   27  121  182  255   41  122  178  255   39  116  170  255   42  119  175  255   43  122  179  255   32  112  171  255   38  120  178  255   32  122  172  255   32  127  173  255   22  120  169  255   28  124  175  255   39  120  183  255   39  117  181  255   43  118  183  255   37  115  177  255   41  119  185  255   41  119  183  255   39  113  176  255   41  117  175  255   40  125  179  255   32  123  170  255   32  120  166  255   34  122  172  255   21  106  171  255
   27  125  186  255    0   83  143  255    0   77  131  255   16   87  139  255   12   83  135  255    8   81  132  255   14   87  142  255   13   90  142  255    5   86  133  255    4   88  132  255    0   88  132  255    0   82  129  255    8   83  138  255    6   78  136  255    9   82  137  255    4   79  134  255    7   84  140  255   12   87  142  255   18   91  144  255    4   80  130  255    8   88  137  255    2   84  131  255   10   93  137  255    0   82  132  255   19  104  168  255
   24  117  174  255    3   88  143  255   17   87  138  255   24   85  130  255   15   76  120  255   34   95  139  255   17   78  122  255   16   79  122  255   18   83  121  255   24   92  127  255   17   85  120  255   18   83  121  255   29   88  132  255   14   75  119  255   23   92  131  255   11   85  122  255   18   90  128  255    3   75  113  255   21   94  129  255   19   91  129  255   12   84  122  255   19   91  131  255   15   84  125  255   10   84  131  255   26  110  172  255
   33  122  178  255    0   77  130  255   20   86  134  255   21   80  122  255   26   82  119  255   24   78  116  255   31   84  124  255   26   81  120  255   30   88  125  255   21   80  114  255   32   91  125  255   20   76  111  255   30   82  121  255   29   85  122  255   18   83  115  255   23   92  121  255   19   85  117  255   29   95  127  255   18   87  118  255   20   86  120  255   11   75  111  255   16   78  117  255   31   90  132  255   24   92  139  255   27  112  169  255
   36  120  180  255    5   84  140  255   14   85  129  255   19   83  121  255   28   87  121  255   30   84  120  255   22   75  115  255   24   77  119  255   32   86  130  255   21   78  121  255   34   91  134  255   26   83  126  255   33   86  128  255   31   84  124  255   16   74  111  255   23   83  117  255   23   83  119  255   30   92  129  255   14   78  114  255   13   75  112  255   36   94  134  255   29   83  127  255   26   80  124  255   15   81  129  255   20  110  163  255
   40  122  180  255    0   75  127  255   21   86  126  255   35   88  119  255   41   78  104  255   47   77  103  255   68   95  125  255   47   76  110  255   34   72  109  255   34   78  117  255   28   77  118  255   31   84  126  255   35   90  131  255   21   79  117  255   30   88  125  255   29   87  124  255   26   84  122  255   16   74  114  255   28   86  126  255   26   84  124  255   24   77  119  255   28   79  122  255   20   73  113  255   26   93  136  255   21  111  161  255
   34  117  171  255   17   91  136  255   29   85  112  255   50   79   95  255   17   11   21  255   23    0    8  255   17    0    4  255   19    2   18  255   69   70   91  255   57   74  100  255   55   89  117  255   34   80  113  255   28   87  119  255   17   81  116  255   25   85  122  255   31   89  127  255   21   79  117  255   22   77  116  255   28   81  121  255   41   95  133  255   22   71  111  255   35   85  122  255   34   88  122  255    7   75  110  255   24  116  157  255
   42  125  179  255    5   72  115  255   47   83  107  255   28   22   32  255   65    6    8  255  212  124  123  255  135   45   45  255  119   40   45  255   44    0    2  255   46   19   34  255   64   59   81  255   47   65   89  255   45   85  110  255   28   79  108  255   31   84  118  255   27   81  117  255   34   90  127  255   27   85  122  255   26   82  119  255   30   84  122  255   29   81  118  255   30   83  117  255   28   82  116  255    9   75  110  255   32  119  162  255
   35  117  173  255   17   75  121  255   57   69   95  255   77   27   39  255  148   23   27  255  180   16   15  255  252   84   83  255  229   75   75  255  174   54   56  255  114   23   32  255   59    0    9  255   57   23   40  255   47   48   66  255   57   79  100  255   46   77  105  255   32   76  105  255   26   83  113  255   28   91  124  255   16   79  114  255   26   86  122  255   28   86  123  255   33   89  126  255   23   79  116  255   22   85  126  255   30  110  159  255
   39  121  177  255   26   83  128  255   33   34   62  255   72    6   18  255  185   32   37  255  214   14   14  255  220   11    6  255  217   15   11  255  243   69   70  255  211   62   66  255  202   75   86  255  107   11   23  255   49    0    6  255   42   20   32  255   49   46   63  255   63   81  101  255   48   86  109  255   29   81  105  255   25   79  107  255   36   91  122  255   27   83  116  255   18   74  109  255   20   74  112  255   24   85  129  255   30  107  159  255
   40  123  177  255   23   82  126  255   27   34   60  255   60    2   14  255  172   32   35  255  218   24   22  255  222    5    0  255  241   18   13  255  219    5    5  255  234   31   35  255  236   45   52  255  230   65   71  255  210   90   91  255   85    1    1  255   64    9   12  255   36   11   17  255   45   47   59  255  112  134  148  255   49   80   98  255   38   79   99  255   31   77  103  255   36   87  118  255   36   89  123  255   15   78  119  255   23  105  155  255
   31  116  171  255   24   88  134  255   56   77  106  255   51   17   31  255  115    9   13  255  170   12    9  255  217   25   22  255  220    8    5  255  233   15   16  255  228    5    8  255  229    6   11  255  226   22   25  255  216   48   45  255  238  109  104  255  162   72   71  255   66   12   12  255   31    6    9  255    6    5   10  255   62   77   84  255   40   68   80  255   72  110  131  255   72  119  147  255   22   75  109  255   19   84  126  255   24  110  161  255
   27  116  174  255    9   82  133  255   42   85  120  255   32   34   55  255   49    2   10  255   90    0    0  255  144   10    9  255  173    7    7  255  213   22   27  255  220   11   16  255  237   14   17  255  226   10   11  255  201    9    8  255  191   35   36  255  236  127  130  255  186  116  118  255  138   99   92  255  192  177  170  255    0    0    0  255   63   80   87  255   43   76   93  255   35   81  107  255   23   77  111  255   15   84  126  255   24  110  167  255
   34  125  180  255    3   83  132  255   31   86  125  255   54   84  112  255   23   22   36  255   35    2    9  255   70    0    4  255  104    0    3  255  142    3   10  255  185   16   21  255  207   15   14  255  213   15   12  255  205   17   15  255  255  112  113  255  208  103  107  255  195  131  131  255  209  173  161  255  188  170  158  255  135  130  126  255  150  161  165  255   36   65   81  255   32   78  102  255   31   87  120  255   12   80  125  255   32  116  176  255
   29  124  168  255    0   83  125  255   28   87  129  255   33   77  112  255   44   80  106  255   74   93  110  255   17    8   25  255   45    9   23  255   62    0    5  255  103    4    7  255  132    3    0  255  172   24   14  255  181   26   21  255  229   97   95  255  181  105  107  255  192  152  150  255  155  136  122  255  150  142  129  255  126  122  119  255    0    2    9  255   78  105  124  255   37   81  106  255   21   75  109  255   22   86  130  255   33  109  169  255
   33  124  168  255    9   92  134  255   20   83  126  255   32   85  125  255   27   81  115  255   38   85  113  255   50   81  109  255   56   68   90  255   42   31   48  255   43    6   14  255   64    0    0  255   97    6    1  255  113    8    4  255  156   65   62  255  164  113  110  255  204  179  174  255  133  121  109  255   88   84   73  255  156  154  155  255    0    2   11  255   93  120  137  255   29   73   98  255   35   90  121  255   14   78  122  255   27  102  160  255
   36  119  171  255    9   87  136  255   17   84  126  255   27   87  124  255   23   81  118  255   28   82  118  255   38   82  119  255   36   72  104  255   50   80  106  255   47   62   81  255   47   40   56  255   21    0    8  255   42    6    8  255   78   38   36  255  156  125  120  255  178  155  147  255  199  189  179  255  180  177  170  255   54   55   57  255  111  124  133  255   25   57   70  255   41   88  108  255   31   88  118  255   19   86  129  255   25  106  162  255
   38  117  173  255    3   79  129  255   24   92  131  255   25   88  123  255   20   80  117  255   21   79  117  255   21   74  114  255   32   84  121  255   24   77  108  255   45   91  117  255   45   75  103  255   47   65   87  255   51   61   73  255    0    0    5  255   69   60   61  255  162  154  152  255  133  132  128  255  184  188  189  255   43   52   61  255   84  103  117  255   97  134  150  255   27   78   99  255   24   83  113  255   17   89  129  255   27  110  164  255
   44  121  175  255    8   82  129  255   12   78  113  255   23   86  119  255   33   93  129  255   29   87  125  255   28   83  122  255   21   77  114  255   30   91  122  255   24   81  111  255   35   80  113  255   31   68   97  255   42   74   97  255   58   85  104  255   23   44   61  255    0    4   18  255    0    3   14  255   52   68   81  255   53   74   93  255   47   78   99  255   40   85  108  255   29   85  110  255   28   91  124  255   13   87  126  255   26  109  159  255
   38  118  171  255   12   86  135  255   24   92  129  255   20   83  116  255   22   82  118  255   29   87  125  255   26   81  120  255   30   88  126  255   13   77  112  255   24   87  122  255   23   77  115  255   43   93  130  255   34   83  115  255   31   78  106  255   37   81  108  255   51   88  114  255   45   73   95  255  113  139  162  255   53   83  111  255   33   70   99  255   38   88  115  255   22   81  111  255   20   84  119  255    9   83  122  255   22  106  153  255
   37  117  176  255    8   85  137  255   17   86  127  255   18   82  118  255   24   84  121  255   36   94  134  255   24   79  120  255   17   75  113  255   22   86  122  255   19   83  119  255   31   89  129  255   21   76  117  255   20   78  115  255   22   81  115  255   25   81  116  255   30   80  113  255   39   78  109  255   36   71  103  255   46   82  116  255   34   79  112  255   28   81  113  255   26   87  118  255   12   78  113  255   13   88  127  255   27  111  158  255
   31  113  173  255    7   87  140  255    9   80  124  255   24   88  126  255   28   87  127  255   27   82  123  255   29   82  124  255   20   75  114  255   23   85  122  255   21   83  120  255   29   87  127  255   24   81  124  255   32   91  131  255   24   86  123  255   18   80  117  255   22   80  117  255   38   86  122  255   33   76  111  255   40   84  121  255   32   80  116  255   24   80  113  255   18   83  115  255   23   89  124  255   12   86  125  255   30  112  159  255
   40  124  184  255    2   82  135  255   14   85  129  255   16   80  118  255   23   82  122  255   24   79  120  255   33   85  125  255   34   87  127  255   33   92  126  255   27   87  121  255   22   76  114  255   27   80  120  255   27   85  122  255   22   82  118  255   26   86  122  255   30   88  125  255   21   73  110  255   33   83  120  255   21   71  108  255   36   88  125  255   29   89  123  255   22   86  121  255   26   91  129  255    9   81  121  255   25  106  151  255
   34  124  184  255    3   88  143  255   12   89  133  255   15   87  127  255   25   92  135  255   10   74  118  255   31   92  137  255   18   79  123  255   18   86  125  255   11   79  118  255   21   82  126  255   14   75  119  255   19   84  126  255   16   84  123  255   25   92  134  255   14   81  123  255   21   86  128  255   22   87  129  255   16   79  122  255   28   93  135  255   14   83  124  255   14   86  126  255    9   80  124  255    6   80  127  255   25  107  157  255
   11  113  175  255   10  109  166  255   23  114  161  255   22  109  154  255   29  113  160  255   27  109  159  255   30  110  163  255   32  112  165  255   21  107  156  255   26  112  161  255   30  110  163  255   29  109  162  255   32  113  166  255   25  108  160  255   23  108  162  255   23  108  162  255   23  110  163  255   31  116  170  255   19  102  154  255   30  113  165  255   23  109  160  255   25  110  164  255   27  109  165  255   25  109  169  255   23  113  173  255
