   25   25
   55   49   49  255   39   31   29  255   63   47   47  255   55   41   38  255   48   38   36  255   46   41   37  255   39   30   31  255   49   30   32  255   70   33   41  255   69   16   24  255   72    2   12  255   77    2    7  255   74    2    6  255   75    4    8  255   72    1    7  255   67    8   12  255   67   27   25  255   53   35   25  255   57   55   43  255   41   47   33  255   39   39   29  255   37   33   24  255   45   34   30  255   46   35   31  255   49   40   33  255
   55   51   48  255   36   31   28  255   56   42   41  255   40   29   25  255   51   46   40  255   31   26   20  255   57   43   42  255   48   18   20  255   64    9   15  255   96   23   32  255  129   46   54  255  133   43   52  255  137   48   54  255  133   43   52  255  130   44   55  255  104   28   38  255   87   31   34  255   65   30   26  255   47   33   24  255   44   40   29  255   39   35   26  255   43   39   30  255   49   40   35  255   46   37   32  255   58   53   47  255
   32   35   26  255   36   36   28  255   48   38   36  255   39   32   26  255   45   48   39  255   45   43   31  255   52   27   22  255   73   19   17  255  142   51   58  255  178   68   77  255  202   86   95  255  196   76   86  255  202   80   93  255  201   78   96  255  201   82  102  255  165   56   75  255  179   89  101  255  102   35   42  255   52   10   11  255   62   38   34  255   51   38   32  255   48   41   35  255   52   49   44  255   42   41   36  255   28   29   23  255
   29   32   21  255   48   50   39  255   48   40   37  255   46   41   37  255   36   41   34  255   38   31   23  255   63   23   21  255  106   30   34  255  190   76   86  255  227   96  110  255  234  103  117  255  236  105  119  255  237  101  121  255  237  101  123  255  238  106  129  255  225   99  121  255  200   84  103  255  155   61   75  255   89   22   29  255   58   16   17  255   59   35   33  255   50   41   36  255   43   40   35  255   46   45   40  255   33   34   28  255
   36   34   22  255   42   38   29  255   33   25   22  255   44   38   38  255   50   50   48  255   45   29   29  255   62    5   12  255  138   44   60  255  202   76   97  255  237  101  125  255  226  100  121  255  225  103  124  255  224   98  120  255  226  100  122  255  226  100  122  255  232  105  126  255  233  101  124  255  226  107  126  255  155   65   77  255   79   18   23  255   54   20   19  255   54   39   36  255   42   34   31  255   51   46   43  255   52   44   42  255
   44   40   29  255   48   41   33  255   60   50   48  255   50   36   36  255   58   38   39  255   70   29   35  255   75    0    8  255  135   24   43  255  207   75   99  255  239  101  127  255  230  101  129  255  221   97  125  255  225   98  127  255  228   99  127  255  225   99  123  255  227   98  120  255  240  102  125  255  231  102  122  255  173   71   85  255  112   39   48  255   57   18   19  255   58   43   38  255   40   32   29  255   40   35   32  255   49   39   38  255
   58   55   48  255   33   26   20  255   50   37   31  255   50   20   18  255   60    5    8  255   77    0    3  255  142   34   47  255  195   68   87  255  187   51   75  255  218   78  105  255  235   94  128  255  236   96  131  255  237   95  133  255  236   96  131  255  231   98  129  255  231   98  125  255  229   93  115  255  236  109  126  255  171   66   80  255  104   29   36  255   50   12   11  255   50   37   31  255   34   29   25  255   45   42   37  255   36   28   26  255
   40   35   32  255   51   43   40  255   55   40   35  255   69   34   30  255  110   42   43  255  169   74   80  255  185   71   81  255  230  105  119  255  225  100  118  255  221   95  117  255  223   93  121  255  228   95  126  255  221   87  120  255  222   91  123  255  218   94  122  255  223   99  123  255  232  101  119  255  235  110  126  255  173   67   81  255  106   29   37  255   52   12   12  255   47   32   25  255   43   38   32  255   43   42   37  255   53   48   45  255
   49   37   39  255   57   45   45  255   39   29   20  255   84   57   48  255  135   76   72  255  147   66   65  255  156   59   66  255  151   50   58  255  151   56   64  255  149   53   64  255  152   52   64  255  155   50   65  255  156   53   70  255  152   49   66  255  148   47   63  255  179   72   88  255  217   95  110  255  214   94  106  255  171   65   77  255  113   34   40  255   60   16   15  255   52   33   27  255   61   54   48  255   31   31   23  255   45   40   36  255
   49   34   37  255   44   33   31  255   51   41   32  255   51   31   22  255   75   30   25  255   76   15   14  255   90   20   22  255   86   14   17  255   83   15   14  255   76    6    4  255   84    9    6  255   83    3    2  255   89    9    8  255   81    3    3  255   88   12   16  255  114   29   36  255  147   46   54  255  166   62   71  255  146   55   64  255  106   37   40  255   54   14   12  255   52   35   28  255   41   34   26  255   46   46   38  255   39   36   29  255
   46   38   35  255   49   42   36  255   35   26   19  255   46   31   24  255   45   20   16  255   57   26   24  255   51   15   15  255  110   70   68  255   86   43   36  255  182  134  122  255  140   83   66  255  143   80   63  255  142   79   62  255  165  107   93  255  121   69   56  255   60    5    0  255   78   10    7  255  122   52   52  255  113   51   52  255   67   19   17  255   57   29   25  255   50   37   29  255   47   44   35  255   46   48   37  255   32   32   22  255
   24   24   14  255   54   51   42  255   54   45   38  255   45   34   28  255   46   35   31  255   53   40   34  255   41   22   18  255  206  181  174  255  255  236  221  255  255  226  206  255  229  182  156  255  237  186  157  255  243  192  165  255  194  148  124  255  134   99   79  255   43   10    0  255   58   15    6  255   55   12    6  255   54   17   11  255   56   27   23  255   57   40   33  255   43   34   27  255   54   50   41  255   48   48   38  255   41   41   31  255
   62   64   51  255   28   28   16  255   55   46   39  255   52   41   37  255   40   33   27  255   49   40   31  255   38   18    9  255  202  173  157  255  238  197  175  255  234  189  160  255  248  204  169  255  242  198  163  255  245  198  168  255  195  153  128  255  130   99   78  255   37   14    0  255   55   31   19  255   43   20   12  255   40   23   15  255   39   26   18  255   59   48   42  255   60   51   46  255   44   37   31  255   35   28   22  255   44   37   29  255
   32   39   21  255   45   47   33  255   44   35   28  255   50   39   37  255   46   41   37  255   51   42   35  255   43   25   15  255  188  161  144  255  235  199  175  255  239  200  171  255  233  197  163  255  190  149  117  255  196  148  125  255  180  133  115  255  113   80   63  255   37   14    0  255   34   16    6  255   41   28   20  255   45   41   32  255   49   46   39  255   45   38   32  255   38   31   25  255   45   38   32  255   46   39   33  255   49   42   36  255
   25   37   13  255   41   45   28  255   48   39   34  255   59   45   45  255   50   40   41  255   45   35   34  255   50   35   30  255   43   25   13  255  134  115   98  255  135  113   90  255  135  107   86  255  132   93   76  255  154   95   87  255  132   71   68  255   60   11    6  255   57   22   16  255   43   19   15  255   63   52   48  255   34   31   26  255   54   55   49  255   43   40   35  255   43   40   35  255   39   38   33  255   40   41   33  255   32   33   25  255
   32   44   22  255   38   42   25  255   44   35   30  255   44   30   30  255   54   44   45  255   45   35   36  255   55   45   43  255   37   28   19  255   31   23   10  255   26   12    0  255   32    5    0  255   66   23   16  255   73    7    8  255   92   20   23  255  119   55   53  255   92   43   39  255   43   13   11  255   48   34   33  255   40   37   32  255   48   49   43  255   37   36   31  255   40   39   34  255   45   44   39  255   39   40   34  255   32   35   26  255
   50   54   40  255   36   38   25  255   42   38   29  255   50   43   37  255   47   39   36  255   48   43   39  255   35   32   27  255   31   31   23  255   35   35   25  255   33   23   14  255   46   15   12  255   83   33   32  255   94   22   25  255  116   36   37  255  121   42   38  255   84   21   16  255   61   26   24  255   36   21   18  255   30   25   19  255   41   41   33  255   44   44   36  255   35   32   25  255   42   37   31  255   62   57   51  255   31   28   21  255
   44   44   36  255   40   40   32  255   45   45   37  255   36   33   26  255   35   30   26  255   30   27   22  255   23   24   18  255   26   29   22  255   30   31   25  255   28   19   14  255   33    5    1  255  200  155  152  255  236  172  170  255  239  166  160  255  250  176  167  255  169  106   97  255   55   20   16  255   41   23   19  255   31   24   16  255   30   27   20  255   31   31   23  255   43   40   33  255   54   47   41  255   38   31   25  255   46   41   37  255
   42   38   37  255   48   47   45  255   45   44   42  255   20   19   17  255   23   22   20  255   31   30   28  255   27   27   25  255   22   23   18  255   29   30   24  255   30   26   17  255   23    6    0  255  177  149  137  255  208  169  154  255  198  151  135  255  205  154  135  255  158  112   97  255   59   28   23  255   33   15   13  255   31   24   18  255   32   29   24  255   26   25   20  255   31   28   23  255   38   33   29  255   51   46   42  255   47   43   40  255
   57   53   52  255   38   34   33  255   26   22   23  255   33   29   30  255   31   29   30  255   26   26   26  255   18   20   17  255   34   35   30  255   27   22   16  255   38   23   16  255   47   20   11  255   30    0    0  255   31    0    0  255  197  162  142  255  216  188  164  255   97   72   52  255   32    7    2  255   43   23   24  255   33   23   21  255   26   23   18  255   26   25   20  255   26   25   21  255   31   26   23  255   28   23   20  255   46   42   39  255
   45   42   37  255   37   32   29  255   34   22   24  255   34   23   27  255   25   21   22  255   28   28   28  255   22   28   24  255   26   27   22  255   43   23   22  255   58   18   18  255   76   16   18  255   83   17   18  255   76   18   14  255   41    3    0  255   33   23    0  255   36   31   11  255   41   22   18  255   36   16   18  255   35   25   24  255   26   22   19  255   27   26   22  255   32   31   29  255   26   20   20  255   35   31   30  255   43   42   40  255
   36   36   28  255   27   24   19  255   34   22   22  255   35   23   25  255   31   26   30  255   22   26   25  255   22   31   26  255   27   24   19  255   52   22   20  255   92   33   35  255  122   35   43  255  144   51   59  255  133   53   54  255   74   17    8  255   83   60   42  255   62   50   34  255   62   41   38  255   42   22   24  255   31   21   20  255   31   30   26  255   26   26   24  255   25   25   23  255   31   27   26  255   26   22   21  255   35   33   34  255
   33   39   29  255   26   27   21  255   30   22   20  255   30   24   24  255   31   32   34  255   23   29   27  255   24   31   24  255   32   25   17  255   66   27   22  255  129   57   58  255  161   58   62  255  181   66   73  255  181   72   75  255  159   68   65  255  104   37   28  255  115   66   59  255  105   71   72  255   48   28   30  255   33   23   22  255   28   27   23  255   24   24   22  255   29   29   27  255   29   25   24  255   28   24   23  255   36   34   35  255
   32   35   26  255   39   40   34  255   32   26   26  255   26   22   23  255   22   23   25  255   26   32   32  255   22   28   24  255   30   23   17  255   53   15   14  255  102   38   39  255  141   49   54  255  148   43   50  255  144   43   49  255  136   44   47  255  134   56   56  255  118   58   58  255   76   40   42  255   41   21   23  255   31   21   20  255   29   28   24  255   26   26   24  255   27   27   25  255   28   27   25  255   33   32   30  255   45   43   44  255
   56   51   47  255   39   31   29  255   32   21   25  255   35   29   33  255   26   25   31  255   23   28   32  255   23   28   32  255   31   26   30  255   41   19   22  255   51   12   17  255   65   12   18  255   64    4   12  255   68    8   16  255   67   10   19  255   61    7   20  255   58   12   22  255   47   15   20  255   36   16   17  255   36   26   24  255   28   27   22  255   29   30   25  255   27   28   23  255   25   24   22  255   52   51   49  255   34   33   31  255
