   25   25
   38   39   41  255   47   45   46  255   47   38   41  255   39   24   29  255   57   40   48  255   48   34   47  255   32   28   45  255   32   44   70  255    0   29   67  255    7   50  105  255   38   79  161  255   40   77  168  255   38   68  154  255   41   72  155  255   32   72  160  255   13   55  129  255    0   30   73  255   25   52   73  255   29   31   43  255   47   38   41  255   39   31   29  255   47   42   38  255   36   30   30  255   43   40   35  255   56   52   41  255
   43   43   41  255   43   42   38  255   54   46   44  255   54   42   44  255   46   33   42  255   41   34   50  255   23   29   55  255   18   41   75  255   50   89  132  255   81  130  188  255   90  135  216  255  127  171  255  255   31   69  154  255   35   76  158  255  101  143  225  255   75  120  188  255   47   89  137  255   14   43   73  255   26   32   54  255   41   35   47  255   43   37   41  255   42   36   36  255   57   53   52  255   35   32   27  255   41   37   28  255
   36   36   24  255   39   37   25  255   45   38   28  255   39   34   30  255   39   36   45  255   26   34   57  255   11   40   80  255   68  114  164  255  109  164  218  255  126  184  247  255  122  175  253  255   31   86  169  255   35   92  173  255   46  103  180  255  125  178  248  255  129  179  240  255  114  163  219  255   76  112  160  255   27   39   81  255   28   27   58  255   46   42   57  255   44   39   43  255   33   29   28  255   48   44   41  255   36   31   25  255
   41   38   21  255   50   47   30  255   44   38   24  255   39   35   32  255   32   34   49  255   27   43   77  255   72  113  165  255  126  182  243  255  131  196  252  255  133  197  255  255  135  194  255  255  117  177  250  255  104  172  243  255  101  168  236  255  141  201  255  255  135  191  248  255  141  200  255  255  132  179  235  255   86  107  162  255   32   39   81  255   23   26   45  255   37   36   41  255   42   41   39  255   44   41   36  255   44   39   36  255
   43   36   20  255   34   26   13  255   45   39   27  255   38   36   37  255   17   23   49  255   41   62  107  255   97  141  202  255  141  201  255  255  135  200  255  255  132  199  254  255  128  190  251  255  137  198  255  255  128  197  254  255  134  203  255  255  130  195  253  255  127  192  248  255  121  194  247  255  138  201  254  255  106  143  198  255   31   50   93  255   22   34   50  255   38   44   44  255   43   46   39  255   34   35   29  255   40   39   37  255
   52   41   35  255   48   39   32  255   43   39   30  255   44   45   49  255   19   26   55  255   38   60  109  255   87  131  194  255  140  197  255  255  124  188  249  255  130  196  254  255  129  190  253  255  131  193  254  255  130  195  249  255  128  195  248  255  127  191  252  255  130  198  255  255  124  201  255  255  127  196  251  255   89  131  189  255   40   64  110  255   18   31   47  255   41   47   45  255   35   38   31  255   36   36   28  255   41   40   38  255
   47   35   45  255   37   27   35  255   44   40   39  255   39   42   47  255    9   19   46  255   43   66  110  255   95  135  196  255  146  199  255  255  133  196  255  255  126  190  255  255  129  186  255  255  135  191  255  255  126  186  246  255  131  193  252  255  130  193  255  255  125  192  255  255  127  196  255  255  136  196  255  255   99  138  197  255   37   58  103  255   16   23   41  255   39   39   39  255   43   40   33  255   46   41   35  255   56   52   51  255
   59   47   61  255   43   33   42  255   36   32   31  255   45   49   52  255   26   34   53  255   29   48   88  255   84  123  182  255  130  183  253  255  114  174  247  255   99  162  239  255   77  132  215  255   86  139  219  255   85  142  211  255   81  140  206  255   76  136  209  255   95  157  232  255  118  180  253  255  126  181  248  255   90  124  185  255   32   51   94  255   25   28   45  255   45   41   40  255   43   36   30  255   46   39   31  255   32   27   23  255
   51   36   41  255   54   42   42  255   50   46   37  255   33   34   29  255   21   25   36  255    2   19   49  255   36   72  130  255   85  137  210  255   91  150  228  255  106  167  248  255  123  175  255  255  118  168  253  255  120  177  254  255  123  180  255  255  118  173  253  255  112  164  247  255   93  150  231  255   89  139  212  255   36   71  129  255    0   17   54  255   23   26   41  255   48   43   40  255   51   42   35  255   43   35   24  255   40   37   28  255
   54   41   35  255   50   40   31  255   49   43   29  255   47   44   35  255   26   25   31  255   12   22   47  255   49   76  129  255  104  143  210  255  126  175  242  255   81  130  199  255   50   90  160  255   65  104  173  255   58   99  163  255   55   99  162  255   60   99  168  255   88  128  200  255  121  164  242  255  109  149  218  255   47   77  127  255    3   20   50  255   28   28   38  255   50   42   39  255   51   41   32  255   54   44   34  255   46   42   33  255
   30   23    7  255   25   18    2  255   23   17    1  255   16    9    0  255   31   25   29  255   16   14   36  255   70   79  120  255   73   91  141  255   66   93  138  255   37   65  105  255   18   38   75  255   15   30   61  255   27   41   67  255   23   37   64  255   18   32   69  255   43   61  109  255   69   95  154  255   61   88  143  255   58   81  115  255   11   22   40  255   25   20   26  255   22    8    5  255   32   15    8  255   32   17   12  255   35   25   23  255
   44   33   13  255  143  130  111  255  162  147  126  255  190  174  161  255   48   34   33  255   24   13   27  255   30   24   52  255   10    9   41  255    4   12   35  255    4   13   30  255    2    6   18  255   14   13   18  255   10    0    0  255   12    2    3  255   12   10   23  255    6   10   35  255    0    3   40  255    9   19   54  255   19   26   45  255   20   19   25  255   53   40   34  255  187  164  156  255  170  146  136  255  146  126  119  255   43   28   25  255
   47   25    2  255  194  170  146  255  208  178  154  255  238  210  189  255  199  177  166  255   50   32   30  255   39   17   29  255  198  180  192  255  252  241  247  255  127  118  119  255  188  180  178  255  231  217  208  255  227  200  183  255  251  228  210  255  187  180  174  255  121  119  122  255  255  245  254  255  194  181  190  255   34   24   25  255   45   30   23  255  201  174  157  255  240  208  187  255  208  175  156  255  200  172  158  255   48   28   21  255
   48   25    9  255  160  133  114  255  160  125  103  255  176  145  125  255  160  142  130  255   45   30   27  255   43   24   30  255   78   58   67  255  229  211  209  255  255  251  243  255  255  243  236  255  218  195  181  255  222  187  165  255  224  192  171  255  255  244  231  255  255  252  246  255  227  209  207  255   75   57   57  255   39   25   25  255   51   33   29  255  163  138  118  255  182  152  128  255  162  132  108  255  154  127  110  255   44   25   18  255
   51   36   31  255   21    2    0  255   92   65   54  255  187  165  154  255   50   45   41  255   65   66   71  255   72   71   89  255   19   15   32  255   59   47   49  255  154  135  128  255  170  146  136  255  169  139  128  255  173  135  124  255  172  135  126  255  176  149  140  255  151  132  126  255   68   56   58  255   15    9   19  255   78   75   94  255   68   65   76  255   54   41   33  255  182  165  147  255   79   62   44  255   30   14    0  255   40   29   27  255
   56   47   48  255   40   29   27  255   68   49   43  255  106   91   88  255   38   36   39  255   39   46   56  255   42   49   68  255   20   23   40  255   46   41   48  255   64   49   52  255   98   79   81  255  103   78   81  255  100   73   80  255  106   79   86  255   94   74   76  255   68   53   58  255   43   35   46  255   24   22   36  255   48   50   71  255   40   42   57  255   44   40   37  255  105   99   85  255   63   56   40  255   44   38   26  255   39   31   29  255
   47   41   43  255   48   39   40  255   43   32   30  255   33   21   21  255   28   21   29  255   23   21   32  255    9   14   20  255   30   37   47  255   70   73   88  255   49   50   71  255   44   40   65  255   46   42   69  255   47   40   73  255   47   44   73  255   39   41   64  255   49   51   72  255   73   72   90  255   36   34   48  255   17   15   26  255   23   23   25  255   22   21   16  255   23   23   11  255   39   41   28  255   36   36   26  255   49   44   38  255
   30   26   27  255   44   40   41  255   32   30   31  255   28   25   32  255   23   20   37  255   16   15   29  255  113  115  112  255    5   10    6  255   17   20   27  255   49   52   71  255   92   92  126  255   76   78  117  255   66   71  109  255   66   74  110  255   84   98  125  255   41   52   72  255   20   20   28  255   10    5    9  255  109  107  112  255   16   17   21  255   22   26   27  255   26   30   29  255   35   37   32  255   46   45   40  255   47   40   32  255
   47   43   42  255   33   33   33  255   22   32   34  255   13   25   37  255   45   56   86  255   64   72   93  255   21   27   17  255  209  211  187  255  131  128  111  255   18   13   10  255   26   21   44  255   24   23   55  255   14   20   46  255   20   31   51  255   16   29   46  255    5   15   17  255  131  129  108  255  213  207  185  255   35   36   38  255   63   70   86  255   52   60   81  255   13   20   38  255   18   17   23  255   41   32   33  255   52   41   39  255
   42   41   37  255   36   40   39  255    8   23   26  255    5   26   43  255   42   64  105  255   58   78  113  255   21   36   39  255  175  186  170  255  115  118  101  255   19   16   11  255   25   21   36  255   22   20   42  255   23   29   43  255   17   27   37  255   12   26   37  255   11   21   23  255  114  116   95  255  182  184  170  255   14   27   43  255   57   76  108  255   45   65  100  255   13   27   54  255   25   25   35  255   47   38   39  255   40   26   25  255
   39   44   37  255   17   26   21  255   13   31   35  255   31   53   76  255  110  138  188  255  129  160  215  255   67  101  138  255    6   38   59  255   22   44   57  255   28   43   50  255   29   33   44  255   27   30   37  255   21   25   28  255   21   29   32  255   18   30   44  255   31   44   61  255   31   43   57  255   13   31   53  255   68  101  144  255  126  164  213  255  107  142  184  255   23   49   76  255   19   26   34  255   23   18   15  255   42   31   29  255
   47   50   41  255   19   25   21  255   19   30   36  255   12   28   53  255  117  141  187  255  146  176  230  255  172  206  251  255  107  141  176  255   67   95  117  255   38   56   68  255   31   38   44  255   17   19   18  255   31   31   29  255   24   25   29  255   26   32   46  255   44   55   77  255   74   90  116  255  113  137  173  255  179  215  255  255  131  171  220  255  108  143  181  255   14   40   63  255   13   22   27  255   30   29   27  255   51   43   41  255
   54   47   41  255   29   25   24  255   24   23   31  255   17   20   39  255   37   46   75  255   43   58   91  255   74   93  123  255   38   58   82  255   17   34   50  255   17   27   36  255   24   28   29  255   28   27   25  255   26   22   23  255   32   27   33  255   32   29   40  255   17   19   34  255   21   34   53  255   36   56   80  255   69   96  125  255   39   66   93  255   31   53   74  255   14   27   43  255   20   24   33  255   26   25   30  255   36   34   37  255
   54   46   43  255   37   32   29  255   25   20   26  255   31   30   38  255   19   21   34  255   15   18   35  255   14   19   38  255   14   21   37  255   21   27   39  255   21   26   32  255   21   22   24  255   28   28   26  255   30   28   29  255   25   20   26  255   26   19   27  255   28   26   37  255   20   28   41  255    9   23   36  255    6   20   33  255    8   20   32  255   17   26   35  255   20   23   32  255   26   25   31  255   40   38   41  255   44   42   43  255
   35   34   32  255   28   29   24  255   29   31   26  255   20   25   19  255   28   30   29  255   24   23   28  255   26   23   34  255   28   25   36  255   25   23   34  255   29   29   37  255   23   28   32  255   23   32   31  255   22   28   26  255   25   29   28  255   29   28   34  255   29   28   36  255   16   21   25  255   24   29   32  255   29   28   33  255   29   24   28  255   31   25   29  255   30   24   26  255   40   35   32  255   38   33   27  255   45   41   30  255
