   25   25
   49   44   38  255   28   23   17  255   43   38   32  255   45   40   34  255   44   39   33  255   47   42   36  255   48   43   37  255   44   39   33  255   34   29   23  255   41   36   30  255   41   36   32  255   54   49   45  255   49   44   40  255   32   27   23  255   45   40   36  255   36   31   25  255   56   51   45  255   40   36   27  255   49   44   38  255   46   41   35  255   37   32   26  255   39   34   28  255   44   39   33  255   51   46   40  255   52   47   43  255
   55   50   44  255   44   39   33  255   47   42   36  255   44   39   33  255   43   38   32  255   39   34   28  255   39   34   28  255   45   40   34  255   46   41   35  255   52   47   41  255   47   42   38  255   35   30   26  255   50   45   41  255   52   47   43  255   44   39   35  255   47   42   38  255   33   28   22  255   44   40   31  255   42   37   31  255   43   38   32  255   47   42   36  255   52   47   41  255   47   42   36  255   35   30   24  255   40   35   31  255
   36   31   25  255   53   48   42  255   42   37   31  255   37   32   26  255   53   48   42  255   34   29   23  255   35   30   24  255   59   54   48  255   46   41   35  255   43   38   32  255   40   35   29  255   38   33   27  255   41   36   32  255   47   42   38  255   49   44   40  255   39   34   30  255   47   42   36  255   46   41   35  255   46   41   35  255   46   41   35  255   50   45   39  255   50   45   39  255   41   36   30  255   40   35   29  255   39   34   28  255
   55   50   44  255   40   35   29  255   43   38   32  255   45   40   34  255   47   42   36  255   34   29   23  255   35   30   24  255   43   38   32  255   40   35   29  255   37   32   26  255   44   39   33  255   41   36   30  255   49   44   40  255   42   37   33  255   37   32   28  255   45   40   36  255   43   38   32  255   42   37   31  255   42   37   31  255   41   36   30  255   38   33   27  255   34   29   23  255   47   42   36  255   42   37   31  255   41   36   30  255
   50   45   39  255   35   30   24  255   43   38   32  255   50   45   39  255   36   31   25  255   45   40   34  255   43   38   32  255   47   42   36  255   42   37   31  255   45   40   34  255   43   38   32  255   46   41   35  255   50   45   39  255   40   35   29  255   47   42   38  255   47   42   38  255   47   42   36  255   30   25   19  255   46   41   35  255   51   46   40  255   45   40   34  255   47   42   36  255   36   31   25  255   53   48   42  255   43   38   32  255
   31   26   20  255   66   61   55  255   41   36   30  255   46   41   35  255   35   30   24  255   46   41   35  255   47   42   36  255   33   28   22  255   42   37   31  255   49   44   38  255   42   37   31  255   43   38   32  255   33   28   22  255   65   60   54  255   35   30   26  255   44   39   35  255   36   31   25  255   45   40   34  255   37   32   26  255   37   32   26  255   36   31   25  255   56   51   45  255   36   31   25  255   39   34   28  255   52   47   41  255
   35   30   24  255   58   53   47  255   35   30   24  255   43   38   32  255   39   34   28  255   44   39   33  255   52   47   41  255   28   23   17  255   42   37   31  255   47   42   36  255   42   37   31  255   55   50   44  255   25   20   14  255   59   54   48  255   47   42   36  255   33   28   22  255   43   38   32  255   39   34   28  255   35   30   24  255   35   30   24  255   37   32   26  255   55   50   44  255   35   30   24  255   50   45   39  255   51   46   40  255
   47   42   36  255   31   26   20  255   47   42   36  255   35   30   24  255   47   42   36  255   31   26   20  255   25   20   14  255   67   62   56  255   41   36   30  255   46   41   35  255   51   46   40  255   43   38   32  255   42   37   31  255   35   30   24  255   45   40   34  255   39   34   28  255   48   43   37  255   42   37   31  255   47   42   36  255   50   45   39  255   49   44   38  255   45   40   34  255   45   40   34  255   52   47   41  255   34   29   23  255
   36   31   25  255   50   45   39  255   36   31   25  255   50   45   39  255   49   44   38  255   46   41   35  255   34   29   23  255   46   41   35  255   44   39   33  255   44   39   33  255   45   40   34  255   40   35   29  255   37   32   26  255   47   42   36  255   39   34   28  255   45   40   34  255   50   45   39  255   51   46   40  255   40   35   29  255   38   33   27  255   46   41   35  255   47   42   36  255   40   35   29  255   38   33   27  255   40   35   29  255
   57   52   46  255   37   32   26  255   44   39   33  255   40   35   29  255   45   40   34  255   57   52   46  255   52   47   41  255   43   38   32  255   48   43   37  255   49   44   38  255   45   40   34  255   32   27   21  255   56   51   45  255   39   34   28  255   41   36   30  255   42   37   31  255   45   40   34  255   41   36   30  255   44   39   33  255   53   48   42  255   46   41   35  255   39   34   28  255   55   50   44  255   38   33   27  255   42   37   31  255
   46   42   33  255   38   34   25  255   41   36   30  255   49   44   38  255   38   33   27  255   39   34   28  255   45   40   34  255   45   40   34  255   36   31   25  255   46   41   35  255   49   44   38  255   49   44   38  255   37   32   26  255   41   36   30  255   45   40   34  255   43   38   32  255   39   34   28  255   50   45   39  255   44   39   33  255   50   45   39  255   37   32   26  255   40   35   29  255   53   48   42  255   48   43   37  255   43   38   32  255
   38   34   25  255   49   45   36  255   42   37   31  255   32   27   21  255   50   45   39  255   47   42   36  255   39   34   28  255   41   36   30  255   41   36   30  255   48   43   37  255   55   50   44  255   44   39   33  255   48   43   37  255   50   45   39  255   40   35   29  255   42   37   31  255   47   42   36  255   46   41   35  255   41   36   30  255   31   26   20  255   46   41   35  255   43   38   32  255   44   39   33  255   49   44   38  255   35   30   24  255
   43   39   30  255   48   44   35  255   35   31   22  255   53   49   40  255   37   32   26  255   41   36   30  255   55   50   44  255   46   41   35  255   42   37   31  255   31   26   20  255   45   40   34  255   36   31   25  255   55   50   44  255   43   38   32  255   40   35   29  255   44   39   33  255   49   44   38  255   39   34   28  255   35   30   24  255   44   39   33  255   37   32   26  255   42   37   31  255   41   36   32  255   52   47   43  255   49   44   40  255
   36   32   23  255   51   47   38  255   49   45   36  255   35   31   22  255   56   51   45  255   32   27   21  255   25   20   14  255   69   64   58  255   43   38   32  255   38   33   27  255   45   40   34  255   50   45   39  255   44   39   33  255   39   34   28  255   52   47   41  255   53   48   42  255   36   31   25  255   38   33   27  255   50   45   39  255   55   50   44  255   50   45   39  255   38   33   27  255   46   41   37  255   35   30   26  255   43   38   34  255
   42   38   29  255   45   41   32  255   42   38   29  255   47   43   34  255   41   37   28  255   46   42   33  255   48   43   37  255   36   31   25  255   49   44   38  255   51   46   40  255   48   43   37  255   36   31   25  255   46   41   35  255   37   32   26  255   42   37   31  255   42   37   31  255   48   43   37  255   49   44   38  255   40   35   29  255   43   38   32  255   43   38   34  255   48   43   39  255   47   42   38  255   39   34   30  255   53   48   44  255
   31   27   18  255   46   42   33  255   42   38   29  255   51   47   38  255   34   30   21  255   42   38   29  255   48   43   37  255   32   27   21  255   58   53   47  255   40   35   29  255   49   44   38  255   38   33   27  255   45   40   34  255   41   36   30  255   43   38   32  255   40   35   29  255   45   40   34  255   36   31   25  255   45   40   34  255   49   44   38  255   49   44   40  255   44   39   35  255   39   34   30  255   49   44   40  255   43   38   34  255
   47   42   36  255   44   39   33  255   43   38   32  255   38   33   27  255   48   43   37  255   34   29   23  255   37   32   26  255   47   42   36  255   37   32   26  255   42   37   31  255   51   46   40  255   36   31   25  255   50   45   39  255   46   41   35  255   36   31   25  255   51   46   40  255   47   42   36  255   40   35   29  255   46   41   35  255   45   40   34  255   38   33   27  255   43   38   32  255   39   34   28  255   43   38   32  255   40   35   29  255
   42   37   31  255   57   52   46  255   43   38   32  255   34   29   23  255   52   47   41  255   47   42   36  255   45   40   34  255   40   35   29  255   43   38   32  255   45   40   34  255   39   34   28  255   32   27   21  255   51   46   40  255   52   47   41  255   34   29   23  255   46   41   35  255   44   39   33  255   48   43   37  255   39   34   28  255   41   36   30  255   48   43   37  255   48   43   37  255   49   44   38  255   44   39   33  255   43   38   32  255
   43   38   32  255   39   34   28  255   47   42   36  255   46   41   35  255   44   39   33  255   39   34   28  255   39   34   28  255   60   55   49  255   43   38   32  255   38   33   27  255   50   45   39  255   50   45   39  255   42   37   31  255   40   35   29  255   47   42   36  255   49   44   38  255   47   42   36  255   41   36   30  255   51   46   40  255   40   35   29  255   45   40   34  255   42   37   31  255   42   37   31  255   33   28   22  255   39   34   28  255
   47   42   36  255   38   33   27  255   49   44   38  255   49   44   38  255   40   35   29  255   45   40   34  255   42   37   31  255   54   49   43  255   46   41   35  255   37   32   26  255   46   41   35  255   45   40   34  255   52   47   41  255   40   35   29  255   48   43   37  255   41   36   30  255   44   39   33  255   44   39   33  255   47   42   36  255   49   44   38  255   35   30   24  255   49   44   38  255   35   30   24  255   40   35   29  255   42   37   31  255
   32   27   21  255   51   46   40  255   40   35   29  255   44   39   33  255   46   41   35  255   49   44   38  255   49   44   38  255   38   33   27  255   46   41   35  255   42   37   31  255   53   48   42  255   49   44   38  255   46   41   35  255   32   27   21  255   46   41   35  255   44   39   33  255   43   38   32  255   52   47   41  255   42   37   31  255   37   32   26  255   49   44   38  255   40   35   29  255   40   35   29  255   47   42   36  255   48   43   37  255
   37   32   26  255   52   47   41  255   47   42   36  255   48   43   37  255   41   36   30  255   41   36   30  255   42   37   31  255   36   31   25  255   51   46   40  255   41   36   30  255   43   38   32  255   49   44   38  255   38   33   27  255   40   35   29  255   48   43   37  255   43   38   32  255   42   37   31  255   48   43   37  255   46   41   35  255   44   39   33  255   43   38   32  255   40   35   29  255   36   31   25  255   45   40   34  255   48   43   37  255
   39   34   28  255   39   34   28  255   47   42   36  255   43   38   32  255   40   35   29  255   53   48   42  255   51   46   40  255   50   45   39  255   38   33   27  255   45   40   34  255   36   31   25  255   38   33   27  255   43   38   32  255   46   41   35  255   37   32   26  255   47   42   36  255   41   36   30  255   31   26   20  255   57   52   46  255   49   44   38  255   41   36   30  255   43   38   32  255   49   44   38  255   47   42   36  255   44   39   33  255
   44   39   33  255   46   41   35  255   43   38   32  255   44   39   33  255   46   41   35  255   37   32   26  255   34   29   23  255   46   41   35  255   34   29   23  255   42   37   31  255   47   42   36  255   46   41   35  255   48   43   37  255   47   42   36  255   41   36   30  255   48   43   37  255   42   37   31  255   38   33   27  255   41   36   30  255   48   43   37  255   35   30   24  255   46   41   35  255   55   50   44  255   45   40   34  255   39   34   28  255
   48   44   35  255   35   31   22  255   47   42   36  255   50   45   39  255   43   38   32  255   45   40   34  255   48   43   39  255   31   26   22  255   46   41   37  255   49   44   40  255   47   42   36  255   35   30   24  255   52   47   41  255   42   37   31  255   45   41   32  255   41   37   28  255   39   34   28  255   39   34   28  255   50   45   39  255   43   38   32  255   41   36   30  255   43   38   32  255   43   38   32  255   39   34   28  255   41   36   30  255
