   25   25
  139   99   97  255  149  103  103  255  151   92   94  255  171  109  112  255  182  120  121  255  176  116  116  255  180  122  121  255  177  117  117  255  178  116  119  255  178  116  119  255  180  118  121  255  178  118  118  255  181  117  118  255  183  119  119  255  179  118  115  255  179  118  115  255  180  118  119  255  178  116  117  255  177  117  116  255  182  122  121  255  178  117  116  255  169  105  105  255  158   92   96  255  158   96   99  255  147   95   99  255
  114   76   73  255  113   69   68  255  114   58   59  255  127   65   68  255  126   66   66  255  143   85   84  255  143   85   84  255  140   82   81  255  145   83   86  255  146   84   87  255  144   84   86  255  142   82   84  255  145   83   84  255  145   84   83  255  142   81   78  255  142   81   80  255  144   82   83  255  146   84   85  255  143   81   82  255  139   79   78  255  133   73   73  255  130   68   69  255  124   59   63  255  120   61   65  255  118   72   74  255
   75   40   36  255  110   69   67  255  122   68   68  255  118   58   60  255  118   60   59  255  119   63   62  255  119   63   62  255  140   84   83  255  136   76   78  255  138   78   80  255  131   72   74  255  127   68   70  255  134   72   73  255  134   73   72  255  132   71   68  255  134   73   72  255  130   68   69  255  133   71   74  255  127   65   68  255  123   63   63  255  118   59   61  255  121   62   64  255  119   63   64  255  118   70   70  255   72   38   36  255
   29    0    0  255  120   82   79  255  118   66   68  255  129   70   72  255  124   68   69  255  138   84   82  255  134   80   78  255  181  127  125  255  182  123  125  255  182  123  125  255  165  109  110  255  154   98   99  255  160  100  100  255  157   97   97  255  155   95   94  255  158   98   97  255  160   98  101  255  158   96   99  255  145   83   86  255  138   79   81  255  125   69   70  255  122   67   70  255  122   70   72  255  123   81   82  255   22    0    0  255
   31    2    0  255  116   81   77  255  121   71   72  255  129   75   75  255  121   70   69  255  125   74   73  255  132   81   80  255  180  126  126  255  178  119  121  255  178  119  121  255  159  103  104  255  149   93   94  255  155   97   96  255  154   96   95  255  155   97   95  255  158  100   98  255  157   97   99  255  157   96  101  255  140   81   85  255  135   79   82  255  122   67   70  255  118   68   69  255  120   71   74  255  124   84   85  255   22    1    0  255
   26    0    0  255  127   93   91  255  116   67   70  255  120   68   70  255  118   68   67  255  144   94   93  255  133   82   81  255  185  131  131  255  180  124  125  255  181  125  126  255  165  109  110  255  156  102  102  255  160  102  101  255  157   99   98  255  156  101   98  255  155   99   98  255  155   99  100  255  160  104  107  255  142   87   90  255  137   85   87  255  121   71   72  255  122   74   74  255  122   76   79  255  121   85   87  255   19    0    0  255
   24    0    0  255   84   53   50  255   86   40   42  255   99   47   49  255   89   39   38  255   91   41   40  255  100   49   48  255  127   73   73  255  123   67   68  255  127   71   72  255  115   59   60  255  111   57   57  255  115   57   56  255  115   57   56  255  117   62   59  255  112   58   56  255  107   57   56  255  113   65   65  255   97   49   47  255   97   52   49  255   83   39   38  255   85   41   40  255   85   43   45  255   86   52   53  255   15    0    0  255
   27    2    0  255  155  124  122  255  159  113  115  255  156  104  106  255  159  107  109  255  162  111  110  255  171  120  119  255  187  133  133  255  189  130  132  255  192  133  135  255  180  124  125  255  177  121  122  255  178  120  119  255  177  119  118  255  182  124  122  255  173  119  117  255  171  121  120  255  174  124  123  255  160  110  109  255  170  122  120  255  158  110  110  255  154  108  108  255  156  112  113  255  161  125  127  255   21    1    0  255
   27    1    0  255  112   81   79  255  111   65   67  255  118   66   68  255  117   65   67  255  127   76   75  255  131   77   77  255  178  122  123  255  176  116  118  255  176  116  118  255  161  102  104  255  151   92   94  255  154   94   94  255  153   93   93  255  151   93   91  255  152   94   92  255  152   94   93  255  154   94   94  255  138   78   78  255  135   75   75  255  119   60   62  255  120   64   67  255  119   64   69  255  122   77   82  255   24    0    0  255
   27    1    0  255  118   84   83  255  119   70   74  255  124   69   72  255  122   67   70  255  133   79   79  255  135   79   80  255  180  121  123  255  179  117  120  255  179  117  120  255  163  103  105  255  153   93   95  255  156   94   95  255  156   94   95  255  155   95   94  255  156   96   95  255  157   95   96  255  158   96   97  255  143   79   80  255  141   77   78  255  125   63   66  255  126   67   69  255  124   67   73  255  124   79   82  255   25    0    0  255
   27    0    0  255  119   85   84  255  121   72   76  255  125   69   72  255  122   66   69  255  135   79   80  255  138   80   79  255  181  121  121  255  181  116  120  255  181  116  120  255  163  103  105  255  153   93   95  255  156   94   95  255  156   94   95  255  155   95   94  255  157   97   96  255  156   96   95  255  157   97   96  255  141   80   79  255  139   79   78  255  125   67   66  255  126   70   71  255  122   70   74  255  122   82   83  255   20    0    0  255
   26    0    0  255  118   82   82  255  120   69   74  255  123   67   70  255  121   65   68  255  136   77   79  255  139   79   79  255  183  121  122  255  181  115  119  255  180  115  119  255  163  101  104  255  153   91   94  255  158   94   95  255  156   94   95  255  156   95   94  255  156   96   95  255  154   96   94  255  155   97   95  255  140   80   79  255  139   79   78  255  124   66   65  255  125   69   70  255  121   69   71  255  120   80   81  255   19    0    0  255
   30    0    0  255  118   82   82  255  119   68   73  255  127   68   72  255  125   66   70  255  136   77   79  255  138   78   78  255  183  121  122  255  182  116  118  255  182  116  118  255  166  102  103  255  155   93   94  255  159   95   96  255  157   95   96  255  156   95   94  255  156   96   95  255  154   96   95  255  156   98   97  255  142   82   82  255  140   80   80  255  125   65   67  255  126   67   69  255  123   68   71  255  122   80   82  255   21    0    0  255
   30    0    0  255  119   83   83  255  121   68   74  255  128   69   73  255  126   67   71  255  136   77   79  255  138   76   77  255  183  119  120  255  182  116  118  255  182  116  118  255  166  102  103  255  155   93   94  255  160   96   97  255  157   95   96  255  155   95   94  255  154   96   94  255  154   96   95  255  156   98   97  255  142   82   82  255  140   80   80  255  126   66   68  255  126   67   71  255  124   67   73  255  125   80   83  255   23    0    0  255
   28    0    0  255  119   83   83  255  122   69   75  255  127   68   72  255  124   65   69  255  136   77   79  255  138   76   77  255  183  119  120  255  182  116  118  255  181  117  118  255  163  101  102  255  153   93   93  255  157   96   95  255  157   96   95  255  155   95   94  255  153   95   93  255  154   96   95  255  156   97   99  255  141   81   83  255  140   78   81  255  126   64   69  255  127   66   71  255  124   67   73  255  124   79   82  255   21    0    0  255
   25    0    0  255  119   85   86  255  121   72   76  255  122   67   72  255  120   64   67  255  135   79   80  255  140   81   83  255  182  124  123  255  181  119  120  255  180  118  119  255  163  103  103  255  153   93   93  255  156   96   96  255  155   97   96  255  154   96   95  255  152   96   95  255  153   97   98  255  155   96   98  255  139   80   82  255  138   79   81  255  125   66   70  255  126   70   73  255  124   69   75  255  123   81   85  255   21    0    0  255
   24    0    0  255  112   82   82  255  108   66   68  255  117   68   71  255  121   71   74  255  124   74   75  255  127   77   78  255  173  123  122  255  173  119  119  255  175  119  120  255  160  101  103  255  152   93   95  255  148   92   93  255  151   97   97  255  150   95   98  255  149   94   97  255  148   93   96  255  150   95   98  255  133   78   81  255  131   79   81  255  117   67   68  255  118   68   69  255  114   65   69  255  118   79   82  255   17    0    0  255
   25    1    0  255  151  123  120  255  156  116  117  255  155  109  111  255  152  103  106  255  161  113  113  255  167  121  121  255  182  136  136  255  182  132  131  255  189  135  135  255  181  122  126  255  175  119  122  255  174  119  122  255  175  123  125  255  172  120  124  255  172  117  122  255  175  120  123  255  179  124  127  255  163  111  113  255  164  114  115  255  154  106  106  255  156  110  110  255  156  110  113  255  160  124  126  255   20    2    2  255
   19    0    0  255   87   56   54  255   82   40   42  255   93   44   47  255   89   39   42  255   98   48   49  255   96   50   50  255  122   74   72  255  123   72   71  255  129   73   74  255  119   60   62  255  114   55   57  255  112   56   59  255  114   59   62  255  113   58   61  255  112   57   60  255  115   56   60  255  120   61   65  255  103   49   49  255   99   48   47  255   86   38   38  255   87   41   41  255   86   41   44  255   88   54   55  255   11    0    0  255
   31    1    0  255  120   86   85  255  119   75   76  255  120   70   73  255  122   70   72  255  138   86   88  255  131   83   81  255  181  131  130  255  179  125  125  255  181  122  124  255  165  105  107  255  156   97   99  255  153   97  100  255  156  101  104  255  156  101  104  255  158  102  105  255  156   95  100  255  160   99  104  255  142   86   87  255  136   82   82  255  122   72   73  255  120   74   74  255  121   75   77  255  122   86   86  255   18    0    0  255
   36    2    0  255  123   85   84  255  114   68   70  255  125   73   77  255  119   64   67  255  127   72   75  255  133   82   81  255  179  128  127  255  178  122  121  255  179  119  119  255  162  102  102  255  154   96   95  255  151   95   96  255  153   97   98  255  152   96   97  255  153   94   96  255  157   97   99  255  158   98  100  255  141   82   84  255  133   77   78  255  120   69   68  255  119   69   70  255  119   73   73  255  122   84   83  255   21    0    0  255
   33    0    0  255  122   80   81  255  124   74   77  255  122   67   70  255  126   70   73  255  137   81   82  255  136   82   82  255  181  127  127  255  181  121  121  255  180  120  120  255  165  105  105  255  160  100  100  255  158   99  101  255  159  100  102  255  157   98  100  255  158   98  100  255  158   98  100  255  157   97   99  255  142   82   84  255  136   77   79  255  126   72   72  255  122   71   70  255  123   73   74  255  125   84   82  255   25    0    0  255
   79   38   36  255  106   60   60  255  116   64   66  255  114   58   61  255  114   55   59  255  120   64   65  255  117   61   62  255  134   78   77  255  139   77   78  255  141   79   80  255  130   68   69  255  127   67   67  255  125   67   66  255  127   69   68  255  126   66   66  255  127   67   67  255  129   69   71  255  130   70   72  255  122   62   62  255  122   64   63  255  120   62   61  255  112   56   55  255  111   57   57  255  113   65   65  255   77   35   36  255
  147  101  101  255  141   93   93  255  147   91   94  255  161  102  104  255  169  110  112  255  161  102  104  255  168  110  109  255  160  102  101  255  161   99  100  255  170  106  107  255  165  103  104  255  166  106  106  255  167  107  107  255  167  107  107  255  165  103  104  255  165  103  104  255  163  103  105  255  166  106  108  255  163  103  103  255  169  109  109  255  167  109  108  255  156   98   97  255  148   92   93  255  148   97   96  255  145   95   96  255
  120   72   70  255  123   72   71  255  131   75   76  255  132   72   74  255  139   79   81  255  160  100  100  255  158   98   98  255  160  100  100  255  163   99   99  255  160   96   96  255  160   99   98  255  158   98   97  255  155   95   94  255  157   97   96  255  161   97   97  255  163   99  100  255  159   99  101  255  158   99  101  255  156   96   96  255  155   95   95  255  140   80   79  255  138   80   78  255  127   71   70  255  127   71   72  255  125   69   70  255
