   29   29
   58   55   50  255   30   27   22  255   58   58   50  255   42   39   32  255   59   48   42  255   51   37   34  255   54   43   41  255   40   30   31  255   41   29   39  255   51   34   44  255   67   35   40  255   56   12   13  255   66   10    9  255   68   10    8  255   62    8    8  255   65   14   13  255   66   11    6  255   58   18    8  255   38   24   13  255   53   53   41  255   42   39   32  255   56   53   46  255   46   39   33  255   51   44   36  255   37   33   22  255   38   36   24  255   40   40   32  255   42   42   34  255   43   40   35  255
   56   55   51  255   33   30   25  255   56   51   47  255   45   40   34  255   46   39   31  255   51   44   36  255   29   21   18  255   58   46   46  255   46   27   31  255   55   23   28  255   61    4   11  255  111   40   46  255  114   38   40  255  118   39   42  255  117   38   44  255  115   36   42  255  116   35   41  255  109   41   42  255   61   16   13  255   50   22   18  255   51   36   31  255   48   39   34  255   50   43   37  255   33   29   20  255   49   45   36  255   36   32   23  255   45   42   35  255   44   41   34  255   61   58   51  255
   43   43   41  255   38   34   33  255   46   36   37  255   52   42   40  255   32   34   23  255   39   45   31  255   46   48   37  255   48   35   27  255   51   14    8  255  106   40   41  255  133   29   40  255  182   61   76  255  178   60   72  255  182   60   73  255  185   56   78  255  192   58   83  255  193   60   87  255  179   55   79  255  138   27   46  255  199  116  126  255   54   12   13  255   47   30   23  255   48   39   34  255   48   43   39  255   46   41   37  255   51   43   40  255   58   49   44  255   44   37   29  255   36   33   24  255
   27   29   24  255   34   33   29  255   57   43   43  255   40   29   27  255   30   33   22  255   43   51   36  255   34   40   30  255   57   38   31  255   72   12    4  255  165   69   70  255  186   60   74  255  240   98  120  255  232   95  113  255  241  102  123  255  243   96  124  255  239   90  122  255  240   90  125  255  240   95  128  255  186   49   77  255  175   62   80  255  114   39   46  255   58   12   12  255   60   36   34  255   52   41   39  255   42   32   31  255   50   42   39  255   50   41   36  255   49   42   34  255   31   28   21  255
   34   40   26  255   48   48   38  255   53   39   36  255   54   40   37  255   56   53   44  255   37   40   29  255   29   34   28  255   43   18   14  255  123   35   34  255  181   57   65  255  228   99  119  255  235  103  127  255  231   99  123  255  224   94  120  255  226   97  127  255  230  101  131  255  233   99  132  255  229   98  129  255  236  110  134  255  220   98  119  255  178   61   80  255  127   33   47  255   59    8   13  255   46   22   22  255   69   55   54  255   41   36   33  255   49   46   41  255   42   39   32  255   44   39   35  255
   30   34   19  255   49   49   37  255   32   21   17  255   42   28   25  255   44   40   31  255   56   56   48  255   34   30   27  255   55   16   19  255  139   30   36  255  198   57   73  255  227   95  118  255  229  100  128  255  227   97  125  255  228   99  129  255  226  103  132  255  221  101  129  255  224   97  127  255  229  102  131  255  221   99  122  255  225   97  120  255  239   99  125  255  181   62   82  255  107   40   47  255   50   19   17  255   55   37   35  255   46   38   35  255   32   28   25  255   56   55   51  255   49   44   41  255
   41   43   30  255   33   33   23  255   68   58   57  255   48   36   36  255   46   41   37  255   47   39   36  255   55   36   38  255   66    9   16  255  145   20   34  255  200   51   71  255  235   98  124  255  228   99  129  255  231  101  129  255  229  100  128  255  224   97  126  255  225   98  127  255  230  101  131  255  227   98  126  255  228  100  125  255  237  105  129  255  237   95  121  255  178   57   76  255  116   46   48  255   51   14    8  255   70   51   45  255   36   27   22  255   47   41   41  255   35   31   32  255   46   40   40  255
   58   58   48  255   31   28   21  255   46   37   38  255   51   35   38  255   46   20   21  255   54   13   17  255   68    8   16  255  125   33   46  255  194   57   75  255  200   48   69  255  196   56   83  255  232   97  127  255  232   95  125  255  232   95  125  255  233   98  128  255  232   97  127  255  231   96  126  255  230   97  124  255  231  101  127  255  225   93  117  255  238   99  122  255  181   60   75  255  111   39   40  255   55   17    8  255   60   40   31  255   43   34   27  255   33   27   27  255   50   46   47  255   34   28   30  255
   43   38   32  255   46   41   37  255   42   37   34  255   73   47   50  255   72    4   15  255  132   31   45  255  185   56   74  255  197   54   72  255  243   96  114  255  239   92  111  255  240   96  121  255  237   92  121  255  241   94  123  255  245   96  128  255  237   89  121  255  241   96  127  255  238   95  125  255  234   97  123  255  228   98  122  255  230  101  123  255  235   98  118  255  179   61   73  255  111   40   38  255   54   16    5  255   45   27   15  255   39   32   22  255   41   40   36  255   44   44   42  255   51   47   46  255
   46   39   31  255   59   54   48  255   44   41   36  255   43   17   18  255  154   78   88  255  174   64   77  255  190   55   69  255  195   55   68  255  188   61   72  255  180   58   71  255  183   60   78  255  188   62   83  255  184   56   79  255  187   57   81  255  190   62   85  255  182   56   78  255  182   59   80  255  179   56   77  255  231  104  125  255  229   96  117  255  239   98  117  255  180   58   71  255  116   40   40  255   57   17    9  255   62   44   32  255   45   41   30  255   59   60   54  255   29   30   25  255   46   43   38  255
   50   43   33  255   38   34   23  255   47   47   37  255   41   26   19  255   95   45   44  255  111   39   40  255  118   39   34  255  122   39   35  255  114   36   36  255  119   43   47  255  115   38   44  255  112   35   41  255  118   39   44  255  113   37   41  255  113   38   42  255  111   39   43  255  114   39   44  255  125   33   44  255  183   56   75  255  200   52   74  255  202   50   73  255  186   55   71  255  120   35   42  255   62   14   12  255   54   34   27  255   37   33   24  255   41   41   33  255   35   35   27  255   44   41   32  255
   38   31   21  255   50   46   37  255   44   41   34  255   49   38   32  255   46   17   11  255   60   21   14  255   49    9    0  255   61   18    9  255   63   18   13  255   60   12   10  255   61   13    9  255   61   12    5  255   66   14    3  255   63   14    0  255   64   16    2  255   62   15    5  255   57   14    7  255   67    7    6  255  127   30   39  255  147   27   39  255  184   56   71  255  145   30   45  255  113   40   47  255   54   14   14  255   53   35   31  255   46   42   33  255   45   45   35  255   53   53   43  255   35   33   21  255
   50   40   38  255   51   41   39  255   37   27   26  255   40   30   28  255   51   40   36  255   40   27   21  255   56   41   36  255   39   18   13  255  162  133  127  255   49   15    6  255  255  245  234  255  176  135  117  255  183  135  112  255  178  128  101  255  178  128  101  255  194  152  128  255  167  138  122  255   49   21    9  255   52   16    4  255   65   15    8  255  112   40   41  255  108   39   42  255   55   15   15  255   53   34   30  255   51   42   37  255   39   36   29  255   51   53   42  255   38   42   28  255   33   35   24  255
   31   23   20  255   50   42   39  255   64   54   53  255   50   42   39  255   33   33   25  255   37   37   29  255   51   46   43  255   39   24   21  255  179  151  140  255  255  246  230  255  255  245  226  255  235  193  168  255  242  193  161  255  240  190  155  255  246  193  161  255  192  148  119  255  161  134  113  255   38   23    4  255   45   32   15  255   39   20    6  255   52   15    9  255   55   20   16  255   47   28   22  255   55   46   39  255   44   41   34  255   40   40   32  255   55   57   46  255   41   43   32  255   43   43   35  255
   61   61   53  255   30   27   20  255   55   52   43  255   41   38   29  255   47   49   35  255   33   31   19  255   47   36   34  255   47   23   19  255  187  148  131  255  236  188  165  255  240  193  167  255  240  191  159  255  246  196  159  255  244  192  153  255  246  190  157  255  198  149  119  255  173  141  120  255   42   16    1  255   54   26   15  255   55   28   21  255   45   24   19  255   37   22   17  255   40   29   23  255   49   42   34  255   54   54   44  255   44   45   37  255   39   36   31  255   38   33   29  255   47   37   35  255
   39   41   30  255   45   47   36  255   43   41   29  255   43   41   29  255   43   44   30  255   45   43   31  255   51   40   38  255   43   19   17  255  187  150  134  255  238  192  169  255  239  192  166  255  241  194  164  255  237  193  158  255  192  148  113  255  199  150  120  255  179  131  108  255  170  131  114  255   56   22   10  255   46   17   11  255   40   21   15  255   35   24   20  255   42   37   33  255   51   42   37  255   45   40   34  255   41   41   31  255   32   33   25  255   48   43   39  255   40   30   28  255   54   43   41  255
   29   33   19  255   46   48   35  255   38   31   21  255   58   51   41  255   45   42   33  255   57   54   47  255   47   39   37  255   53   39   38  255   42   22   13  255  177  149  135  255  188  151  133  255  189  153  131  255  183  151  126  255  163  136  109  255  170  139  118  255  168  132  116  255   59   12    4  255   57   18   11  255   34   21   13  255   33   32   27  255   58   52   52  255   43   37   39  255   60   50   51  255   47   42   38  255   42   42   34  255   39   41   30  255   45   40   34  255   56   47   42  255   37   28   23  255
   33   36   25  255   45   45   35  255   36   29   21  255   65   56   49  255   29   24   18  255   42   39   34  255   42   37   34  255   49   41   38  255   39   30   25  255   40   27   18  255   44   22    9  255   47   19    5  255   47   18    2  255   53   20    3  255   58   16    4  255   67   14    8  255  113   45   46  255   98   42   43  255   42   23   19  255   24   23   19  255   57   55   56  255   31   26   30  255   46   40   40  255   41   36   32  255   44   44   34  255   32   32   22  255   44   40   31  255   35   28   20  255   42   35   29  255
   48   44   41  255   34   31   26  255   49   44   38  255   32   25   17  255   51   44   36  255   64   57   49  255   49   42   36  255   49   44   38  255   36   35   30  255   46   46   38  255   33   26   18  255   46   27   20  255   54   15    8  255  107   48   42  255  117   33   31  255  126   30   32  255  134   30   41  255  155   67   79  255   65   19   22  255   44   24   25  255   27   26   24  255   43   47   46  255   57   56   52  255   44   39   33  255   50   46   35  255   35   31   20  255   64   60   51  255   47   44   37  255   33   30   25  255
   57   52   49  255   44   40   37  255   42   41   36  255   46   43   36  255   50   46   37  255   32   25   17  255   45   42   35  255   28   27   22  255   24   26   23  255   32   34   31  255   25   27   24  255   31   20   16  255   53   15   12  255  106   41   37  255  126   35   30  255  139   34   31  255  172   66   68  255   93    2    7  255   97   38   40  255   48   18   16  255   30   27   22  255   19   24   18  255   30   29   24  255   44   39   33  255   43   36   28  255   34   30   19  255   40   37   28  255   63   60   53  255   30   29   24  255
   47   44   37  255   36   36   28  255   41   42   36  255   40   43   36  255   29   30   24  255   27   28   22  255   25   30   24  255   24   28   27  255   26   25   30  255   27   25   30  255   29   29   31  255   31   23   21  255   50   21   15  255  249  201  187  255  255  189  166  255  255  190  164  255  255  191  167  255  255  191  169  255  102   49   35  255   50   16    6  255   40   32   21  255   25   26   18  255   32   27   23  255   36   26   24  255   37   30   24  255   58   53   47  255   47   44   39  255   26   25   20  255   47   48   42  255
   44   39   33  255   49   46   39  255   54   55   49  255   25   27   22  255   25   25   23  255   25   27   24  255   21   27   25  255   25   29   30  255   26   24   29  255   31   26   32  255   26   25   30  255   32   28   25  255   37   18   11  255  183  151  136  255  196  152  127  255  196  147  115  255  197  148  115  255  195  150  121  255   94   53   33  255   50   22   10  255   26   19    9  255   32   31   26  255   33   25   23  255   32   22   23  255   29   25   22  255   32   31   27  255   43   39   36  255   50   46   43  255   43   44   38  255
   61   51   49  255   43   35   33  255   32   26   26  255   32   28   29  255   29   24   28  255   31   29   32  255   30   32   31  255   21   23   22  255   33   31   32  255   25   23   24  255   25   27   26  255   26   27   22  255   38   31   23  255   32   20    8  255   39   23    7  255  178  157  136  255  233  207  184  255  176  151  129  255   40   21    7  255   36   25   19  255   30   29   27  255   25   25   27  255   32   23   28  255   33   27   31  255   21   25   24  255   25   31   27  255   31   27   26  255   32   27   24  255   45   44   39  255
   49   39   38  255   49   40   41  255   29   23   25  255   32   26   30  255   32   25   32  255   28   22   26  255   27   25   28  255   28   30   27  255   24   26   21  255   32   29   24  255   37   26   22  255   40   19   16  255   49   18   15  255   54   19   15  255   45   16    8  255   43   24   10  255   33   27    5  255   33   28    9  255   39   26   18  255   35   21   21  255   27   25   28  255   31   28   35  255   30   20   28  255   30   23   30  255   23   29   29  255   21   30   27  255   26   26   26  255   39   35   34  255   46   42   39  255
   46   42   41  255   27   26   24  255   26   24   25  255   32   27   31  255   34   24   32  255   34   25   30  255   28   23   27  255   24   26   21  255   22   30   17  255   31   25   11  255   59   19   11  255  113   43   41  255  123   28   34  255  131   31   39  255  124   39   44  255   61   12    5  255   77   87   60  255   69   87   63  255   44   20   18  255   51   18   25  255   35   22   29  255   25   20   27  255   37   26   34  255   32   21   29  255   28   28   30  255   23   27   26  255   20   26   24  255   29   31   28  255   44   39   36  255
   28   29   24  255   29   31   26  255   29   31   28  255   26   26   24  255   29   23   27  255   31   24   31  255   28   26   29  255   31   33   30  255   21   31   20  255   38   26   12  255  104   43   38  255  127   27   29  255  157   27   35  255  196   60   70  255  175   58   66  255  114   36   32  255   44   26    4  255   35   27    6  255  111   65   65  255   93   43   52  255   38   22   25  255   35   30   34  255   30   21   26  255   36   27   32  255   29   27   30  255   29   30   32  255   22   28   26  255   21   26   22  255   35   31   28  255
   41   44   35  255   26   32   22  255   19   25   15  255   24   29   22  255   28   30   29  255   28   29   33  255   25   28   33  255   19   23   26  255   24   30   26  255   39   20   14  255  114   44   44  255  176   65   71  255  194   54   63  255  199   56   62  255  185   59   62  255  187   78   75  255  157   64   56  255  152   69   61  255  149   69   70  255  107   48   50  255   40   21   17  255   23   22   17  255   33   32   30  255   25   24   22  255   25   27   26  255   28   30   29  255   25   26   28  255   29   29   29  255   42   41   39  255
   32   32   24  255   45   47   36  255   32   35   26  255   20   25   18  255   22   28   24  255   22   28   28  255   24   27   32  255   27   30   35  255   24   28   29  255   37   21   22  255   65    8   14  255  121   34   42  255  137   30   38  255  141   27   35  255  132   31   35  255  126   30   31  255  133   35   34  255  124   34   33  255  115   41   42  255   61   13   11  255   41   26   21  255   25   26   20  255   27   26   21  255   28   27   23  255   27   27   25  255   27   29   26  255   27   27   27  255   43   41   42  255   44   43   41  255
   64   50   49  255   44   35   30  255   27   24   19  255   29   32   25  255   28   33   29  255   22   26   25  255   27   28   32  255   27   26   32  255   28   29   34  255   30   25   31  255   38   21   27  255   45   18   23  255   53   18   25  255   51   11   20  255   55   15   24  255   55   18   25  255   49   15   14  255   49   19   17  255   44   18   19  255   40   21   23  255   25   21   18  255   29   30   25  255   29   25   22  255   35   30   26  255   30   27   22  255   27   26   22  255   28   28   26  255   56   55   53  255   34   30   31  255
