   29   29
   49   37   39  255   49   39   40  255   61   51   50  255   30   22   20  255   39   34   30  255   55   45   44  255   53   34   40  255   42   29   39  255   43   44   62  255   18   33   62  255    0   24   75  255   37   71  143  255   34   75  167  255   26   68  166  255   34   72  157  255   35   73  158  255   32   72  170  255   29   69  156  255    0   33   84  255    9   31   54  255   50   58   60  255   34   29   23  255   54   42   42  255   40   28   28  255   48   44   41  255   32   32   24  255   43   39   28  255   47   45   30  255   52   57   37  255
   46   38   36  255   46   38   35  255   61   53   50  255   48   43   39  255   51   46   42  255   45   39   39  255   41   30   38  255   34   31   48  255   10   25   54  255   41   69  109  255   46   79  133  255   90  128  201  255   80  125  216  255  144  188  255  255   33   73  161  255   32   72  160  255   80  125  218  255   85  132  214  255   31   71  130  255   47   79  117  255    8   23   42  255   38   41   50  255   39   30   35  255   39   29   30  255   47   43   42  255   39   38   33  255   67   63   52  255   26   23    8  255   41   43   29  255
   45   48   37  255   29   31   20  255   45   42   33  255   33   30   23  255   45   42   37  255   28   28   28  255   43   47   58  255   10   30   57  255   37   78  130  255   83  134  199  255   82  131  197  255  139  189  255  255   76  126  213  255   20   69  162  255   30   74  169  255   26   73  163  255   73  128  210  255  134  192  255  255   76  133  204  255   81  129  195  255   46   77  134  255   13   26   68  255   44   41   58  255   54   45   50  255   46   41   47  255   45   41   42  255   29   25   14  255   51   47   35  255   38   35   30  255
   27   31   16  255   48   50   37  255   50   48   36  255   38   34   25  255   46   43   36  255   44   49   53  255   11   26   55  255   40   74  122  255   75  134  200  255  126  194  255  255  132  193  255  255  135  192  255  255  138  193  255  255   77  131  217  255   77  128  219  255   77  131  217  255  140  198  255  255  131  191  255  255  128  195  255  255  133  192  255  255   82  128  205  255   44   73  133  255   19   26   54  255   41   38   49  255   35   29   39  255   45   40   44  255   54   47   39  255   47   43   32  255   35   29   29  255
   47   43   32  255   43   36   26  255   48   39   30  255   39   30   23  255   38   33   27  255   16   22   38  255   47   71  133  255   87  130  209  255  126  195  255  255  120  196  255  255  132  196  255  255  134  193  255  255  129  188  255  255  135  194  255  255  135  195  255  255  129  189  255  255  131  185  255  255  136  193  255  255  127  195  255  255  128  197  255  255  133  195  255  255   84  129  197  255   50   69  109  255   22   27   46  255   27   26   34  255   51   47   48  255   33   25   23  255   47   42   38  255   49   44   41  255
   42   33   26  255   32   23   16  255   41   32   25  255   52   43   38  255   47   42   36  255   23   29   53  255   43   70  151  255   82  128  224  255  127  194  255  255  125  197  255  255  132  196  255  255  134  193  255  255  132  192  255  255  134  195  255  255  128  192  255  255  135  196  255  255  139  194  255  255  135  190  255  255  128  194  254  255  124  194  255  255  124  192  255  255   82  135  205  255   41   68  113  255   21   32   54  255   43   44   48  255   47   44   39  255   50   45   42  255   37   32   29  255   42   39   34  255
   50   41   36  255   57   49   46  255   39   34   30  255   46   42   39  255   45   41   38  255   19   25   51  255   41   67  151  255   81  125  222  255  134  191  255  255  130  192  249  255  132  192  255  255  135  192  255  255  129  187  251  255  136  196  255  255  130  192  253  255  134  194  255  255  132  190  254  255  135  193  255  255  133  194  255  255  131  196  255  255  125  191  255  255   80  133  199  255   47   75  122  255   13   24   46  255   53   55   50  255   30   28   13  255   48   44   35  255   36   31   25  255   44   44   34  255
   48   40   37  255   35   30   27  255   45   44   40  255   33   32   28  255   46   45   43  255   19   25   49  255   46   72  146  255   83  124  214  255  138  190  255  255  134  193  255  255  131  191  255  255  131  194  255  255  131  194  255  255  130  191  255  255  132  193  255  255  132  193  255  255  131  195  255  255  130  193  255  255  127  189  255  255  128  191  255  255  131  192  255  255   83  132  201  255   46   70  118  255   21   29   52  255   41   43   38  255   38   36   21  255   44   41   32  255   48   45   36  255   54   54   42  255
   60   55   52  255   43   39   36  255   26   27   22  255   42   43   37  255   57   56   52  255   21   27   41  255   48   71  123  255   88  126  199  255  139  191  255  255  123  188  255  255  124  195  255  255   62  135  212  255   65  136  214  255   70  139  216  255   70  137  208  255   68  135  205  255   66  139  208  255   63  137  210  255  124  192  255  255  130  195  255  255  129  186  255  255   86  128  204  255   56   70  119  255   25   25   49  255   43   41   46  255   46   43   36  255   33   30   25  255   50   47   42  255   33   30   23  255
   39   33   35  255   47   43   42  255   57   56   51  255   40   41   33  255   32   33   27  255   19   26   34  255    9   29   66  255   39   75  137  255   75  130  212  255   71  136  226  255   64  134  220  255  128  200  255  255  122  189  255  255  125  189  255  255  126  188  255  255  132  195  255  255  123  190  255  255  127  195  255  255   67  134  221  255   73  137  227  255   73  128  221  255   38   75  153  255   12   24   66  255   25   22   41  255   29   27   30  255   56   53   48  255   45   42   37  255   35   32   27  255   37   32   26  255
   63   53   62  255   49   40   45  255   37   32   28  255   50   47   38  255   29   32   25  255   20   29   34  255   11   26   57  255   44   75  129  255   81  134  210  255  125  189  255  255  129  190  255  255   70  129  221  255   74  126  225  255   80  129  231  255   80  130  229  255   81  129  227  255   80  126  222  255   80  130  225  255  127  186  255  255  122  183  255  255   81  134  230  255   35   71  147  255   14   27   59  255   30   29   34  255   41   40   35  255   57   54   45  255   31   27   18  255   53   46   38  255   53   44   35  255
   35   24   28  255   48   36   36  255   53   43   34  255   43   37   25  255   46   47   41  255   20   27   33  255   20   30   55  255   47   70  114  255   86  127  193  255   81  130  206  255   86  130  205  255   36   75  150  255   35   67  144  255   44   71  150  255   39   68  144  255   38   68  141  255   46   72  146  255   43   72  148  255   86  128  210  255   83  131  213  255   86  131  214  255   38   70  131  255   16   27   47  255   30   29   25  255   41   34   26  255   48   40   29  255   62   52   43  255   49   38   32  255   42   33   26  255
   39   30   15  255   37   25    9  255   41   24    6  255   37   21    6  255   27   22   16  255   28   29   34  255   20   25   44  255   60   69  102  255   53   69  118  255   54   74  125  255   48   67  109  255   13   28   61  255   22   26   53  255   21   22   42  255   29   31   46  255   22   26   38  255   21   25   37  255   15   25   50  255   51   72  119  255   44   70  127  255   39   69  123  255   53   75  114  255   21   28   38  255   26   21   15  255   34   19   12  255   44   24   17  255   42   18   14  255   40   21   17  255   37   27   25  255
   40   28    6  255  157  139  117  255  167  137  113  255  235  207  186  255  172  154  142  255   31   21   19  255   30   27   36  255   26   23   40  255   28   20   43  255   28   23   46  255   27   28   46  255   28   27   35  255   39   25   22  255   48   29   15  255   43   22    3  255   44   27    7  255   38   31   15  255   31   30   28  255   21   20   38  255   22   26   53  255   24   31   57  255   18   24   38  255   31   27   24  255   42   28   15  255  182  156  143  255  230  196  184  255  166  132  122  255  160  136  126  255   35   28   22  255
   42   21    2  255  181  150  129  255  191  144  118  255  243  192  165  255  233  192  170  255  166  139  122  255   40   25   18  255   40   25   20  255  182  152  144  255  225  196  192  255  255  252  253  255   30   24   24  255  255  250  239  255  225  193  172  255  232  192  166  255  231  199  176  255  255  250  244  255   32   26   26  255  255  250  248  255  217  198  192  255  169  154  149  255   41   24   16  255   40   21    4  255  164  138  115  255  234  192  167  255  239  192  164  255  193  147  121  255  187  156  135  255   31   27   15  255
   40   22    8  255  167  140  121  255  180  132  109  255  200  146  120  255  192  146  120  255  169  137  122  255   31   22   25  255   34   25   30  255   79   47   34  255  231  196  177  255  255  248  239  255  255  250  241  255  255  247  227  255  234  194  168  255  244  195  163  255  235  191  166  255  255  249  239  255  255  250  243  255  255  249  232  255  223  196  179  255   72   52   45  255   40   25   20  255   40   26   17  255  160  137  121  255  194  150  123  255  197  148  116  255  177  136  108  255  163  137  114  255   31   28   11  255
   49   49   39  255   30   20    8  255   54   23    5  255  171  133  114  255  171  135  113  255   42   22   21  255   57   69  111  255   54   69  112  255   33   27   29  255   72   49   31  255  170  134  118  255  193  150  131  255  191  150  122  255  175  132   98  255  181  135  101  255  179  133  100  255  193  149  124  255  190  152  129  255  167  135  112  255   71   51   42  255   27   23   38  255   64   70   96  255   61   71   96  255   28   25   34  255  167  134  119  255  173  133  108  255   46   20    7  255   38   24   13  255   43   35   24  255
   38   44   34  255   35   32   23  255   42   25   15  255  164  140  128  255  164  141  127  255   32   21   27  255   51   67  116  255   53   75  125  255   20   27   43  255   34   24   22  255   78   48   46  255  172  135  129  255  166  132  120  255  170  138  123  255  166  133  118  255  172  136  122  255  172  135  119  255  168  136  125  255   68   47   42  255   36   26   34  255   22   24   49  255   59   70  102  255   56   71  102  255   22   25   44  255  160  140  133  255  167  139  125  255   41   28   19  255   60   53   45  255   32   23   14  255
   55   57   46  255   45   45   35  255   45   38   32  255   32   21   17  255   33   24   19  255   26   24   27  255   22   30   53  255   10   23   55  255   14   23   52  255   66   71  100  255   26   22   55  255   27   20   53  255   25   21   46  255   31   26   49  255   28   19   48  255   29   20   47  255   27   19   43  255   24   21   50  255   23   28   66  255   62   68  104  255   20   21   41  255   28   28   40  255   23   25   38  255   28   26   37  255   34   25   28  255   32   23   18  255   50   46   34  255   30   26   14  255   51   42   37  255
   37   34   27  255   46   43   38  255   38   34   33  255   50   45   49  255   26   25   30  255   27   28   33  255   21   24   31  255   23   27   36  255   25   30   36  255   64   71   87  255   56   64  101  255   59   67  114  255   62   69  115  255   57   65  111  255   57   65  112  255   58   69  115  255   56   67  112  255   59   72  114  255   55   69  108  255   60   68   91  255   33   29   26  255   34   27   17  255   27   24   31  255   24   24   36  255   27   26   34  255   38   37   35  255   46   42   30  255   48   42   28  255   50   43   37  255
   33   27   27  255   41   35   37  255   46   39   46  255   26   20   32  255   23   24   42  255   26   28   41  255   26   26   28  255  127  124  105  255   39   33    0  255   29   26    0  255   30   30   38  255   63   67  104  255   83   87  132  255   58   66  112  255   54   71  114  255   50   69  111  255   76   95  138  255   51   66   95  255   21   27   25  255   33   32    4  255   36   25    0  255  129  120   87  255   23   27   38  255   19   26   52  255   26   28   40  255   32   28   27  255   48   38   28  255   50   40   28  255   44   41   32  255
   53   44   45  255   37   31   33  255   32   25   32  255   25   24   38  255   21   30   59  255   55   66   94  255   66   71   90  255   27   26    8  255  196  186  114  255  198  188  117  255   27   23   14  255   24   24   50  255   18   21   54  255   18   26   62  255   11   26   55  255   13   33   60  255    9   28   60  255   19   31   45  255   32   30    7  255  193  183  134  255  198  186  128  255   36   31    0  255   57   71   98  255   51   70  113  255   19   26   44  255   26   24   25  255   34   23   19  255   48   38   29  255   47   44   35  255
   46   41   35  255   48   45   40  255   23   23   21  255   19   27   40  255    5   29   67  255   48   76  126  255   45   65  116  255   25   33   46  255  192  184  121  255  196  184  112  255   36   29   13  255   28   26   39  255   28   27   41  255   20   24   36  255   23   30   38  255   16   27   33  255   19   29   39  255   25   29   28  255   38   26    2  255  197  178  145  255  189  179  144  255   26   31   27  255   40   66  125  255   44   75  142  255   14   28   55  255   25   28   33  255   29   27   28  255   46   42   39  255   35   32   27  255
   41   41   31  255   25   26   18  255   28   30   25  255   17   31   42  255   41   72  116  255   91  131  193  255   94  129  197  255   46   71  112  255   23   32   13  255   31   32    0  255   26   26   26  255   26   26   38  255   27   26   31  255   30   30   28  255   27   29   26  255   24   28   27  255   20   28   30  255   24   28   29  255   35   27   25  255   27   21   21  255   22   30   33  255   51   75  103  255   86  128  204  255   88  127  206  255   51   70  103  255   21   28   38  255   25   28   33  255   27   25   26  255   35   30   27  255
   50   55   49  255   26   31   25  255   24   29   25  255   16   30   43  255   41   74  119  255  144  190  252  255  138  188  255  255  143  192  255  255   91  131  192  255   96  126  176  255   57   70  112  255   62   68   90  255   25   29   28  255   26   27   19  255   26   26   24  255   23   27   30  255   18   27   34  255   61   74   93  255   54   69  112  255  103  128  182  255   88  131  186  255  138  192  255  255  135  192  255  255  141  188  255  255   50   72  111  255   22   29   45  255   23   28   32  255   27   27   25  255   53   43   44  255
   43   45   40  255   22   24   19  255   25   27   26  255   22   32   44  255    3   25   64  255   98  131  184  255   88  129  183  255  139  185  245  255   83  127  200  255   42   77  145  255    5   22   66  255   21   27   49  255   26   30   29  255   27   28   20  255   26   26   28  255   27   28   33  255   26   30   39  255   13   24   46  255   12   30   78  255   38   68  130  255   82  131  190  255  140  194  255  255   78  128  191  255   93  130  183  255   13   29   62  255   21   27   43  255   22   27   30  255   25   25   23  255   48   39   40  255
   57   54   45  255   33   32   27  255   25   24   22  255   22   22   32  255   24   26   51  255   18   23   55  255   20   27   56  255   16   28   54  255   10   30   54  255   11   28   46  255   24   30   46  255   26   26   36  255   26   26   28  255   26   26   26  255   29   26   33  255   30   27   34  255   33   28   34  255   25   24   32  255   22   24   39  255   20   31   51  255    6   28   49  255    7   32   52  255   13   31   53  255   16   29   48  255   22   25   40  255   27   27   37  255   24   26   25  255   34   35   30  255   35   34   32  255
   48   44   35  255   39   36   29  255   28   27   23  255   34   32   35  255   29   23   35  255   28   22   36  255   28   22   32  255   28   27   32  255   23   29   27  255   22   28   24  255   28   28   28  255   28   24   25  255   23   23   25  255   31   30   35  255   27   26   34  255   26   23   30  255   29   23   27  255   28   22   22  255   35   31   30  255   25   25   23  255   23   29   27  255   21   27   25  255   24   24   24  255   26   24   27  255   29   28   33  255   25   23   26  255   31   27   24  255   47   44   37  255   46   45   41  255
   38   35   28  255   29   26   19  255   35   36   28  255   24   25   19  255   26   26   24  255   31   31   29  255   21   26   22  255   22   28   24  255   23   29   27  255   23   28   24  255   27   26   22  255   35   31   28  255   27   27   27  255   25   29   32  255   24   28   31  255   28   29   33  255   27   27   29  255   35   33   34  255   24   24   22  255   21   22   17  255   32   31   26  255   33   28   25  255   32   23   26  255   33   27   31  255   24   24   22  255   31   32   26  255   47   38   29  255   41   31   21  255   47   40   32  255
