   29   29
   39   34   28  255   51   44   38  255   46   34   34  255   42   30   32  255   61   52   55  255   44   35   36  255   54   45   38  255   49   39   30  255   54   40   37  255   38   31   38  255   34   42   61  255   19   35   61  255   15   28   60  255   14   24   60  255   16   22   70  255   17   23   73  255   14   27   71  255   13   22   55  255   28   26   40  255   46   40   42  255   44   39   36  255   55   55   45  255   44   45   31  255   44   44   32  255   49   45   46  255   35   29   31  255   52   42   40  255   39   32   22  255   43   39   28  255
   42   39   30  255   42   37   31  255   63   53   51  255   36   26   25  255   36   27   28  255   52   47   44  255   48   41   35  255   36   31   28  255   50   47   54  255   14   21   40  255    8   26   62  255   48   72  116  255   46   70  116  255   51   74  124  255   51   72  129  255   47   69  127  255   44   71  126  255   52   76  122  255   15   24   63  255   25   27   50  255   56   54   57  255   34   31   22  255   43   43   31  255   33   35   24  255   49   45   42  255   30   24   24  255   45   35   33  255   46   39   31  255   59   57   45  255
   40   44   30  255   40   42   29  255   57   52   46  255   46   39   33  255   46   41   37  255   46   43   38  255   34   30   27  255   32   36   45  255   10   29   59  255  162  192  242  255   35   74  141  255   82  128  205  255   86  133  211  255   76  125  204  255   80  132  208  255   79  132  208  255   75  133  207  255   80  132  208  255   30   68  149  255   47   67  128  255   25   24   40  255   46   39   31  255   34   34   24  255   34   37   26  255   46   46   36  255   44   39   33  255   66   56   55  255   35   27   24  255   40   40   28  255
   43   47   33  255   28   30   17  255   47   44   37  255   37   32   26  255   47   44   37  255   33   33   31  255   38   45   55  255    9   26   54  255   33   71  120  255   79  130  195  255   78  134  209  255  131  189  255  255  130  190  255  255  131  193  255  255  129  194  255  255  123  190  255  255  125  193  255  255  125  191  255  255   78  132  228  255   92  128  206  255   18   27   58  255   56   51   55  255   45   44   42  255   46   45   40  255   43   43   31  255   47   44   35  255   34   25   26  255   49   43   43  255   32   34   23  255
   32   28   19  255   55   51   42  255   48   41   35  255   33   28   24  255   44   43   39  255   40   47   57  255    9   27   63  255   40   75  129  255   80  138  201  255  126  194  255  255  128  196  255  255  135  201  255  255  126  191  255  255  131  194  255  255  125  187  255  255  136  198  255  255  131  195  255  255  129  193  255  255  128  189  255  255   82  130  204  255   44   71  118  255   22   29   55  255   49   43   55  255   49   40   41  255   30   31   23  255   43   46   37  255   46   45   43  255   45   43   44  255   32   32   30  255
   53   44   35  255   38   29   22  255   55   45   43  255   45   37   35  255   32   31   27  255   18   27   44  255   41   68  123  255   86  130  203  255  128  190  255  255  127  198  255  255  126  195  252  255  129  196  249  255  131  196  252  255  132  194  255  255  134  195  255  255  128  189  254  255  128  190  251  255  134  198  255  255  127  190  255  255   81  137  214  255   38   74  134  255    9   24   65  255   57   53   68  255   45   35   34  255   36   33   26  255   45   46   38  255   29   28   24  255   46   45   43  255   44   43   41  255
   39   33   17  255   37   31   19  255   38   28   26  255   49   39   38  255   48   43   40  255   22   30   49  255   43   74  141  255   79  127  211  255  131  187  255  255  136  197  255  255  134  192  255  255  131  190  250  255  134  194  255  255  131  191  253  255  131  196  252  255  133  198  252  255  133  196  249  255  129  193  255  255  128  194  255  255   74  131  220  255   34   72  145  255    5   26   73  255   40   44   56  255   49   42   36  255   48   39   32  255   46   37   30  255   52   47   41  255   38   33   29  255   46   41   35  255
   49   46   29  255   50   46   34  255   40   30   29  255   52   41   45  255   48   39   40  255   18   26   47  255   35   69  140  255   80  130  219  255  138  192  255  255  135  190  255  255  137  192  255  255  134  191  255  255  130  189  255  255  136  197  255  255  124  193  252  255  126  195  252  255  130  195  253  255  127  192  255  255   67  132  222  255   74  133  227  255   82  129  211  255   40   74  137  255    6   29   61  255   17   26   41  255   27   25   30  255   37   27   26  255   51   43   40  255   38   31   23  255   46   39   31  255
   46   44   31  255   32   29   22  255   55   46   51  255   34   24   33  255   49   40   45  255   23   29   53  255   32   69  137  255   81  133  217  255  136  190  255  255  134  192  255  255  132  189  255  255  131  190  255  255  131  192  255  255  128  193  255  255  121  193  255  255  124  196  255  255  128  194  255  255  128  190  255  255  129  190  255  255  129  190  255  255  131  192  255  255   73  130  217  255   78  129  208  255   36   75  134  255   11   26   57  255   32   32   44  255   49   43   43  255   44   37   29  255   57   54   45  255
   56   54   42  255   49   46   39  255   30   24   28  255   46   39   46  255   58   52   54  255   18   24   46  255   39   72  139  255   80  128  213  255  137  190  255  255  133  187  255  255  140  193  255  255   80  133  211  255   81  132  213  255   75  126  205  255   78  134  208  255   73  130  201  255   78  132  206  255   82  134  210  255   80  129  208  255   81  129  211  255   73  128  211  255   76  132  217  255   79  130  219  255   85  127  199  255  110  129  171  255   19   25   41  255   34   28   32  255   51   43   40  255   36   37   29  255
   42   38   29  255   43   39   30  255   58   53   49  255   48   44   41  255   30   29   24  255   21   29   48  255   46   73  140  255   85  126  218  255   80  129  222  255   77  126  218  255   81  126  209  255   31   69  142  255   42   70  135  255   45   65  126  255   57   77  136  255   46   68  125  255   40   70  120  255   42   74  123  255   45   72  127  255   44   69  126  255   48   74  131  255   41   70  128  255   45   69  133  255   49   70  123  255   55   68  102  255   21   26   45  255   47   41   51  255   44   38   40  255   26   28   23  255
   64   57   49  255   42   38   29  255   43   40   31  255   44   44   36  255   32   32   24  255   23   29   41  255   48   68  121  255   41   70  148  255   87  124  205  255   36   74  149  255   44   76  137  255    5   26   73  255   21   25   60  255   31   25   53  255   29   15   48  255   30   19   49  255   25   26   46  255   22   28   50  255   18   24   56  255   14   23   56  255   21   26   56  255   17   22   52  255   19   25   61  255   20   26   60  255   23   31   50  255   50   54   65  255   27   20   27  255   50   41   42  255   43   44   38  255
   30   26   15  255   48   45   36  255   43   43   35  255   38   38   30  255   44   44   36  255   39   40   44  255   17   24   52  255   55   69  108  255   54   70  106  255   12   29   57  255   14   28   41  255   22   24   23  255  160  141  127  255  183  150  133  255  175  132  125  255  176  133  126  255  172  136  122  255  154  132  121  255  255  252  255  255   27   24   35  255  149  137  139  255   38   26   26  255   51   48   57  255   24   27   36  255   28   32   35  255   40   40   38  255   62   55   49  255   47   38   29  255   41   37   28  255
   36   32   23  255   56   53   46  255   32   31   26  255   52   51   46  255   43   40   33  255   55   54   52  255   25   27   39  255   24   26   41  255   27   26   34  255   29   29   29  255   29   30   22  255   37   29    8  255  171  138  103  255  192  144  106  255  246  189  160  255  247  187  159  255  244  190  156  255  242  198  169  255  255  242  231  255  255  250  244  255  180  154  141  255   38   16    3  255   32   21   15  255   57   56   51  255   42   44   33  255   44   44   32  255   44   38   26  255   52   44   33  255   34   27   19  255
   47   37   35  255   58   50   47  255   35   30   27  255   63   58   55  255   46   39   33  255   42   37   33  255   41   40   45  255   28   23   27  255   43   25   23  255   45   27   23  255   35   27   24  255   34   22   10  255  169  136  105  255  203  157  121  255  242  187  156  255  248  192  159  255  247  192  153  255  241  189  150  255  241  194  168  255  232  191  173  255  186  152  140  255   44   20   10  255   54   40   31  255   58   54   42  255   31   32   14  255   43   44   28  255   38   35   26  255   44   39   35  255   56   50   50  255
   52   42   41  255   48   40   38  255   38   33   30  255   42   37   34  255   54   45   40  255   37   30   24  255   53   52   50  255   45   40   37  255   40   23   15  255   42   23   16  255   35   24   30  255   36   24   24  255  164  138  123  255  170  134  108  255  192  148  121  255  197  148  118  255  240  191  158  255  242  192  157  255  242  191  162  255  237  192  171  255  183  150  141  255   44   23   18  255   59   46   38  255   43   39   27  255   36   35   15  255   44   45   27  255   45   42   35  255   44   38   38  255   48   43   47  255
   54   49   46  255   34   29   26  255   38   34   31  255   46   41   37  255   40   31   26  255   36   27   22  255   53   52   48  255   39   40   34  255   44   42   30  255   32   29   22  255   29   23   37  255   31   22   39  255   34   21   28  255  159  140  136  255  162  136  123  255  168  137  119  255  185  152  135  255  185  150  131  255  188  153  134  255  183  151  138  255   41   20   17  255   52   38   38  255   56   51   47  255   43   43   31  255   46   45   27  255   43   40   23  255   49   41   38  255   49   43   45  255   35   30   36  255
   44   41   36  255   35   32   25  255   48   45   40  255   49   44   38  255   49   40   35  255   62   55   49  255   47   46   42  255   29   31   26  255   39   45   35  255   21   27   25  255   21   26   46  255   61   66   98  255   63   69  105  255   19   22   53  255   26   22   39  255   36   25   33  255   36   21   18  255   40   22   12  255   43   23   12  255   38   21   11  255   48   37   35  255   44   38   38  255   40   39   35  255   33   33   25  255   44   40   28  255   63   57   45  255   46   38   35  255   32   23   26  255   38   33   37  255
   50   46   35  255   38   34   23  255   50   43   35  255   37   30   24  255   51   46   42  255   29   25   22  255   41   40   38  255   35   35   33  255   34   36   33  255   18   27   34  255   12   29   57  255  102  128  177  255   72  105  176  255   42   74  151  255   46   66  135  255   57   68  114  255   26   28   40  255   26   26   16  255   30   28   16  255   46   44   31  255   38   35   28  255   47   44   39  255   41   37   34  255   34   30   27  255   36   33   26  255   50   45   39  255   35   30   26  255   68   60   57  255   33   25   23  255
   59   55   43  255   50   46   34  255   46   39   31  255   37   30   24  255   47   42   39  255   47   43   44  255   38   36   37  255   24   24   26  255   29   30   32  255   21   28   38  255   55   68  100  255    6   27   74  255  102  126  188  255   88  109  176  255   58   68  130  255   61   66  108  255   20   24   35  255   27   29   24  255   27   32   25  255   22   25   18  255   29   30   22  255   26   25   20  255   37   36   32  255   52   48   47  255   47   46   42  255   32   29   24  255   45   40   34  255   35   28   22  255   50   41   36  255
   32   29   20  255   48   44   35  255   39   32   24  255   54   46   43  255   35   26   29  255   29   22   29  255   28   26   31  255   24   24   26  255   24   25   27  255   26   24   35  255   72   66   94  255  217  203  229  255  223  202  207  255  228  200  196  255  236  201  199  255  230  199  196  255   37   23   20  255   29   25   24  255   25   26   30  255   27   31   34  255   23   25   24  255   27   29   26  255   27   26   24  255   25   24   22  255   23   24   19  255   42   41   36  255   53   49   40  255   46   37   30  255   55   41   40  255
   39   36   31  255   34   31   26  255   48   43   39  255   28   24   23  255   26   21   25  255   30   28   31  255   29   27   30  255   27   27   27  255   26   26   28  255   30   25   32  255   83   66   85  255  176  148  160  255  189  153  131  255  197  154  120  255  191  146  117  255  191  154  135  255   42   25   17  255   30   26   27  255   27   26   32  255   27   27   35  255   23   24   26  255   27   29   26  255   30   30   28  255   28   28   26  255   30   32   29  255   26   27   21  255   42   38   29  255   52   41   37  255   50   36   36  255
   49   45   42  255   34   30   29  255   27   25   28  255   26   27   31  255   26   32   30  255   20   26   22  255   23   26   19  255   28   29   24  255   30   29   27  255   32   23   26  255   35   20   25  255  178  159  155  255  226  199  180  255  178  154  130  255   42   26   11  255   30   19   13  255   29   24   21  255   27   25   28  255   27   25   30  255   31   30   35  255   27   25   26  255   30   29   27  255   26   26   24  255   24   26   23  255   22   24   21  255   31   32   27  255   26   21   15  255   47   38   33  255   52   40   40  255
   45   39   39  255   45   41   42  255   29   27   30  255   24   25   27  255   21   31   23  255   22   32   23  255   24   30   20  255   26   28   23  255   26   26   28  255   28   26   27  255   31   24   18  255   38   26   12  255   40   23    3  255   35   25   13  255   20   26   40  255   15   29   55  255   16   30   56  255   16   27   47  255   22   26   38  255   28   27   33  255   30   26   27  255   29   25   24  255   27   27   27  255   26   28   27  255   23   27   26  255   30   32   27  255   29   26   21  255   46   41   35  255   41   33   30  255
   48   39   42  255   27   21   21  255   30   26   23  255   30   30   22  255   26   28   17  255   28   31   22  255   26   28   23  255   25   29   30  255   19   28   35  255   18   28   30  255   31   33   22  255  182  180  159  255  189  182  154  255   25   27   22  255   47   70  122  255   36   72  148  255   35   73  144  255   41   74  128  255    7   24   54  255   25   29   41  255   32   27   33  255   32   23   26  255   29   27   30  255   25   26   30  255   23   27   26  255   26   31   27  255   26   27   19  255   27   27   17  255   31   28   19  255
   58   49   52  255   34   28   28  255   33   28   24  255   31   28   21  255   25   25   17  255   27   28   22  255   25   27   24  255   23   28   32  255   17   29   43  255   59   75   90  255   89  101  113  255   18   29   35  255   20   30   31  255   50   68   92  255   94  130  208  255   80  125  226  255   66  116  211  255   67  109  183  255   53   75  116  255   16   21   40  255   28   23   30  255   34   25   30  255   28   26   31  255   28   29   33  255   25   29   28  255   24   29   23  255   26   27   19  255   29   29   19  255   42   42   32  255
   45   44   40  255   28   24   23  255   31   22   25  255   32   26   28  255   29   28   26  255   29   31   28  255   26   27   29  255   21   25   34  255   19   27   48  255   52   67  106  255   79  100  165  255   86  114  187  255   87  122  186  255   92  131  200  255   81  122  210  255   83  127  224  255   79  128  223  255   84  123  202  255   53   72  115  255   23   28   48  255   29   23   35  255   32   25   32  255   25   24   30  255   23   27   28  255   27   29   26  255   25   26   20  255   29   26   19  255   34   29   23  255   49   44   38  255
   50   51   45  255   33   32   28  255   30   25   29  255   30   25   31  255   26   26   28  255   28   30   29  255   25   29   30  255   24   27   36  255   26   31   50  255   13   22   61  255   49   68  136  255   40   69  147  255   36   73  144  255   33   71  142  255   42   74  149  255   41   73  148  255   38   72  144  255   46   75  133  255   12   25   57  255   26   28   41  255   28   25   34  255   30   25   31  255   26   27   32  255   23   27   28  255   27   29   24  255   29   28   23  255   31   26   22  255   38   30   27  255   41   33   31  255
   51   52   44  255   36   37   31  255   28   28   30  255   26   27   31  255   25   26   30  255   23   27   28  255   25   27   26  255   25   26   28  255   25   24   32  255   24   23   37  255   19   23   48  255   20   30   57  255   13   29   55  255   13   28   57  255   13   24   56  255   18   27   58  255   16   28   52  255   18   30   44  255   19   24   27  255   25   26   21  255   27   26   24  255   27   27   27  255   27   28   32  255   26   27   29  255   23   23   21  255   31   27   24  255   34   26   24  255   51   41   40  255   49   39   40  255
