   29   29
   24  126  190  255   25  123  184  255   33  123  183  255   38  124  181  255   31  120  180  255   33  126  183  255   29  131  179  255   19  125  173  255   24  124  183  255   29  129  189  255   26  122  183  255   30  126  186  255   28  120  185  255   28  121  182  255   30  125  181  255   31  125  179  255   33  121  184  255   37  123  184  255   35  122  176  255   37  127  179  255   34  123  183  255   30  119  179  255   38  124  185  255   32  121  181  255   31  127  188  255   26  127  183  255   23  121  170  255   30  126  176  255   16  108  175  255
   29  127  192  255    0   94  155  255    0   83  137  255    3   83  134  255   22  101  157  255   10   91  144  255    0   85  133  255    4   96  143  255   11  101  154  255    0   79  136  255   17  100  154  255    6   89  143  255    3   84  140  255    4   87  141  255    4   87  139  255    5   88  140  255    8   89  144  255    2   83  138  255   10   90  141  255    9   91  141  255   12   93  148  255   10   91  146  255    4   84  137  255   19  100  153  255    0   80  135  255    9   96  149  255   14  102  148  255    0   82  132  255   19  108  174  255
   26  118  183  255    8   94  151  255    5   82  124  255   23   91  128  255   15   76  121  255   18   76  124  255   33   96  140  255   19   83  127  255   17   84  129  255   22   85  129  255   32   90  130  255   20   78  116  255   24   83  123  255   21   84  125  255   32   95  138  255   16   80  124  255   22   91  132  255    9   78  119  255   20   87  129  255   15   82  125  255   16   83  128  255   30   94  138  255   19   84  126  255   18   83  123  255   25   88  129  255   30   93  136  255    5   72  115  255   19   92  143  255   20  108  172  255
   29  118  186  255    6   88  146  255   15   87  125  255   34   94  128  255   28   79  122  255   36   84  130  255   31   82  125  255   30   83  123  255   23   78  117  255   24   78  114  255   33   82  115  255   41   90  123  255   28   81  115  255   23   77  113  255   29   84  123  255   19   77  115  255   22   82  118  255   26   89  124  255   32   92  129  255   27   86  126  255   21   79  119  255   25   83  121  255   28   88  124  255   21   80  112  255   20   74  108  255   34   88  124  255   34   88  132  255   14   81  133  255   28  116  179  255
   38  125  196  255    0   80  140  255   18   90  130  255   19   82  117  255   23   75  122  255   22   73  120  255   25   83  121  255   29   89  123  255   25   84  116  255   36   93  123  255   25   81  116  255   36   92  129  255   30   86  123  255   22   80  118  255   25   84  124  255   36   95  135  255   21   79  117  255   31   89  127  255   17   76  116  255   25   84  124  255   39   94  133  255   27   83  120  255   19   82  115  255   23   86  117  255   17   76  110  255   31   87  124  255   27   85  125  255   29   97  146  255   21  111  171  255
   35  122  191  255    9   91  149  255   12   84  122  255   17   77  111  255   38   91  133  255   36   85  126  255   32   84  121  255   21   76  106  255   21   76  106  255   35   90  120  255   18   77  111  255   24   84  121  255   30   90  127  255   26   85  125  255   27   89  128  255   23   83  120  255   18   76  113  255   26   84  121  255   23   83  120  255   27   87  124  255   31   86  125  255   18   76  113  255   15   78  113  255   27   90  125  255   22   80  117  255   38   94  131  255   22   77  116  255   17   85  132  255   17  112  168  255
   34  123  181  255    0   80  130  255   18   89  121  255   30   90  116  255   30   84  112  255   28   73  102  255   43   78  110  255   51   86  116  255   37   80  112  255   25   76  107  255   28   82  118  255   28   86  123  255   18   81  116  255   25   87  124  255   32   94  131  255   23   86  121  255   28   89  120  255   26   87  118  255   28   88  124  255   24   84  120  255   17   80  113  255   24   87  122  255   29   88  130  255   20   77  120  255   31   86  125  255   17   69  106  255   33   85  124  255   26   93  136  255   14  115  167  255
   33  124  177  255   15   97  144  255   20   89  120  255   31   79  101  255   49   75   92  255    0    1   18  255   11    0   12  255   13    0   14  255    2    0   21  255   59   71   97  255   45   70  100  255   42   81  114  255   43   92  125  255   27   83  116  255   22   85  118  255   17   80  113  255   25   86  117  255   32   91  125  255   28   86  123  255   19   79  115  255   14   77  110  255   25   88  123  255   36   93  138  255   26   78  125  255   28   81  121  255   35   87  124  255   30   83  117  255   11   80  121  255   17  118  170  255
   32  126  180  255    4   88  135  255   20   86  121  255   43   71   95  255   20    0    2  255   95   20   25  255  225  116  119  255  129   14   19  255  113   22   29  255   43    0    0  255   18    0    7  255   71   69   93  255   54   75  106  255   32   75  107  255   27   88  116  255   15   80  110  255   29   84  123  255   32   85  127  255   27   82  123  255   33   91  129  255   25   84  118  255   29   85  120  255   33   85  125  255   30   79  122  255   29   82  122  255   27   83  120  255   29   88  118  255    4   76  114  255   28  123  179  255
   27  120  177  255    5   87  137  255   24   84  121  255   75   79  104  255   59    0    0  255  173   27   27  255  203   24   20  255  255   96   92  255  255  102  104  255  137    8   13  255  113   23   32  255   39    0    0  255   18    0   11  255   61   61   85  255   51   83  104  255   40   88  111  255   26   74  110  255   29   81  120  255   21   76  115  255   28   88  125  255   30   90  124  255   17   76  110  255   27   79  118  255   31   80  120  255   34   87  127  255   31   90  124  255   18   79  108  255   21   94  129  255   22  112  172  255
   35  125  185  255   12   88  140  255   31   81  116  255   14    0   12  255  166   25   34  255  223   15   15  255  234    8    9  255  234    8    9  255  219    8   14  255  255   96  101  255  255  103  105  255  141   12   16  255  126   20   32  255   48    0    0  255   14    0    4  255   53   67   80  255   42   78  100  255   36   87  114  255   24   83  117  255   29   92  127  255   17   84  113  255   25   90  120  255   36   94  131  255   33   87  125  255   22   78  113  255   29   86  116  255   23   82  112  255   19   88  127  255   25  114  172  255
   33  122  182  255   11   87  139  255   37   85  121  255   20    0   14  255  151    0    9  255  234   11   12  255  243    3    4  255  245    1    1  255  244    5   10  255  231    6   10  255  218   15   11  255  255   94   92  255  255   98  102  255  147   12   18  255  112   25   33  255   32    0    0  255    7    0    4  255   63   77   90  255   46   73  100  255   40   81  109  255   35   83  105  255   25   79  103  255   25   84  118  255   27   83  120  255   26   73  103  255   39   86  112  255   18   73  103  255   26   95  134  255   19  108  164  255
   36  125  181  255   15   93  142  255   17   73  108  255    3    0   16  255  125   10   17  255  207   21   22  255  230   12   11  255  242    7    4  255  246    7    4  255  244    5    2  255  238    5    0  255  239   14   10  255  226   12   12  255  255   88   89  255  255   98  103  255  141   11   13  255  122   27   23  255   42    0    0  255   20    0    5  255   74   65   86  255  141  145  156  255   49   75   88  255   30   85  115  255   28   84  117  255   50   78  102  255   57   83  106  255   35   84  114  255   14   86  126  255   17  109  160  255
   30  121  174  255    8   90  138  255   34   96  133  255   57   67   92  255   50    0    0  255  144    8   10  255  176    2    3  255  217   15   13  255  228    9    3  255  243   10    5  255  247    5    1  255  244    0    0  255  247    7    6  255  235    7    6  255  228   18   19  255  255   96   95  255  239  100   93  255  116   19   13  255   97   40   46  255   21    0    0  255   14    0    0  255   68   72   73  255   33   74   94  255   42   92  119  255  122  146  170  255   41   67   92  255   34   84  117  255   11   84  125  255   21  115  169  255
   27  124  177  255    1   87  136  255   22   85  128  255   53   80  110  255   19    0    7  255   80    9   15  255  104    0    0  255  150    8    6  255  173    0    0  255  218   15    9  255  234    8    9  255  240    2    2  255  248    6    5  255  239    1    0  255  233    8    6  255  210   16   14  255  249  107  106  255  219  124  120  255  152  102   91  255  138  111   94  255  193  168  146  255   10    1    0  255   57   72   77  255   38   71   90  255   46   83  112  255   29   75  111  255   22   77  116  255   17   89  137  255   19  111  176  255
   30  130  182  255    0   82  130  255   32   95  139  255   38   76  113  255   61   71   96  255   10    0    9  255   28    0    0  255   82    7   11  255  111    0    0  255  155    6    2  255  180    0    0  255  222   16   18  255  229    7    6  255  235   10    8  255  233    9    7  255  255   92   90  255  238  110  111  255  173   95   91  255  201  164  148  255  175  157  135  255  177  157  132  255  133  118   99  255  177  176  172  255   58   76   88  255   29   73  102  255   33   88  127  255   23   82  124  255   17   87  138  255   28  117  185  255
   26  123  174  255    6   92  141  255   21   82  127  255   35   80  121  255   31   69  106  255   47   78  107  255   55   77   98  255    0    0   11  255   26    0    0  255   77    5    6  255  112    0    1  255  152    6    7  255  174    0    0  255  215   21   21  255  218   14   15  255  255   97   97  255  185   90   88  255  194  149  144  255  173  156  149  255  195  191  182  255  198  190  179  255  127  119  108  255    7    0    0  255   66   73   81  255   43   80  107  255   25   81  118  255   20   79  121  255   25   93  142  255   30  114  178  255
   33  129  179  255   10   94  141  255   25   88  131  255   37   89  129  255   32   85  125  255   31   85  121  255   30   83  114  255   43   84  106  255   56   72   87  255    7    0    5  255   31    0    0  255   85    9   13  255  106    0    0  255  147    7    8  255  167    2    6  255  209   71   71  255  167  102  100  255  154  131  125  255  203  192  186  255    4    0    0  255   56   53   48  255  119  114  110  255    8    0    0  255  144  148  151  255   40   78  101  255   21   77  114  255   27   86  128  255   11   81  130  255   24  108  170  255
   28  122  174  255   17  101  148  255    7   75  114  255   25   85  119  255   26   84  121  255   18   74  111  255   38   90  127  255   33   79  115  255   37   73  105  255   57   84  111  255   50   68   90  255    0    0   12  255   25    0    0  255   75    9   10  255  101    0    0  255  119   25   26  255  143  107  107  255  169  158  152  255  212  190  176  255  205  186  171  255  168  160  158  255  165  163  164  255    5    2    0  255   53   65   63  255   41   86  109  255   27   87  124  255   31   94  135  255   11   83  133  255   19  109  171  255
   31  120  178  255    7   89  139  255   21   90  129  255   23   86  119  255   31   94  127  255   27   87  121  255   24   79  118  255   34   86  126  255   27   76  117  255   23   73  110  255   32   85  117  255   39   81  105  255   48   67   81  255    6    0    5  255   29    0    0  255   61   16   21  255  131  112  114  255  130  119  113  255  187  166  149  255  177  158  144  255  160  158  159  255    0    1    5  255  174  176  173  255   55   70   73  255   36   82  106  255   26   89  124  255   21   85  123  255   19   91  139  255   20  110  172  255
   40  123  189  255    5   84  141  255   17   84  127  255   32   95  130  255   22   87  119  255   13   78  110  255   25   85  119  255   18   76  113  255   36   88  128  255   29   82  122  255   24   79  118  255   43   97  133  255   24   69   98  255   48   82  107  255   52   73   94  255    0    0   14  255    8    0    0  255  157  138  132  255  133  118  111  255  120  117  112  255  164  177  183  255   58   75   85  255   59   65   77  255  127  143  159  255   37   81  108  255   27   86  120  255   23   83  120  255   23   91  138  255   26  110  172  255
   33  117  181  255   14   90  148  255   14   78  122  255   20   80  116  255   23   86  119  255   31   94  127  255   24   87  120  255   25   85  119  255   22   76  114  255   33   88  127  255   22   80  120  255   23   82  122  255   22   81  115  255   21   77  110  255   28   81  112  255   52   90  113  255   58   66   77  255    0    0    5  255    0    2   11  255    0    7   17  255   64   82   94  255   58   77   92  255   57   75   99  255   51   78  107  255   40   86  119  255   24   83  117  255   31   91  125  255   16   85  127  255   25  109  169  255
   38  127  183  255    7   87  138  255   28   91  132  255   27   83  120  255   26   82  119  255   29   85  122  255   26   85  119  255   25   84  118  255   34   90  123  255   27   83  118  255   15   73  110  255   37   95  132  255   20   76  111  255   41   97  132  255   24   80  115  255   23   76  108  255   40   84  113  255   32   73  101  255   43   89  122  255   31   68   97  255  130  143  162  255   58   73   94  255   30   71  103  255   36   92  129  255   25   84  118  255   17   78  109  255   23   86  117  255   10   82  120  255   19  109  162  255
   34  124  177  255    1   83  131  255   29   94  134  255   20   76  113  255   31   84  124  255   25   80  119  255   37   95  132  255   25   83  120  255   20   76  111  255   26   82  117  255   30   88  126  255   19   77  114  255   30   84  122  255   21   77  112  255   23   82  116  255   28   88  124  255   15   78  113  255   31   93  132  255   17   79  120  255   33   81  119  255   52   74   98  255   59   85  110  255   29   85  122  255   10   79  120  255   25   88  123  255   25   86  117  255   18   81  112  255   18   90  128  255   20  111  166  255
   33  119  178  255   11   91  144  255   11   78  120  255   26   86  123  255   31   91  128  255   25   85  122  255   29   87  127  255   26   84  124  255   22   76  120  255   28   82  126  255   20   76  123  255   25   82  125  255   38   91  131  255   30   86  119  255   26   85  115  255   21   82  111  255   27   90  123  255   16   76  112  255   31   83  123  255   42   88  124  255   35   79  106  255   33   82  112  255   23   85  124  255   15   80  120  255   28   87  121  255   20   79  109  255   23   83  117  255   20   93  134  255   24  117  176  255
   31  117  178  255   12   93  148  255   17   84  127  255   23   85  122  255   21   81  117  255   26   86  122  255   22   80  118  255   26   84  124  255   28   82  126  255   30   84  130  255   32   88  137  255   26   82  129  255   29   82  122  255   24   80  115  255   34   93  123  255   20   83  114  255   21   84  119  255   28   86  123  255   32   82  119  255   25   73  109  255   34   87  119  255   28   84  117  255   25   84  124  255   27   86  126  255   29   85  120  255   32   88  121  255   26   86  120  255   11   84  127  255   18  111  170  255
   31  124  185  255    7   90  144  255   13   82  124  255   25   85  121  255   23   79  114  255   34   90  123  255   21   77  112  255   35   93  130  255   24   84  121  255   33   92  132  255   27   86  130  255   26   83  128  255   23   76  118  255   25   78  118  255   26   86  122  255   25   88  123  255   24   86  125  255   26   85  125  255   28   84  119  255   22   75  109  255   36   84  120  255   28   76  114  255   34   87  127  255   28   84  121  255   34   88  124  255   34   90  123  255   21   84  117  255   10   84  123  255   20  109  165  255
   29  127  190  255    6   97  154  255   13   91  137  255   23   92  133  255   19   87  126  255   27   95  134  255   10   79  120  255   23   95  135  255   14   88  127  255   14   87  128  255   14   87  132  255   10   78  127  255   25   87  136  255   14   76  123  255   17   85  130  255   15   86  132  255   23   96  141  255   13   86  131  255   18   89  133  255   24   91  134  255   27   88  133  255   18   77  121  255   33   96  139  255   20   85  127  255   22   86  130  255   16   83  126  255   13   82  123  255   12   90  136  255   21  112  167  255
    9  114  180  255    7  109  171  255   20  117  168  255   18  113  161  255   16  112  163  255   23  118  172  255   17  112  166  255   21  116  170  255   22  120  169  255   15  113  162  255   15  112  163  255   26  120  174  255   24  109  164  255   30  112  170  255   30  114  174  255   22  111  169  255   17  110  167  255   20  113  172  255   17  106  172  255   23  113  176  255   28  117  173  255   16  106  158  255   25  116  163  255   22  112  162  255   23  112  168  255   23  112  172  255   26  112  171  255   22  112  172  255   20  116  176  255
