   29   29
   40   26   26  255   47   38   33  255   45   43   31  255   46   44   31  255   51   37   34  255   55   40   35  255   49   35   26  255   56   38   28  255   60   31   27  255   62   10   14  255   93    3   13  255  136   21   34  255  155   23   36  255  154   25   30  255  137   29   27  255  139   31   29  255  152   20   33  255  145   25   37  255   78    3    7  255   55   17    8  255   54   38   22  255   32   29   12  255   64   55   56  255   47   38   43  255   44   38   40  255   47   43   40  255   45   41   38  255   30   29   24  255   43   44   38  255
   65   53   53  255   50   42   39  255   37   34   25  255   47   44   35  255   35   27   24  255   61   50   46  255   55   42   33  255   72   45   38  255   65   15   16  255  115   40   47  255  127   26   40  255  183   62   77  255  188   54   65  255  233   99  106  255  143   24   26  255  142   26   29  255  195   60   74  255  182   56   70  255  128   32   43  255  109   43   44  255   56   16    6  255   56   34   21  255   64   53   51  255   31   27   28  255   49   45   44  255   29   24   21  255   47   42   38  255   56   53   46  255   46   46   38  255
   42   37   34  255   39   34   31  255   31   30   26  255   46   47   42  255   31   32   27  255   57   54   49  255   36   23   15  255   60   16   15  255  119   27   38  255  181   62   81  255  186   60   81  255  230   99  117  255  198   58   69  255  161   17   26  255  159   22   32  255  158   22   34  255  190   49   66  255  239  100  121  255  193   57   81  255  177   58   77  255  126   34   37  255   70   12    8  255   52   35   28  255   34   37   30  255   43   42   37  255   50   45   39  255   48   37   31  255   55   45   36  255   29   25   14  255
   38   35   30  255   48   45   40  255   46   42   39  255   29   28   26  255   46   51   47  255   35   27   24  255   51   13   12  255  114   39   44  255  183   66   84  255  235   99  123  255  232  100  124  255  230   96  120  255  237   96  113  255  198   56   72  255  191   48   68  255  195   53   75  255  239  101  124  255  235   95  121  255  238   90  122  255  239   96  124  255  183   58   72  255  123   34   38  255   52   17   13  255   47   40   32  255   43   38   32  255   44   39   33  255   55   44   38  255   41   31   22  255   51   47   35  255
   34   34   22  255   42   40   28  255   56   51   45  255   44   41   36  255   40   40   38  255   47   18   20  255  123   36   45  255  182   61   78  255  224  100  124  255  230  103  132  255  219   94  124  255  233  106  136  255  232   99  128  255  232   95  125  255  234   96  130  255  233   98  131  255  228   97  128  255  227   98  128  255  235  101  134  255  232   97  127  255  239  103  123  255  176   65   74  255  108   43   47  255   50   16   15  255   65   50   47  255   49   42   36  255   31   22   17  255   37   30   22  255   44   40   29  255
   41   43   29  255   45   45   33  255   48   41   33  255   47   39   36  255   40   39   37  255   52   16   20  255  137   25   37  255  196   53   71  255  230  100  128  255  224  101  132  255  222  101  132  255  222  101  132  255  224   99  131  255  229   99  135  255  233  103  139  255  225   95  131  255  226   98  131  255  228  103  135  255  217   91  128  255  227   98  129  255  233   94  115  255  181   59   72  255  116   35   42  255   61   15   18  255   53   35   33  255   43   38   34  255   66   58   55  255   49   44   38  255   41   38   29  255
   44   47   38  255   26   26   18  255   48   38   36  255   52   42   41  255   58   54   55  255   52   16   18  255  140   31   36  255  196   56   69  255  228   95  122  255  228  103  135  255  221  101  129  255  222  103  131  255  222  103  131  255  220  100  128  255  226  102  130  255  228  101  131  255  227   97  131  255  230  101  139  255  226  105  140  255  223   98  128  255  235   99  119  255  183   61   72  255  118   37   43  255   57   11   13  255   54   39   36  255   33   32   27  255   44   39   35  255   42   37   33  255   32   31   26  255
   41   42   34  255   48   45   38  255   59   49   47  255   50   40   39  255   29   25   24  255   54   20   19  255  129   31   32  255  189   58   66  255  233  100  121  255  230   97  126  255  227  100  127  255  227  100  127  255  226   99  126  255  229  101  126  255  227   99  122  255  229   99  125  255  233  100  131  255  225   94  128  255  228  100  135  255  230  101  131  255  235   96  115  255  183   63   73  255  114   38   42  255   55   15   15  255   66   55   51  255   29   28   23  255   58   53   49  255   46   41   37  255   45   45   37  255
   48   40   29  255   35   28   18  255   45   40   36  255   47   46   42  255   30   31   25  255   44   19   14  255  118   39   35  255  179   64   67  255  237  101  115  255  238   94  117  255  236   94  120  255  198   53   82  255  198   50   76  255  198   50   74  255  196   52   75  255  195   53   77  255  193   54   77  255  189   51   77  255  237   98  127  255  238   96  122  255  245  100  117  255  180   60   69  255  108   44   45  255   45   17   14  255   49   40   35  255   45   42   37  255   46   38   35  255   46   39   33  255   32   29   20  255
   62   52   42  255   52   45   35  255   42   39   34  255   41   42   37  255   43   42   38  255   44   23   18  255   67    3    1  255  138   35   38  255  190   54   66  255  200   49   68  255  200   50   75  255  246   96  123  255  245   91  115  255  247   94  115  255  247   95  118  255  241   94  113  255  241   95  114  255  243   97  118  255  198   51   77  255  195   47   71  255  198   49   68  255  143   26   35  255   68   12   15  255   40   21   17  255   45   37   34  255   56   53   48  255   45   38   32  255   63   56   48  255   45   41   30  255
   43   39   30  255   45   42   35  255   30   29   25  255   58   54   55  255   47   38   43  255   47   22   26  255   64   12   16  255  124   33   40  255  194   58   72  255  249   94  112  255  244   98  119  255  192   50   72  255  199   53   72  255  195   48   66  255  201   52   72  255  204   55   74  255  202   54   70  255  193   45   61  255  245   96  118  255  247   98  120  255  200   51   71  255  140   23   39  255   56    7   13  255   37   25   25  255   33   28   25  255   60   57   52  255   29   24   18  255   47   40   32  255   46   37   28  255
   42   39   30  255   55   52   43  255   51   44   38  255   36   26   24  255   55   43   45  255   42   22   24  255   57   16   20  255  108   37   43  255  175   61   71  255  187   56   70  255  175   57   73  255  145   34   50  255  134   27   37  255  138   31   41  255  138   24   34  255  142   26   37  255  141   26   33  255  148   31   39  255  181   56   70  255  183   57   71  255  184   58   72  255  129   33   44  255   52   16   20  255   32   26   26  255   49   41   38  255   47   40   32  255   47   38   29  255   45   36   27  255   67   54   48  255
   59   56   41  255   34   27   11  255   45   28   12  255   43   24   10  255   30   20   10  255   34   24   15  255   44   19   15  255   96   52   51  255  112   44   45  255  116   40   44  255  111   44   53  255   61    6   12  255   58   14   15  255   54   15   10  255   61   16   11  255   59   12    6  255   53   13    5  255   60   11    4  255  112   44   43  255  115   36   39  255  119   39   42  255  107   47   47  255   41   23   23  255   27   26   22  255   34   24   14  255   39   23    8  255   45   27   15  255   40   23   13  255   49   36   30  255
   35   28   10  255  155  140  121  255  163  132  111  255  229  197  174  255  179  158  137  255   39   24    5  255   42   25   15  255   45   18   11  255   58   13    7  255   55    7    3  255   56   22   23  255   44   19   22  255   43   26   19  255   46   30   15  255   44   23    4  255   47   29    9  255   39   32   16  255   39   25   14  255   57   20   12  255   60   13    7  255   61   12    5  255   53   15    6  255   43   25   21  255   32   22   13  255  178  157  138  255  224  198  175  255  163  135  114  255  163  140  126  255   34   23   17  255
   40   24   11  255  182  156  141  255  195  149  126  255  243  192  165  255  236  191  160  255  168  134  106  255   43   27   11  255   42   24   12  255  188  146  132  255  237  195  183  255  255  248  247  255   41   23   23  255  255  248  237  255  227  192  172  255  235  194  166  255  231  197  170  255  255  252  241  255   32   18   15  255  255  246  241  255  233  196  187  255  179  146  129  255   55   24    6  255   50   17    8  255  170  137  122  255  230  195  163  255  235  197  160  255  192  151  121  255  179  148  127  255   36   28   17  255
   37   22   15  255  162  135  124  255  180  133  115  255  200  146  120  255  196  147  115  255  179  138  108  255   48   15    0  255   54   22   11  255   89   50   35  255  226  190  178  255  255  249  243  255  255  249  241  255  255  244  228  255  239  193  167  255  241  191  158  255  237  194  162  255  255  249  233  255  255  250  241  255  255  247  237  255  228  192  178  255   85   54   36  255   49   16    0  255   60   17    8  255  176  130  114  255  195  151  116  255  189  150  109  255  170  135  105  255  169  144  124  255   30   23   15  255
   45   40   44  255   38   24   23  255   53   19    7  255  171  133  114  255  167  137  111  255   62   21    0  255  114   41   32  255  112   41   37  255   56   17   12  255   74   47   38  255  173  140  123  255  185  147  124  255  194  150  125  255  181  134  104  255  181  131   98  255  178  132   98  255  190  155  123  255  182  151  123  255  172  134  115  255   91   49   33  255   60   16    3  255   96   49   39  255  100   49   45  255   60   11    0  255  179  134  101  255  167  134   99  255   43   28    7  255   30   23   15  255   39   30   33  255
   43   42   47  255   35   26   27  255   44   21   13  255  161  138  124  255  156  140  124  255   47   18    4  255  108   38   36  255  113   41   42  255   55   17   16  255   46   17    9  255   87   44   27  255  185  135  112  255  180  130  105  255  179  129  104  255  182  132  105  255  181  131  104  255  175  130   99  255  177  131  105  255   99   48   31  255   59   10    0  255   60   16    7  255   90   49   43  255   92   48   47  255   58   17   11  255  174  138  116  255  166  142  118  255   31   25   13  255   42   42   40  255   35   26   29  255
   47   42   39  255   49   41   38  255   60   47   39  255   41   28   19  255   35   28   20  255   35   24   20  255   46   20   21  255   51   17   16  255   51   16   14  255   97   54   48  255   67   13    1  255   65    7    0  255   67   13    1  255   61    9    0  255   66   17    2  255   65   13    0  255   70   13    2  255   68    8    0  255   74    4    2  255  106   47   43  255   47   14    7  255   42   23   16  255   40   22   22  255   41   21   23  255   40   21   17  255   36   21   16  255   42   37   31  255   44   41   36  255   50   43   37  255
   35   31   22  255   47   43   34  255   49   45   36  255   37   30   24  255   30   18   18  255   34   24   23  255   35   27   25  255   30   23   17  255   38   22    9  255   85   57   45  255   95   51   42  255   98   43   40  255  101   46   43  255  100   47   43  255   98   48   41  255   98   45   41  255  104   44   44  255  100   40   40  255  106   48   47  255   90   51   44  255   36   28   15  255   27   29   15  255   35   24   20  255   39   23   24  255   32   19   26  255   39   30   35  255   45   40   37  255   38   33   27  255   46   42   31  255
   30   33   16  255   49   51   37  255   32   31   26  255   37   27   26  255   50   24   25  255   44   16   15  255   34   21   15  255   62   66   51  255   16   41    9  255   14   30    1  255   39   20   13  255   93   51   53  255   89   39   40  255  100   46   46  255  101   45   44  255  104   48   49  255   95   39   42  255   89   48   46  255   36   24   12  255   16   30    7  255   11   41   13  255   49   69   42  255   41   22    7  255   48   17   12  255   39   27   31  255   25   20   26  255   60   56   55  255   37   34   29  255   45   45   35  255
   41   43   29  255   45   47   36  255   27   26   24  255   35   19   22  255   57   12   15  255  100   49   48  255   90   53   47  255   33   28    9  255   57   98   58  255   59  101   65  255   31   28   21  255   48   19   24  255   53   14   17  255   55   13   14  255   55   11   12  255   53   11   12  255   50    8   10  255   49   25   21  255   19   33   16  255   65   99   74  255   61  100   71  255   16   31    2  255   94   51   34  255  102   48   38  255   39   17   20  255   33   26   33  255   33   27   29  255   41   37   34  255   47   46   41  255
   53   48   45  255   38   32   32  255   28   23   29  255   43   17   26  255   73    8   14  255  120   38   42  255  115   39   41  255   56   16    4  255   65   95   59  255   55   99   66  255   25   27   26  255   38   21   31  255   39   20   22  255   41   23   21  255   38   23   20  255   43   29   28  255   40   26   25  255   27   23   20  255   14   31   21  255   67   91   77  255   69   86   68  255   43   26   10  255  119   39   28  255  124   37   30  255   57   15   17  255   37   22   25  255   33   23   24  255   52   46   48  255   36   32   33  255
   33   27   29  255   31   25   27  255   28   23   29  255   52   22   30  255  112   36   46  255  169   67   78  255  170   66   75  255  116   38   36  255   45   24    3  255   25   27    6  255   40   26   26  255   37   20   28  255   34   25   26  255   27   26   22  255   28   27   23  255   26   25   21  255   29   24   20  255   34   29   23  255   32   27   23  255   36   22   19  255   49   20   16  255  107   46   43  255  176   64   63  255  174   66   66  255   98   46   48  255   38   20   20  255   34   24   23  255   31   25   25  255   48   42   46  255
   46   45   43  255   25   24   20  255   29   30   24  255   41   17   15  255  118   38   49  255  219  108  125  255  219  100  119  255  223  105  119  255  171   62   68  255  161   72   74  255  104   48   51  255   80   50   52  255   36   28   25  255   27   29   24  255   28   27   23  255   32   25   19  255   39   22   14  255   91   58   49  255  100   42   40  255  153   74   79  255  166   71   79  255  221  105  116  255  234   96  111  255  222  104  116  255  103   48   53  255   38   20   18  255   35   25   23  255   28   25   20  255   43   37   37  255
   44   40   39  255   28   27   23  255   24   27   18  255   43   25   21  255   66    4   15  255  160   71   89  255  165   68   87  255  215  110  127  255  181   66   81  255  135   35   45  255   62    2    2  255   49   20   16  255   34   26   23  255   24   26   23  255   26   25   23  255   35   27   25  255   40   25   18  255   44   11    4  255   73   13   12  255  119   39   42  255  163   66   75  255  221  110  126  255  181   62   84  255  162   68   86  255   56   15   21  255   31   20   18  255   36   29   23  255   33   28   22  255   55   50   46  255
   53   42   46  255   32   26   26  255   28   29   24  255   26   22   19  255   44   21   29  255   45   12   23  255   50   12   23  255   54   14   23  255   52   11   17  255   50   16   17  255   42   18   14  255   38   25   19  255   33   28   25  255   28   26   27  255   29   28   33  255   26   25   30  255   28   26   29  255   34   29   26  255   33   18   15  255   44   20   16  255   49   15   16  255   55   12   21  255   58    5   25  255   56   13   32  255   34   22   26  255   30   29   25  255   34   24   22  255   49   40   35  255   33   29   20  255
   59   47   49  255   49   40   41  255   22   24   21  255   29   33   32  255   28   27   32  255   28   26   31  255   30   28   33  255   25   23   26  255   30   25   29  255   30   26   27  255   32   29   24  255   28   25   18  255   29   25   22  255   27   25   26  255   27   26   32  255   26   25   33  255   23   22   30  255   29   30   34  255   25   27   24  255   26   29   22  255   31   30   26  255   30   24   26  255   39   22   38  255   32   20   34  255   27   27   29  255   24   26   21  255   33   28   24  255   61   54   48  255   44   40   31  255
   41   33   30  255   32   29   24  255   30   35   29  255   19   28   23  255   17   26   23  255   21   30   27  255   22   28   26  255   28   30   29  255   31   26   33  255   28   21   29  255   28   28   26  255   30   31   25  255   30   29   24  255   28   27   23  255   26   24   27  255   35   30   36  255   36   26   34  255   34   23   29  255   37   28   29  255   24   20   17  255   23   25   20  255   29   31   30  255   29   22   30  255   31   24   32  255   29   28   26  255   29   30   24  255   42   43   37  255   32   33   25  255   39   39   31  255
