   29   29
   47   42   36  255   30   25   19  255   46   41   35  255   37   32   26  255   52   47   41  255   46   41   35  255   48   43   37  255   47   42   36  255   48   43   37  255   30   25   19  255   49   44   38  255   33   28   22  255   49   44   38  255   54   49   43  255   45   40   34  255   31   26   20  255   51   46   40  255   31   26   20  255   47   42   36  255   56   51   45  255   43   38   32  255   50   45   39  255   45   40   34  255   36   31   25  255   49   44   38  255   29   24   18  255   52   47   43  255   52   47   43  255   53   48   44  255
   59   54   48  255   41   36   30  255   46   41   35  255   46   41   35  255   39   34   28  255   40   35   29  255   41   36   30  255   44   39   33  255   39   34   28  255   50   45   39  255   39   34   28  255   61   56   50  255   42   37   31  255   37   32   26  255   55   50   44  255   56   51   45  255   40   35   29  255   47   42   36  255   44   39   33  255   35   30   24  255   46   41   35  255   41   36   30  255   45   40   34  255   44   39   33  255   43   38   32  255   61   56   50  255   47   42   38  255   33   28   24  255   44   39   35  255
   39   34   28  255   52   47   41  255   40   35   29  255   53   48   42  255   39   34   28  255   54   49   43  255   36   31   25  255   36   31   25  255   59   54   48  255   44   39   33  255   57   52   46  255   42   37   31  255   36   31   25  255   39   34   28  255   39   34   28  255   41   36   30  255   49   44   38  255   45   40   34  255   43   38   32  255   43   38   32  255   48   43   37  255   48   43   37  255   42   37   31  255   49   44   38  255   54   49   43  255   42   37   31  255   40   35   29  255   43   38   32  255   38   33   27  255
   48   43   37  255   41   36   30  255   52   47   41  255   35   30   24  255   43   38   32  255   56   51   45  255   30   25   19  255   34   29   23  255   55   50   44  255   44   39   33  255   37   32   26  255   48   43   37  255   45   40   34  255   38   33   27  255   50   45   39  255   45   40   34  255   50   45   39  255   40   35   29  255   42   37   31  255   53   48   42  255   47   42   36  255   46   41   35  255   45   40   34  255   47   42   36  255   39   34   28  255   46   41   35  255   37   32   26  255   45   40   34  255   40   35   29  255
   57   52   46  255   42   37   31  255   38   33   27  255   49   44   38  255   39   34   28  255   42   37   31  255   39   34   28  255   36   31   25  255   42   37   31  255   39   34   28  255   33   28   22  255   48   43   37  255   42   37   31  255   45   40   34  255   49   44   38  255   50   45   39  255   27   22   18  255   58   53   49  255   30   25   19  255   49   44   38  255   31   26   20  255   40   35   29  255   44   39   33  255   45   40   34  255   31   26   20  255   51   46   40  255   44   39   33  255   45   40   34  255   41   36   30  255
   43   38   32  255   43   38   32  255   43   38   32  255   48   43   37  255   48   43   37  255   38   33   27  255   47   42   36  255   45   40   34  255   46   41   35  255   45   40   34  255   53   48   42  255   41   36   30  255   47   42   36  255   47   42   36  255   47   42   36  255   46   41   35  255   35   30   26  255   62   57   53  255   42   37   31  255   48   43   37  255   38   33   27  255   49   44   38  255   47   42   36  255   46   41   35  255   49   44   38  255   40   35   29  255   40   35   29  255   55   50   44  255   45   40   34  255
   30   25   19  255   69   64   58  255   35   30   24  255   47   42   36  255   43   38   32  255   35   30   24  255   49   44   38  255   49   44   38  255   34   29   23  255   32   27   21  255   51   46   40  255   45   40   34  255   41   36   30  255   46   41   35  255   31   26   20  255   60   55   49  255   49   44   40  255   28   23   19  255   52   47   43  255   31   26   22  255   47   42   38  255   36   31   27  255   40   35   29  255   31   26   20  255   49   44   38  255   61   56   50  255   22   17   11  255   53   48   42  255   52   47   41  255
   32   27   21  255   64   59   53  255   40   35   29  255   43   38   32  255   43   38   32  255   33   28   22  255   46   41   35  255   49   44   38  255   32   27   21  255   38   33   27  255   52   47   41  255   47   42   36  255   41   36   30  255   52   47   41  255   31   26   20  255   58   53   47  255   52   47   43  255   30   25   21  255   47   42   38  255   40   35   31  255   43   38   34  255   36   31   27  255   39   34   28  255   34   29   23  255   44   39   33  255   63   58   52  255   21   16   10  255   55   50   44  255   50   45   39  255
   53   48   42  255   27   22   16  255   50   45   39  255   33   28   22  255   40   35   29  255   46   41   35  255   32   27   21  255   31   26   20  255   64   59   53  255   44   39   33  255   45   40   34  255   46   41   35  255   52   47   41  255   47   42   36  255   41   36   30  255   31   26   20  255   53   48   44  255   35   30   26  255   41   36   32  255   47   42   38  255   36   31   27  255   52   47   43  255   51   46   40  255   52   47   41  255   45   40   34  255   40   35   29  255   55   50   44  255   52   47   41  255   33   28   22  255
   28   23   17  255   52   47   41  255   38   33   27  255   50   45   39  255   49   44   38  255   55   50   44  255   38   33   27  255   36   31   25  255   42   37   31  255   40   35   29  255   42   37   31  255   46   41   35  255   38   33   27  255   45   40   34  255   33   28   22  255   49   44   38  255   34   29   25  255   49   44   40  255   45   40   36  255   49   44   40  255   53   48   44  255   37   32   28  255   32   27   21  255   45   40   34  255   47   42   36  255   49   44   38  255   26   21   15  255   47   42   36  255   44   39   33  255
   53   48   42  255   47   42   36  255   39   34   28  255   35   30   24  255   49   44   38  255   45   40   34  255   53   48   42  255   46   41   35  255   46   41   35  255   62   57   51  255   32   27   21  255   64   59   53  255   42   37   31  255   28   23   17  255   52   47   41  255   39   34   28  255   49   44   40  255   38   33   29  255   48   43   37  255   52   47   41  255   44   39   33  255   47   42   36  255   52   47   41  255   51   46   40  255   37   32   26  255   54   49   43  255   48   43   37  255   40   35   29  255   34   29   23  255
   59   54   48  255   31   26   20  255   51   46   40  255   41   36   30  255   42   37   31  255   43   38   32  255   52   47   41  255   55   50   44  255   41   36   30  255   39   34   28  255   46   41   35  255   46   41   35  255   40   35   29  255   49   44   38  255   54   49   43  255   37   32   26  255   50   45   41  255   33   28   24  255   47   42   36  255   34   29   23  255   48   43   37  255   47   42   36  255   50   45   39  255   42   37   31  255   35   30   24  255   62   57   51  255   36   31   25  255   40   35   29  255   48   43   37  255
   42   37   31  255   40   35   29  255   40   35   29  255   52   47   41  255   48   43   37  255   39   34   28  255   40   35   29  255   46   41   35  255   49   44   38  255   31   26   20  255   51   46   40  255   46   41   35  255   56   51   45  255   39   34   28  255   35   30   24  255   49   44   38  255   39   34   28  255   50   45   39  255   44   39   33  255   48   43   37  255   50   45   39  255   43   38   32  255   44   39   33  255   42   37   31  255   33   28   22  255   45   40   34  255   56   51   45  255   51   46   40  255   41   36   30  255
   39   34   28  255   52   47   41  255   45   40   34  255   30   25   19  255   39   34   28  255   49   44   38  255   45   40   34  255   41   36   30  255   42   37   31  255   38   33   27  255   52   47   41  255   42   37   31  255   52   47   41  255   45   40   34  255   52   47   41  255   53   48   42  255   32   27   21  255   49   44   38  255   40   35   29  255   49   44   38  255   42   37   31  255   39   34   28  255   33   28   22  255   48   43   37  255   36   31   25  255   60   55   49  255   33   28   22  255   54   49   43  255   36   31   25  255
   40   35   29  255   55   50   44  255   31   26   20  255   52   47   41  255   47   42   36  255   37   32   26  255   49   44   38  255   53   48   42  255   48   43   37  255   42   37   31  255   36   31   25  255   38   33   27  255   47   42   36  255   40   35   29  255   54   49   43  255   42   37   31  255   46   41   35  255   35   30   24  255   54   49   43  255   45   40   34  255   40   35   29  255   38   33   27  255   48   43   37  255   37   32   26  255   44   39   33  255   39   34   28  255   39   34   30  255   56   51   47  255   48   43   39  255
   41   36   30  255   46   41   35  255   54   49   43  255   41   36   30  255   42   37   31  255   56   51   45  255   27   22   16  255   29   24   18  255   61   56   50  255   55   50   44  255   39   34   28  255   33   28   22  255   54   49   43  255   48   43   37  255   47   42   36  255   42   37   31  255   41   36   30  255   62   57   51  255   39   34   28  255   34   29   23  255   40   35   29  255   51   46   40  255   52   47   41  255   50   45   39  255   42   37   31  255   44   39   33  255   49   44   40  255   40   35   31  255   42   37   33  255
   46   41   35  255   46   41   35  255   47   42   36  255   40   35   29  255   38   34   25  255   42   38   29  255   44   40   31  255   50   46   37  255   46   42   33  255   38   34   25  255   49   44   38  255   45   40   34  255   50   45   39  255   36   31   25  255   47   42   38  255   34   29   25  255   49   44   38  255   44   39   33  255   50   45   39  255   55   50   44  255   42   37   31  255   44   39   33  255   45   40   34  255   46   41   35  255   38   33   27  255   48   43   37  255   48   43   39  255   29   24   20  255   57   52   48  255
   31   26   20  255   49   44   38  255   34   29   23  255   55   50   44  255   55   51   42  255   40   36   27  255   48   44   35  255   45   41   32  255   32   28   19  255   61   57   48  255   47   42   36  255   55   50   44  255   42   37   31  255   41   36   30  255   45   40   36  255   50   45   41  255   35   30   24  255   45   40   34  255   31   26   20  255   48   43   37  255   39   34   28  255   38   33   27  255   45   40   34  255   44   39   33  255   58   53   47  255   42   37   31  255   49   44   40  255   50   45   41  255   47   42   38  255
   36   31   25  255   45   40   34  255   46   41   35  255   42   37   31  255   40   36   27  255   28   24   15  255   44   40   31  255   46   42   33  255   31   27   18  255   60   56   47  255   30   25   19  255   47   42   36  255   47   42   36  255   41   36   30  255   48   43   39  255   37   32   28  255   34   29   23  255   63   58   52  255   35   30   24  255   56   51   45  255   39   34   28  255   53   48   42  255   49   44   38  255   52   47   41  255   33   28   22  255   46   41   35  255   31   26   20  255   51   46   40  255   40   35   31  255
   49   44   38  255   46   41   35  255   47   42   36  255   38   33   27  255   41   37   28  255   62   58   49  255   36   32   23  255   32   28   19  255   57   53   44  255   30   26   17  255   42   37   31  255   52   47   41  255   45   40   34  255   36   31   25  255   52   47   43  255   52   47   43  255   32   27   21  255   48   43   37  255   49   44   38  255   42   37   31  255   41   36   30  255   42   37   31  255   41   36   30  255   45   40   34  255   30   25   19  255   63   58   52  255   33   28   22  255   44   39   33  255   41   36   32  255
   46   41   35  255   50   45   39  255   52   47   41  255   36   31   25  255   43   39   30  255   49   45   36  255   45   41   32  255   50   46   37  255   37   33   24  255   49   45   36  255   46   41   35  255   37   32   26  255   44   39   33  255   37   32   26  255   47   42   38  255   49   44   40  255   43   38   32  255   37   32   26  255   56   51   45  255   41   36   30  255   49   44   38  255   41   36   30  255   41   36   30  255   45   40   34  255   50   45   39  255   45   40   34  255   48   43   37  255   42   37   31  255   43   38   32  255
   45   40   34  255   39   34   28  255   39   34   28  255   59   54   48  255   37   33   24  255   44   40   31  255   40   36   27  255   40   36   27  255   58   54   45  255   44   40   31  255   42   37   31  255   39   34   28  255   54   49   43  255   48   43   37  255   45   40   36  255   40   35   31  255   48   43   37  255   42   37   31  255   50   45   39  255   42   37   31  255   45   40   34  255   48   43   37  255   46   41   35  255   39   34   28  255   54   49   43  255   27   22   16  255   47   42   36  255   34   29   23  255   41   36   30  255
   47   42   36  255   38   33   27  255   41   36   30  255   61   56   50  255   39   34   28  255   43   38   32  255   43   38   32  255   36   31   25  255   58   53   47  255   52   47   41  255   38   33   27  255   36   31   25  255   54   49   43  255   43   38   32  255   54   49   43  255   39   34   28  255   47   42   36  255   42   37   31  255   52   47   41  255   37   32   26  255   49   44   38  255   45   40   34  255   49   44   38  255   35   30   24  255   54   49   43  255   43   38   32  255   42   37   31  255   35   30   24  255   41   36   30  255
   29   24   18  255   60   55   49  255   35   30   24  255   51   46   40  255   40   35   29  255   49   44   38  255   49   44   38  255   52   47   41  255   41   36   30  255   40   35   29  255   44   39   33  255   51   46   40  255   53   48   42  255   50   45   39  255   47   42   36  255   40   35   29  255   47   42   36  255   35   30   24  255   47   42   36  255   45   40   34  255   53   48   42  255   45   40   34  255   38   33   27  255   46   41   35  255   38   33   27  255   40   35   29  255   39   34   28  255   50   45   39  255   48   43   37  255
   44   39   33  255   44   39   33  255   41   36   30  255   43   38   32  255   41   36   30  255   43   38   32  255   46   41   35  255   47   42   36  255   28   23   17  255   63   58   52  255   31   26   20  255   47   42   36  255   41   36   30  255   48   43   37  255   42   37   31  255   27   22   16  255   51   46   40  255   48   43   37  255   53   48   42  255   39   34   28  255   49   44   38  255   39   34   28  255   45   40   34  255   43   38   32  255   45   40   34  255   41   36   30  255   48   43   37  255   48   43   37  255   48   43   37  255
   26   21   15  255   55   50   44  255   56   51   45  255   50   45   39  255   51   46   40  255   50   45   39  255   38   33   27  255   41   36   30  255   44   39   33  255   48   43   37  255   48   43   37  255   48   43   37  255   40   35   29  255   44   39   33  255   42   37   31  255   51   46   40  255   40   35   29  255   46   41   35  255   34   29   23  255   44   39   33  255   37   32   26  255   62   57   51  255   47   42   36  255   45   40   34  255   42   37   31  255   36   31   25  255   40   35   29  255   41   36   30  255   48   43   37  255
   55   51   42  255   29   25   16  255   46   41   35  255   35   30   24  255   46   41   35  255   29   24   18  255   59   54   50  255   57   52   48  255   55   50   46  255   27   22   18  255   43   38   34  255   33   28   24  255   44   39   33  255   41   36   30  255   44   39   33  255   48   43   37  255   36   32   23  255   47   43   34  255   52   47   41  255   39   34   28  255   37   32   26  255   46   41   35  255   46   41   35  255   41   36   30  255   44   39   33  255   48   43   37  255   56   51   45  255   47   42   36  255   42   37   31  255
   40   36   27  255   50   46   37  255   47   42   36  255   46   41   35  255   49   44   38  255   50   45   39  255   33   28   24  255   29   24   20  255   45   40   36  255   42   37   33  255   40   35   31  255   52   47   43  255   41   36   30  255   47   42   36  255   50   45   39  255   49   44   38  255   41   37   28  255   45   41   32  255   52   47   41  255   37   32   26  255   40   35   29  255   45   40   34  255   46   41   35  255   38   33   27  255   45   40   34  255   47   42   36  255   52   47   41  255   43   38   32  255   40   35   29  255
   50   46   37  255   33   29   20  255   47   42   36  255   48   43   37  255   49   44   38  255   40   35   29  255   49   44   40  255   50   45   41  255   29   24   20  255   49   44   40  255   42   37   33  255   54   49   45  255   43   38   32  255   36   31   25  255   52   47   41  255   42   37   31  255   47   43   34  255   40   36   27  255   43   39   30  255   38   34   25  255   42   37   31  255   50   45   39  255   45   40   34  255   40   35   29  255   45   40   34  255   41   36   30  255   44   39   33  255   39   34   28  255   42   37   31  255
