   29   29
   46   39   29  255   48   41   31  255   43   39   30  255   57   54   45  255   44   47   38  255   26   29   20  255   49   49   41  255   35   32   25  255   33   33   25  255   48   45   38  255   48   43   37  255   33   28   22  255   58   55   46  255   46   43   34  255   48   41   33  255   49   42   34  255   52   48   39  255   32   29   20  255   45   45   35  255   35   35   25  255   41   41   29  255   41   41   29  255   30   32   21  255   43   43   33  255   45   41   32  255   61   54   46  255   43   36   30  255   48   41   35  255   54   47   39  255
   40   36   27  255   50   46   37  255   56   51   45  255   42   39   32  255   35   32   27  255   49   46   41  255   32   29   24  255   49   46   41  255   47   44   39  255   44   39   33  255   59   54   48  255   33   28   22  255   44   44   34  255   45   42   33  255   44   37   29  255   48   41   33  255   35   30   24  255   37   34   27  255   60   57   50  255   28   25   18  255   54   51   42  255   48   45   36  255   50   50   40  255   53   50   43  255   44   39   33  255   35   28   22  255   52   47   41  255   48   43   37  255   35   28   22  255
   63   60   55  255   26   25   20  255   45   44   39  255   48   43   39  255   46   32   32  255   55   41   41  255   51   43   41  255   37   32   29  255   48   40   38  255   58   50   47  255   42   37   33  255   46   43   36  255   40   42   31  255   55   55   45  255   31   24   16  255   65   56   51  255   48   40   37  255   43   35   32  255   47   39   36  255   50   45   41  255   44   39   36  255   43   38   34  255   30   25   21  255   48   43   39  255   44   39   35  255   36   31   27  255   58   55   48  255   55   52   45  255   48   43   37  255
   30   26   23  255   50   46   43  255   34   30   27  255   46   38   36  255   66   50   51  255   42   28   28  255   50   41   42  255   36   31   28  255   47   37   36  255   38   26   26  255   51   43   40  255   55   52   47  255   37   38   30  255   44   44   36  255   48   41   35  255   46   37   32  255   62   54   51  255   34   26   23  255   49   41   38  255   52   44   42  255   50   42   40  255   59   51   49  255   46   38   35  255   51   43   40  255   45   40   36  255   48   45   40  255   42   42   34  255   45   45   35  255   58   55   50  255
   50   45   42  255   51   43   41  255   34   24   23  255   54   44   43  255   47   42   39  255   35   32   27  255   44   43   39  255   44   41   36  255   62   51   49  255   49   33   33  255   48   37   35  255   46   38   35  255   49   48   43  255   32   31   26  255   39   31   28  255   46   39   33  255   34   30   21  255   52   48   39  255   30   23   15  255   68   59   54  255   35   25   23  255   48   38   36  255   49   39   37  255   31   23   20  255   61   58   51  255   39   40   32  255   32   34   23  255   38   40   29  255   34   33   28  255
   56   51   48  255   32   27   23  255   43   33   31  255   48   37   35  255   51   40   36  255   10    0    0  255   15    0    0  255   23    0    0  255   21    0    0  255   64   36   35  255   56   35   34  255   47   33   30  255   57   52   48  255   38   37   32  255   45   37   35  255   47   39   36  255   44   41   32  255   44   44   32  255   49   42   34  255   43   34   27  255   55   44   38  255   46   35   31  255   62   51   47  255   52   45   39  255   27   24   17  255   51   51   43  255   35   35   27  255   38   37   32  255   44   43   38  255
   47   48   42  255   38   38   30  255   37   33   24  255   51   38   30  255   23    0    0  255   84   36   36  255  209  140  145  255  113   38   45  255  110   45   51  255   39    0    0  255   25    0    0  255   68   49   45  255   35   28   22  255   38   34   31  255   51   41   42  255   52   43   44  255   34   33   28  255   42   43   35  255   36   31   25  255   49   40   33  255   50   40   30  255   63   53   43  255   51   38   32  255   36   25   21  255   55   48   42  255   29   24   20  255   55   45   46  255   58   48   49  255   38   30   28  255
   30   31   25  255   32   33   25  255   45   45   33  255   60   40   33  255   39    0    0  255  158   71   79  255  174   62   76  255  239  124  137  255  230  130  140  255  118   36   40  255  112   46   48  255   34    0    0  255   23    0    0  255   55   35   34  255   56   40   41  255   40   30   29  255   38   34   31  255   46   45   40  255   44   39   35  255   62   55   47  255   33   29   18  255   48   42   30  255   48   38   29  255   50   39   33  255   46   41   35  255   48   43   39  255   43   31   33  255   35   23   25  255   39   31   29  255
   28   27   23  255   42   42   34  255   38   36   24  255   26    0    0  255  146   50   61  255  189   56   73  255  199   50   69  255  199   51   67  255  186   56   66  255  242  122  131  255  235  124  133  255  132   35   44  255  117   45   49  255   35    0    0  255   20    0    0  255   54   40   37  255   40   30   28  255   39   31   28  255   49   44   40  255   31   30   25  255   56   61   55  255   27   29   24  255   44   40   31  255   44   37   29  255   55   54   49  255   45   42   37  255   34   25   18  255   51   42   35  255   34   33   28  255
   49   45   44  255   59   55   52  255   43   40   31  255   27    0    0  255  140   34   48  255  199   52   71  255  207   45   66  255  208   47   63  255  200   52   64  255  196   55   64  255  193   51   63  255  253  121  134  255  229  122  132  255  121   39   45  255  103   47   46  255   29    0    0  255   25    0    0  255   63   35   32  255   45   30   23  255   52   45   37  255   26   25   20  255   44   45   39  255   59   55   46  255   47   38   29  255   46   37   30  255   49   40   31  255   44   38   26  255   33   31   18  255   45   45   37  255
   44   38   40  255   33   27   27  255   44   39   35  255   25    0    0  255  110   20   30  255  185   56   74  255  201   53   69  255  205   49   63  255  200   48   60  255  205   51   63  255  206   48   62  255  201   49   62  255  191   57   68  255  242  125  133  255  234  131  135  255  126   36   38  255  119   39   38  255   44    0    0  255   27    0    0  255   56   34   23  255  158  139  125  255   57   41   28  255   38   28   19  255   52   38   29  255   66   38   27  255   57   34   20  255   43   41   26  255   36   40   26  255   45   43   31  255
   49   43   47  255   36   30   32  255   59   54   51  255   47   21   20  255   45    0    0  255  131   35   46  255  148   30   42  255  189   55   66  255  196   56   67  255  198   48   60  255  209   47   62  255  208   46   61  255  202   52   64  255  192   52   61  255  185   54   62  255  246  127  131  255  213  113  113  255  116   41   36  255   98   51   41  255   26    0    0  255   22    0    0  255   66   43   25  255   43   27   12  255   70   50   39  255  168  134  124  255   74   46   34  255   44   42   29  255   36   42   30  255   46   43   34  255
   41   41   41  255   45   44   42  255   57   52   49  255   40   25   22  255   20    0    0  255   69   23   23  255   85   14   18  255  130   37   45  255  139   28   37  255  189   59   71  255  202   51   68  255  205   46   64  255  203   48   62  255  203   55   67  255  194   53   61  255  184   59   65  255  228  132  134  255  211  140  136  255  152  103   88  255  145  113   90  255  192  171  144  255   15    0    0  255   58   36   12  255   74   51   33  255   49   22   15  255   71   52   48  255   40   36   27  255   43   44   36  255   29   31   26  255
   30   33   26  255   43   44   38  255   47   42   38  255   40   31   26  255   51   42   35  255   13    0    0  255   27    0    0  255   71   15   18  255   93   16   22  255  134   34   44  255  151   25   39  255  195   53   69  255  201   50   67  255  198   47   62  255  199   55   64  255  242  123  129  255  210  131  136  255  158  107  104  255  200  162  149  255  176  151  131  255  176  161  140  255  131  119   97  255  191  170  149  255   58   37   20  255   44   27   20  255   54   40   37  255   50   43   37  255   45   42   35  255   43   45   40  255
   30   30   18  255   54   52   40  255   36   32   23  255   38   31   25  255   55   45   43  255   39   28   26  255   39   25   24  255   21    0    0  255   27    0    0  255   79   20   26  255   96    8   20  255  142   30   44  255  159   24   41  255  195   53   69  255  196   59   69  255  229  124  129  255  154  108  110  255  167  151  151  255  175  164  162  255  200  192  189  255  193  190  185  255  123  118  112  255   10    0    0  255   44   31   25  255   43   34   27  255   49   42   32  255   40   31   22  255   46   39   31  255   32   32   22  255
   47   45   32  255   44   40   29  255   43   36   28  255   53   46   40  255   47   37   35  255   52   44   42  255   58   54   51  255    4    0    0  255   10    0    0  255   58   28   30  255   76   21   27  255  122   41   50  255  138   26   42  255  182   55   72  255  185   57   70  255  228  131  138  255  146  110  110  255  160  156  155  255  159  158  163  255  188  192  195  255  188  192  193  255  122  120  121  255   12    0    0  255   47   29   29  255   50   43   33  255   49   45   33  255   46   37   28  255   64   57   47  255   43   41   29  255
   52   49   42  255   33   28   22  255   37   29   26  255   53   43   41  255   40   28   28  255   36   26   25  255   43   39   36  255   56   55   50  255   35   30   26  255   10    0    0  255   24    0    0  255   72   20   24  255   93   13   22  255  137   36   50  255  140   25   42  255  179   83   94  255  155  105  104  255  153  135  131  255  193  193  195  255    0    2    4  255   45   54   51  255  123  118  114  255   21    0    0  255  166  132  130  255   55   43   31  255   35   31   19  255   39   32   22  255   48   41   31  255   43   41   28  255
   28   27   22  255   56   53   48  255   49   41   38  255   37   27   25  255   62   52   51  255   47   39   36  255   46   41   37  255   39   38   33  255   44   45   37  255   61   58   51  255   40   27   21  255   20    0    0  255   36    0    0  255   79   14   20  255   94   12   24  255  115   38   46  255  158  108  101  255  176  148  137  255  205  194  188  255  190  190  182  255  162  162  150  255  169  156  140  255   33    0    0  255   77   33   22  255   42   26   13  255   60   58   46  255   47   40   34  255   45   41   32  255   52   53   39  255
   44   45   37  255   32   33   25  255   58   55   48  255   35   30   24  255   46   38   35  255   49   41   38  255   46   41   37  255   44   41   36  255   28   29   21  255   45   46   38  255   37   34   25  255   54   45   36  255   40   23   16  255   20    0    0  255   27    0    0  255   65   26   21  255  149  107   93  255  146  108   89  255  197  166  146  255  180  156  132  255  176  157  127  255   29    0    0  255  215  161  133  255   88   37   16  255   45   27   15  255   41   38   33  255   43   39   36  255   56   52   49  255   46   43   36  255
   42   44   33  255   57   59   48  255   42   39   30  255   40   37   30  255   48   43   37  255   57   52   46  255   29   24   20  255   59   54   50  255   50   47   40  255   34   34   26  255   32   32   24  255   33   33   23  255   46   43   34  255   48   44   35  255   52   45   37  255   13    0    0  255   22    0    0  255  171  136  117  255  142  111   91  255  143  113   87  255  201  171  137  255   66   30    0  255   91   42   10  255  178  136  112  255   54   36   26  255   45   41   40  255   56   56   56  255   42   42   40  255   42   39   32  255
   45   43   31  255   32   30   18  255   45   43   31  255   58   55   46  255   42   39   32  255   46   41   35  255   49   44   40  255   60   52   49  255   31   21   19  255   52   42   40  255   51   41   39  255   37   28   23  255   56   49   43  255   45   40   34  255   34   29   23  255   40   31   26  255   46   31   26  255   14    0    0  255    8    0    0  255   13    0    0  255   57   25    4  255   71   35   11  255   46   20    0  255   56   37   20  255   67   54   48  255   40   36   35  255   38   42   43  255   30   36   34  255   42   38   29  255
   60   53   43  255   43   36   26  255   46   42   31  255   43   40   31  255   50   47   40  255   31   28   21  255   40   35   31  255   42   34   31  255   61   51   49  255   48   37   35  255   45   31   30  255   56   45   43  255   35   25   23  255   48   40   37  255   35   30   26  255   33   29   26  255   49   45   44  255   43   42   40  255   33   34   29  255   52   45   37  255  159  132  121  255   76   48   34  255   55   43   27  255   46   40   28  255   45   35   33  255   51   45   45  255   27   31   30  255   24   29   23  255   46   42   31  255
   42   29   23  255   46   35   29  255   66   59   51  255   47   43   34  255   27   27   19  255   47   47   39  255   30   29   24  255   58   55   50  255   44   39   35  255   62   52   50  255   44   33   31  255   37   26   24  255   51   41   39  255   60   52   49  255   49   41   38  255   42   38   35  255   38   40   39  255   41   43   42  255   38   38   38  255   31   26   23  255   54   43   39  255   42   32   23  255   35   28   18  255   37   32   26  255   49   43   43  255   49   45   44  255   41   41   33  255   45   43   31  255   46   40   28  255
   52   38   35  255   49   38   32  255   48   39   34  255   36   31   25  255   36   36   28  255   44   45   37  255   31   30   25  255   59   58   53  255   31   28   23  255   44   39   35  255   45   37   34  255   62   54   51  255   46   38   35  255   35   30   26  255   47   42   38  255   42   39   34  255   57   57   55  255   26   26   24  255   59   55   54  255   48   44   41  255   36   33   28  255   35   32   25  255   61   58   51  255   46   43   38  255   48   39   40  255   36   28   26  255   36   32   21  255   42   39   24  255   64   58   44  255
   46   38   35  255   54   47   41  255   35   27   24  255   49   44   40  255   47   44   39  255   30   29   24  255   48   45   40  255   30   27   22  255   45   42   37  255   61   58   53  255   42   39   32  255   43   40   33  255   42   42   34  255   32   33   25  255   41   42   34  255   44   44   36  255   47   42   36  255   49   42   36  255   59   52   44  255   30   26   17  255   50   46   35  255   48   46   34  255   41   41   29  255   30   27   20  255   52   38   38  255   67   53   53  255   47   40   30  255   45   41   29  255   46   40   28  255
   44   41   36  255   35   32   27  255   39   34   30  255   42   37   33  255   61   56   52  255   41   36   32  255   49   44   40  255   45   40   36  255   49   44   40  255   34   31   26  255   39   36   29  255   46   46   38  255   43   43   35  255   42   43   35  255   39   40   32  255   47   44   37  255   29   20   15  255   42   33   26  255   43   39   30  255   61   57   46  255   44   40   29  255   35   33   21  255   44   44   34  255   61   58   51  255   35   21   20  255   63   47   47  255   45   38   30  255   50   48   36  255   33   31   19  255
   42   43   38  255   51   50   46  255   46   42   39  255   48   43   40  255   43   35   32  255   50   42   39  255   41   33   30  255   50   42   39  255   50   43   37  255   31   26   20  255   65   60   54  255   30   25   19  255   55   51   42  255   47   43   34  255   59   52   44  255   37   30   24  255   68   59   54  255   45   40   36  255   43   42   37  255   38   39   31  255   48   45   36  255   31   28   19  255   48   45   40  255   41   38   33  255   55   46   41  255   41   32   27  255   50   43   37  255   30   27   20  255   54   56   45  255
   32   33   28  255   43   42   38  255   45   41   38  255   35   30   26  255   50   42   39  255   48   40   37  255   61   53   50  255   47   39   36  255   45   40   34  255   47   42   36  255   57   54   47  255   34   31   24  255   55   51   42  255   45   38   30  255   51   42   35  255   43   34   27  255   60   51   46  255   32   27   21  255   47   46   41  255   30   30   22  255   44   41   34  255   60   57   50  255   43   38   34  255   42   35   29  255   50   43   35  255   37   30   22  255   57   52   46  255   46   43   36  255   55   56   48  255
   29   26   21  255   45   42   37  255   46   41   37  255   59   54   48  255   42   37   31  255   34   29   23  255   48   45   38  255   45   42   35  255   33   33   25  255   47   48   40  255   30   31   23  255   45   45   37  255   42   39   32  255   45   40   34  255   36   29   23  255   54   45   38  255   39   30   21  255   40   32   21  255   57   48   39  255   37   30   22  255   62   57   53  255   29   24   20  255   50   41   34  255   44   34   25  255   62   53   46  255   48   44   33  255   29   29   17  255   44   46   35  255   35   32   27  255
