   29   29
   46   41   35  255   36   31   25  255   42   37   34  255   47   43   40  255   31   34   27  255   40   43   34  255   43   39   28  255   60   54   42  255   47   39   28  255   49   42   32  255   45   41   32  255   54   54   46  255   44   43   38  255   40   41   33  255   44   44   36  255   45   45   37  255   43   42   38  255   45   41   38  255   47   36   34  255   53   42   36  255   40   36   27  255   56   54   42  255   51   46   40  255   33   28   22  255   49   46   37  255   38   34   25  255   40   29   25  255   51   42   35  255   47   43   32  255
   63   59   50  255   30   26   17  255   61   56   52  255   41   36   33  255   46   45   41  255   55   54   49  255   42   39   30  255   38   34   23  255   48   41   31  255   40   33   23  255   47   42   36  255   48   43   37  255   59   56   51  255   41   38   33  255   46   43   36  255   35   32   25  255   46   42   39  255   37   32   29  255   49   38   36  255   50   39   35  255   60   53   45  255   46   43   34  255   36   31   25  255   45   42   35  255   29   26   19  255   52   47   41  255   49   41   38  255   48   41   35  255   60   57   48  255
   46   44   29  255   42   40   27  255   41   34   28  255   50   40   39  255   35   26   27  255   48   43   40  255   43   40   35  255   31   28   21  255   59   55   46  255   36   29   23  255   52   43   38  255   41   31   29  255   50   38   38  255   52   41   39  255   41   32   27  255   41   34   28  255   47   42   38  255   46   38   35  255   66   55   53  255   31   20   16  255   51   44   36  255   50   46   37  255   35   32   27  255   47   43   40  255   53   50   43  255   30   29   24  255   40   39   35  255   57   56   52  255   39   36   31  255
   43   42   24  255   55   53   38  255   55   48   40  255   58   48   46  255   46   36   37  255   49   40   41  255   40   39   34  255   46   46   38  255   46   43   36  255   45   40   34  255   51   44   38  255   39   29   27  255   58   44   44  255   38   26   26  255   53   45   42  255   44   39   33  255   47   42   36  255   51   44   38  255   35   25   23  255   56   47   42  255   34   30   21  255   40   37   30  255   64   60   57  255   35   31   28  255   45   45   37  255   28   29   21  255   43   44   39  255   29   30   25  255   44   43   38  255
   30   27   10  255   61   58   43  255   25   22   13  255   45   42   37  255   46   41   38  255   29   24   21  255   61   61   53  255   40   42   31  255   31   31   21  255   48   48   38  255   33   33   25  255   30   29   24  255   52   47   44  255   37   32   29  255   49   48   43  255   41   42   34  255   36   33   24  255   46   43   34  255   49   46   39  255   43   43   35  255   29   28   23  255   44   43   38  255   47   42   38  255   32   29   24  255   43   43   33  255   47   49   38  255   50   50   40  255   42   42   34  255   42   39   32  255
   53   47   35  255   44   40   29  255   45   42   33  255   46   43   36  255   59   50   45  255   13    0    0  255   22    0    0  255   22    0    0  255   21    0    0  255   15    0    0  255   56   41   34  255   60   46   43  255   37   21   21  255   70   54   54  255   47   33   30  255   51   40   34  255   48   39   32  255   47   43   34  255   52   52   44  255   30   31   25  255   34   37   30  255   44   43   38  255   47   42   38  255   39   32   26  255   45   42   33  255   45   45   33  255   41   41   31  255   46   43   36  255   50   45   39  255
   35   28   22  255   48   41   35  255   44   39   35  255   61   52   47  255   15    0    0  255   87   39   39  255  215  125  134  255  231  131  141  255  122   40   44  255  110   46   46  255   34    0    0  255   28    0    0  255   29    0    0  255   29    0    0  255   36    0    0  255   28    0    0  255   18    0    0  255   41   27   24  255   49   46   41  255   35   38   31  255   33   35   24  255   43   43   33  255   39   32   26  255   39   30   25  255   51   42   35  255   48   41   33  255   44   40   37  255   45   41   38  255   45   34   30  255
   47   37   38  255   66   58   56  255   31   28   23  255   55   37   33  255   36    0    0  255  122   37   42  255  188   60   75  255  192   54   70  255  243  123  133  255  227  126  134  255  121   38   46  255  120   45   52  255  112   39   50  255  118   42   52  255  120   40   49  255  112   41   47  255  100   45   51  255   24    0    0  255   41   30   28  255   35   30   26  255   54   43   37  255   52   39   31  255   56   42   39  255   63   52   48  255   48   38   29  255   35   28   20  255   59   58   56  255   38   37   35  255   49   40   35  255
   55   43   47  255   35   26   27  255   59   58   53  255   20    0    0  255  123   36   44  255  188   60   75  255  196   48   64  255  202   50   65  255  194   52   66  255  188   57   71  255  244  123  140  255  238  123  140  255  236  124  140  255  235  125  138  255  237  123  133  255  232  127  134  255  225  132  142  255  110   43   50  255   23    0    0  255   50   30   32  255  142  103  108  255   82   43   48  255   57   35   38  255   38   27   25  255   46   43   28  255   43   44   28  255   31   32   27  255   45   45   43  255   33   32   27  255
   35   26   29  255   45   39   39  255   29   29   21  255   24    0    0  255  132   35   46  255  190   52   68  255  202   50   65  255  204   49   63  255  198   53   68  255  191   53   68  255  185   50   67  255  189   56   75  255  188   55   72  255  191   56   70  255  195   55   64  255  190   57   62  255  236  119  125  255  126   37   41  255   32    0    0  255   85   50   54  255   72   22   25  255   69   23   26  255   62   37   41  255   41   27   24  255   60   43   25  255   40   25    6  255   49   44   40  255   54   53   51  255   41   41   33  255
   43   42   38  255   44   43   38  255   48   45   36  255   21    0    0  255  107   26   32  255  177   59   71  255  197   55   71  255  255  113  129  255  249  119  129  255  245  124  133  255  248  126  139  255  180   54   66  255  191   55   67  255  199   53   63  255  207   51   55  255  216   66   65  255  185   61   53  255  231  134  125  255  107   43   43  255   35    0    0  255  177  130  122  255   68   34   25  255   52   38   37  255   56   37   33  255   72   23    6  255  150  101   84  255   59   35   35  255   36   27   28  255   52   45   37  255
   38   39   31  255   42   42   34  255   46   42   33  255   58   35   29  255   43    0    0  255  130   39   46  255  178   53   67  255  193   57   71  255  182   55   66  255  247  121  132  255  248  117  131  255  255  119  133  255  255  121  132  255  202   47   55  255  209   42   49  255  210   50   50  255  240  103   93  255  236  128  116  255  119   41   37  255   38    0    0  255   29    0    0  255   48   21    4  255   66   52   41  255   55   33   22  255  178  129  112  255   75   26   11  255   58   34   32  255   41   33   31  255   39   32   24  255
   45   42   33  255   56   53   44  255   44   41   32  255   51   38   32  255   22    0    0  255   79   19   21  255  134   37   46  255  182   57   71  255  195   54   70  255  201   50   67  255  204   45   65  255  208   45   64  255  205   38   55  255  216   50   62  255  213   48   55  255  208   47   52  255  203   50   53  255  185   60   58  255  215  131  121  255  162  109   95  255  201  168  151  255   18    0    0  255   70   48   24  255   60   40   15  255   60   41   24  255   51   37   24  255   41   34   24  255   47   44   39  255   32   28   25  255
   47   45   33  255   31   28   19  255   48   43   37  255   38   29   24  255   57   39   37  255   29    0    0  255   90   13   19  255  142   30   42  255  195   50   67  255  208   45   64  255  219   50   69  255  213   42   61  255  216   45   63  255  211   43   58  255  209   45   56  255  208   48   58  255  208   54   66  255  182   57   61  255  223  150  141  255  187  147  135  255  174  152  141  255  133  117  102  255  186  168  144  255   57   43   17  255   34   29   10  255   43   44   30  255   45   41   30  255   49   44   38  255   41   37   36  255
   42   42   30  255   32   29   20  255   63   53   51  255   43   31   31  255   55   41   41  255   21    0    0  255   86   20   24  255  137   33   42  255  197   55   67  255  203   42   57  255  210   48   61  255  205   44   59  255  208   47   63  255  213   52   70  255  206   45   63  255  207   52   70  255  193   48   63  255  237  130  136  255  191  147  144  255  201  190  184  255  200  191  192  255  120  115  112  255    8    4    0  255   34   31   14  255   41   35   19  255   46   38   25  255   54   39   32  255   52   38   35  255   48   39   40  255
   42   42   32  255   43   40   33  255   49   39   38  255   50   38   38  255   52   44   42  255   16    0    0  255   74   24   25  255  122   37   42  255  187   60   71  255  199   51   65  255  201   51   63  255  201   51   63  255  204   53   68  255  198   45   63  255  205   49   70  255  199   50   69  255  191   57   68  255  219  127  132  255  183  153  155  255  191  192  194  255  190  191  195  255  122  120  123  255    6    0    0  255   52   42   30  255   64   51   35  255   58   40   26  255   42   23   17  255   67   51   51  255   47   37   36  255
   61   56   50  255   48   40   37  255   39   29   27  255   50   42   39  255   35   34   29  255   40   31   26  255   20    0    0  255   80   21   25  255  131   30   44  255  183   58   76  255  192   55   73  255  192   51   68  255  193   55   71  255  198   55   73  255  197   48   67  255  211   69   83  255  183   60   63  255  199  115  115  255  181  150  156  255    1    0    5  255   49   50   54  255  127  122  119  255   20    0    0  255  168  134  122  255   63   32   14  255  134  108   93  255   40   25   18  255   46   36   34  255   53   44   39  255
   34   29   25  255   46   41   37  255   42   32   30  255   34   29   25  255   45   46   38  255   44   44   36  255   38   25   19  255   24    0    0  255   84   19   27  255   99   11   25  255  132   30   44  255  140   32   45  255  135   27   40  255  141   31   42  255  141   23   35  255  145   32   38  255  229  132  126  255  240  169  163  255  218  186  187  255  200  190  189  255  161  158  149  255  170  156  143  255   34    0    0  255   77   26    9  255   68   31   15  255   60   36   24  255   49   40   33  255   56   53   48  255   36   27   22  255
   45   45   37  255   33   30   23  255   52   45   39  255   55   48   42  255   36   36   28  255   61   61   53  255   35   35   25  255   49   39   30  255   20    0    0  255   28    0    0  255   72   22   23  255   75   21   19  255   79   23   22  255   78   20   18  255   82   21   18  255   81   21   13  255  162  103   89  255  151  102   85  255  196  168  147  255  171  153  129  255  175  160  131  255   22    0    0  255  215  159  124  255   83   26    0  255   64   34   23  255   49   38   32  255   29   28   23  255   47   48   43  255   44   39   35  255
   43   44   36  255   48   48   40  255   40   33   27  255   46   37   32  255   59   54   48  255   38   38   30  255   39   42   33  255   41   41   31  255   63   54   47  255   36   21   14  255   18    0    0  255   17    0    0  255   18    0    0  255   20    0    0  255   24    0    0  255   27    0    0  255   25    0    0  255  167  138  120  255  134  114   90  255  139  122   94  255  189  169  136  255   67   34    0  255   78   30    0  255  180  130  103  255   48   15    8  255   68   50   50  255   51   47   44  255   31   32   26  255   31   26   20  255
   27   30   19  255   46   46   36  255   38   29   22  255   53   42   36  255   37   30   24  255   45   42   35  255   52   52   44  255   46   43   36  255   48   34   31  255   56   41   38  255   64   51   45  255   35   24   18  255   54   44   35  255   59   40   34  255   81   45   45  255   54   18   18  255   64   43   38  255    8    0    0  255    7    0    0  255    8    0    0  255   59   34   14  255   78   50   28  255   58   36   13  255   59   31   17  255   77   31   33  255   84   41   48  255   38   20   20  255   48   44   35  255   51   45   31  255
   33   36   25  255   44   44   34  255   51   40   34  255   61   48   42  255   46   39   33  255   49   44   38  255   42   41   36  255   45   42   37  255   41   30   28  255   45   31   30  255   42   33   28  255   62   55   49  255   45   40   34  255   42   29   23  255   68   38   38  255  132  102  104  255   50   38   38  255   44   43   39  255   53   52   50  255   53   42   38  255  164  134  126  255   60   30   19  255   55   42   33  255   45   30   25  255   56   15   21  255  144  101  108  255   70   50   49  255   49   42   32  255   38   31   13  255
   41   38   29  255   36   32   23  255   53   42   38  255   44   33   29  255   37   28   23  255   34   29   23  255   45   44   39  255   48   47   42  255   42   37   33  255   59   54   50  255   47   42   38  255   57   52   48  255   47   42   38  255   47   38   33  255   47   29   27  255   67   52   49  255   36   28   26  255   49   45   44  255   31   25   25  255   59   41   41  255   81   39   40  255   70   30   30  255   48   30   26  255   48   40   37  255   41   27   27  255   61   45   45  255   48   39   34  255   61   54   44  255   47   40   24  255
   58   54   45  255   51   47   38  255   38   29   24  255   37   28   23  255   65   58   52  255   44   41   34  255   45   44   39  255   28   29   23  255   35   34   29  255   45   42   37  255   35   30   26  255   50   42   39  255   45   37   34  255   45   38   32  255   63   54   49  255   45   36   31  255   35   30   26  255   50   45   41  255   48   43   39  255   47   32   29  255  139  103  103  255   61   27   26  255   40   27   21  255   50   47   42  255   33   29   28  255   64   59   56  255   31   24   18  255   48   41   31  255   47   39   28  255
   59   56   49  255   24   21   14  255   50   45   39  255   51   46   40  255   42   39   34  255   27   26   21  255   45   46   38  255   51   52   44  255   42   39   32  255   41   36   30  255   40   31   26  255   50   41   36  255   49   40   35  255   49   40   33  255   55   46   39  255   48   41   33  255   48   41   33  255   46   39   29  255   44   40   28  255   54   48   34  255   38   25   16  255   53   43   33  255   45   46   30  255   30   32   19  255   54   45   46  255   37   25   27  255   47   38   33  255   63   54   47  255   46   37   32  255
   41   36   30  255   62   57   51  255   45   40   34  255   31   28   21  255   47   46   41  255   58   59   53  255   26   27   19  255   58   59   51  255   43   38   32  255   50   43   37  255   40   33   27  255   52   45   37  255   55   51   42  255   44   40   31  255   49   42   34  255   38   31   23  255   52   45   37  255   58   51   41  255   45   41   29  255   30   28   15  255   38   34   23  255   42   40   28  255   54   57   40  255   38   40   27  255   45   37   35  255   48   38   37  255   51   42   37  255   41   32   25  255   46   37   32  255
   48   40   37  255   48   40   37  255   48   40   37  255   33   28   24  255   44   43   38  255   37   38   32  255   46   47   39  255   37   37   29  255   50   43   35  255   43   39   30  255   40   40   30  255   42   45   34  255   39   45   33  255   32   36   22  255   45   43   31  255   33   29   20  255   45   42   35  255   47   44   39  255   41   36   33  255   63   58   55  255   50   40   38  255   52   42   40  255   42   37   33  255   47   46   41  255   43   43   35  255   42   42   32  255   44   40   31  255   35   28   20  255   62   53   44  255
   49   41   38  255   35   27   24  255   49   39   37  255   62   54   51  255   45   40   36  255   35   32   27  255   51   48   41  255   31   26   20  255   55   51   42  255   45   42   33  255   55   55   45  255   41   44   33  255   38   44   32  255   36   40   26  255   46   46   36  255   51   48   39  255   36   33   28  255   46   42   39  255   32   28   27  255   44   38   38  255   49   38   36  255   36   22   21  255   52   42   41  255   40   35   32  255   54   56   45  255   42   44   31  255   42   42   32  255   46   43   34  255   61   57   46  255
   56   48   45  255   34   26   23  255   65   57   54  255   35   25   23  255   50   39   35  255   44   33   29  255   58   49   44  255   52   45   39  255   35   32   25  255   42   42   34  255   52   49   42  255   33   28   22  255   50   43   37  255   39   32   24  255   33   30   23  255   50   50   42  255   33   28   24  255   60   57   52  255   29   30   22  255   40   40   30  255   51   38   30  255   70   55   48  255   46   35   31  255   37   30   24  255   45   42   35  255   40   41   33  255   35   38   31  255   41   44   37  255   31   31   23  255
