   29   29
   40   47   39  255   35   38   29  255   32   25   19  255   50   41   34  255   58   51   45  255   47   44   37  255   50   47   38  255   28   30   19  255   35   43   30  255   38   44   40  255   56   54   67  255   23   23   51  255   15   27   69  255    9   26   72  255   10   27   70  255   12   27   68  255   11   22   67  255   22   26   61  255   40   38   49  255   45   41   38  255   34   33   29  255   47   46   41  255   49   40   35  255   41   30   26  255   48   39   32  255   47   38   31  255   65   56   51  255   44   37   31  255   47   44   35  255
   41   42   37  255   43   42   37  255   38   29   22  255   66   55   49  255   47   39   36  255   35   32   27  255   40   37   32  255   45   47   44  255   45   56   60  255   14   27   43  255   13   24   56  255   57   70  115  255   52   71  127  255   48   70  128  255   49   70  123  255   48   69  122  255   50   72  129  255   51   71  121  255   12   22   57  255   22   29   48  255   38   43   49  255   41   43   40  255   39   34   30  255   51   42   37  255   59   52   44  255   49   42   32  255   35   28   22  255   47   40   34  255   36   33   26  255
   48   38   39  255   51   41   39  255   38   25   19  255   46   35   29  255   67   58   59  255   34   29   33  255   46   42   41  255   24   28   39  255   10   28   64  255   44   73  129  255   38   74  148  255   86  124  207  255   91  126  210  255  143  176  255  255   43   72  148  255   40   73  150  255   82  129  209  255   82  129  209  255   31   70  149  255   47   77  137  255    8   28   53  255   33   42   47  255   45   44   42  255   30   25   19  255   41   42   28  255   44   45   31  255   33   29   20  255   65   60   56  255   29   28   26  255
   60   48   50  255   49   37   37  255   70   56   53  255   48   37   33  255   35   26   29  255   44   41   48  255   47   49   64  255   16   29   61  255   42   71  129  255   86  130  205  255   74  129  212  255  137  192  255  255   79  128  220  255   31   74  166  255   30   74  161  255   22   72  157  255   72  132  218  255  128  192  255  255   77  132  222  255   81  127  204  255   39   73  119  255    8   28   53  255   54   56   68  255   45   41   38  255   40   42   29  255   45   47   33  255   45   42   33  255   41   38   33  255   43   42   40  255
   46   41   38  255   44   39   36  255   50   40   39  255   46   34   34  255   51   41   40  255   47   45   58  255   12   26   63  255   42   71  127  255   83  131  197  255  133  192  255  255  129  194  255  255  131  196  255  255  130  189  255  255   73  131  213  255   73  135  220  255   66  133  214  255  129  196  255  255  130  198  255  255  127  190  255  255  133  190  255  255   86  134  208  255   42   74  135  255   15   24   55  255   40   39   47  255   32   32   24  255   54   54   42  255   36   37   31  255   36   37   32  255   56   53   46  255
   59   56   51  255   33   30   25  255   41   36   33  255   52   44   41  255   41   34   28  255   18   20   35  255   48   70  127  255   86  128  202  255  136  193  255  255  130  196  255  255  130  199  254  255  125  194  249  255  127  192  255  255  129  195  255  255  120  189  255  255  128  197  255  255  124  192  255  255  132  196  255  255  131  193  250  255  135  194  255  255  135  191  255  255   82  123  203  255   60   74  121  255   24   22   43  255   51   47   46  255   29   27   15  255   49   50   42  255   36   37   31  255   29   24   20  255
   47   43   32  255   41   39   27  255   47   44   35  255   37   34   27  255   33   30   21  255   22   31   48  255   41   75  139  255   82  133  216  255  129  188  255  255  132  197  255  255  131  193  250  255  131  196  252  255  129  195  255  255  127  193  254  255  134  194  255  255  133  193  255  255  132  195  255  255  131  190  255  255  136  190  252  255  138  193  255  255  125  187  255  255   82  130  212  255   48   67  126  255   26   25   59  255   36   26   34  255   51   42   33  255   34   32   20  255   44   44   34  255   54   45   46  255
   34   35   21  255   30   30   18  255   38   35   28  255   46   43   36  255   46   46   38  255   14   27   44  255   35   73  144  255   75  129  217  255  134  193  255  255  130  192  251  255  131  193  250  255  132  194  251  255  133  195  252  255  131  193  252  255  134  194  255  255  132  191  255  255  131  192  255  255  134  193  255  255  137  191  253  255  134  189  255  255  129  192  255  255   80  133  213  255   44   68  132  255   20   24   62  255   46   39   46  255   50   42   31  255   49   46   31  255   34   30   19  255   48   39   40  255
   41   49   38  255   48   51   44  255   32   26   26  255   52   43   44  255   46   45   40  255   14   27   46  255   35   71  145  255   79  130  222  255  132  190  255  255  132  193  255  255  134  196  253  255  129  192  246  255  135  196  253  255  131  191  251  255  133  195  255  255  130  192  253  255  130  194  255  255  129  191  252  255  139  195  255  255  135  192  255  255  127  188  255  255   80  133  209  255   44   75  132  255   11   26   59  255   51   55   56  255   35   33   18  255   47   44   29  255   37   33   21  255   47   43   34  255
   39   42   33  255   29   30   24  255   54   45   46  255   35   26   29  255   46   42   39  255   17   30   49  255   40   73  150  255   77  126  221  255  134  191  255  255  131  192  255  255  130  190  252  255  143  199  255  255  139  191  251  255  137  189  247  255  143  199  255  255  130  189  245  255  136  193  248  255  135  192  247  255  133  192  252  255  131  192  255  255  133  199  255  255   73  129  203  255   40   71  126  255   16   31   64  255   40   45   48  255   36   34   22  255   46   42   33  255   52   45   37  255   57   53   44  255
   63   53   44  255   51   42   35  255   32   24   21  255   43   38   35  255   61   57   54  255   16   27   49  255   40   69  147  255   82  126  221  255  136  194  255  255  130  189  255  255  138  186  255  255   85  127  199  255   88  129  193  255   86  128  186  255   82  129  183  255   88  135  187  255   88  130  178  255   90  138  187  255  131  191  251  255  127  196  255  255  118  192  255  255   73  133  203  255   45   71  128  255   18   23   61  255   45   42   53  255   42   32   31  255   42   31   35  255   48   37   41  255   43   35   32  255
   49   34   27  255   50   40   31  255   62   55   49  255   44   39   35  255   31   27   24  255   17   24   50  255   42   71  151  255   84  130  224  255  130  189  255  255  138  193  250  255  100  132  191  255    3   24   79  255    7   25   71  255   12   31   71  255    3   27   63  255    8   31   63  255   11   28   58  255    3   29   64  255   85  132  186  255  128  193  255  255  128  202  255  255   73  133  203  255   48   72  132  255   19   18   58  255   30   20   31  255   69   58   56  255   49   40   45  255   36   27   32  255   37   29   26  255
   60   51   44  255   43   36   28  255   37   32   28  255   28   23   20  255   32   27   23  255   21   29   52  255   34   67  148  255   75  128  220  255  132  193  255  255  145  194  234  255   10   22   44  255   37   29   40  255   37   25   29  255   39   25   25  255   37   27   26  255   36   22   21  255   47   25   27  255   33   22   38  255   10   32   73  255  142  188  247  255  125  192  255  255   76  135  205  255   48   69  132  255   27   27   65  255   33   24   25  255   30   20    8  255   29   25   22  255   51   50   48  255   48   48   40  255
   40   30   20  255   37   24   15  255   34   17    9  255  160  143  135  255  154  137  127  255   25   23   37  255   49   77  142  255   80  127  209  255  135  192  255  255  143  187  232  255   22   30   53  255   34   24   32  255   39   27   27  255   41   27   26  255   43   29   29  255   44   28   29  255   43   21   24  255   37   26   43  255    8   27   70  255   86  127  189  255  136  194  255  255   79  128  195  255   54   70  121  255   27   19   43  255  157  139  129  255  162  142  118  255   35   19    4  255   31   23   12  255   36   33   24  255
   44   20    8  255  162  134  120  255  175  137  116  255  232  192  167  255  192  156  132  255   36   17   11  255   16   25   58  255   42   72  134  255   84  130  208  255   86  129  207  255    3   25   83  255   12   29   72  255    7   27   60  255   10   30   63  255   11   26   67  255   11   24   66  255   14   28   65  255    3   26   70  255    0   32   97  255   85  131  208  255   83  130  210  255   37   71  134  255   21   25   52  255   43   23   22  255  187  149  128  255  236  191  158  255  181  140  108  255  168  138  114  255   33   22   16  255
   49   21    9  255  182  150  135  255  192  150  126  255  237  191  165  255  232  193  164  255  163  139  127  255   21   23   44  255   51   69  117  255   42   69  136  255   43   71  145  255   98  123  190  255   98  124  181  255   98  130  177  255   97  129  176  255   97  124  179  255  102  127  184  255   98  126  176  255   98  130  181  255   93  129  189  255   33   71  136  255   38   71  138  255   54   74  124  255   21   20   36  255  161  141  132  255  235  195  170  255  242  193  161  255  196  150  116  255  183  149  124  255   35   24   18  255
   44   21   13  255  158  134  122  255  169  140  124  255  185  154  134  255  180  152  128  255  154  140  131  255   23   27   54  255   15   24   65  255   22   23   54  255   19   22   55  255   60   74  123  255   50   70  121  255   53   74  117  255   49   68  110  255   53   71  119  255   54   70  121  255   52   68  117  255   59   74  117  255   55   69   98  255   19   30   58  255   14   29   62  255   15   26   54  255   19   22   37  255  152  144  142  255  178  155  137  255  183  153  129  255  169  138  117  255  162  141  124  255   31   24   18  255
   56   39   32  255   42   25   17  255   39   22   12  255   39   23   10  255   41   25    9  255   33   25   23  255   57   63   95  255   64   72  109  255   29   22   38  255   65   57   72  255   19   20   50  255   15   21   53  255   21   28   54  255   21   27   53  255   19   24   56  255   20   24   59  255   21   23   61  255   20   21   51  255   27   26   40  255   52   55   64  255   19   24   43  255   66   73   92  255   68   71   88  255   25   22   29  255   38   25   16  255   39   22    4  255   39   21    7  255   38   26   14  255   33   28   22  255
   58   43   40  255   40   31   26  255   42   43   35  255   44   47   40  255   44   39   35  255   30   27   36  255   62   71  102  255   54   67  102  255   23   27   52  255   23   19   34  255   66   55   63  255   68   56   58  255   63   53   52  255   63   53   52  255   63   52   58  255   66   53   63  255   66   54   66  255   62   54   67  255   57   57   67  255   23   27   39  255   18   25   43  255   62   67   89  255   71   68   95  255   30   22   43  255   45   33   35  255   68   55   46  255   47   37   27  255   37   31   19  255   40   35   29  255
   37   27   25  255   39   34   30  255   45   50   44  255   28   35   28  255   28   26   27  255   26   25   33  255   17   24   42  255   20   31   53  255   18   24   48  255   68   69   89  255   32   24   37  255   29   19   27  255   26   23   30  255   29   26   37  255   34   25   42  255   27   18   39  255   25   20   42  255   24   22   44  255   22   24   45  255   65   70   89  255   23   27   39  255   23   25   38  255   23   21   42  255   31   27   44  255   36   26   34  255   44   34   32  255   44   40   31  255   59   57   45  255   44   39   33  255
   48   45   38  255   50   47   40  255   32   32   24  255   55   52   45  255   30   24   24  255   29   25   22  255   30   32   19  255   20   25   18  255   24   26   39  255   63   68   97  255   56   65  106  255   58   74  123  255   47   70  122  255   46   68  126  255   54   68  133  255   52   66  131  255   52   73  136  255   45   66  123  255   64   74  123  255   61   64   95  255   27   25   28  255   32   29   22  255   24   28   27  255   23   27   30  255   28   21   28  255   48   39   42  255   36   33   26  255   42   42   32  255   45   40   36  255
   38   40   29  255   56   57   49  255   30   25   19  255   36   30   30  255   29   26   35  255   29   28   34  255   25   28   21  255  125  126  108  255   36   29    1  255   30   26   15  255   16   27   57  255   45   65  118  255   68   93  150  255   44   70  131  255   51   70  136  255   50   69  135  255   59   88  148  255   53   75  125  255   16   19   50  255   32   25   32  255   36   29    3  255  122  121   93  255   21   31   33  255   18   27   42  255   28   25   34  255   33   27   29  255   29   26   21  255   60   57   50  255   44   39   35  255
   56   60   46  255   38   41   32  255   33   29   30  255   25   23   36  255   21   26   55  255   57   68  100  255   56   67   97  255   31   29   16  255  206  182   84  255  211  186   85  255   33   27    5  255   25   28   47  255   24   25   46  255   20   25   47  255   16   24   45  255   17   28   48  255   20   28   47  255   28   28   30  255   44   27    0  255  201  179  122  255  203  189  114  255   31   30    0  255   57   72  101  255   52   70  120  255   24   26   41  255   31   26   23  255   32   24   21  255   41   36   30  255   44   41   34  255
   27   29   18  255   42   43   37  255   26   21   27  255   27   28   46  255   11   25   60  255   51   73  122  255   50   72  132  255   20   29   46  255  204  189  108  255  201  181   86  255   35   29    5  255   27   26   34  255   31   25   29  255   29   25   26  255   27   28   30  255   24   28   31  255   26   27   29  255   32   25   15  255   40   24    0  255  198  182  130  255  186  184  125  255   20   34   11  255   44   75  130  255   41   69  142  255   16   25   54  255   25   24   29  255   33   29   28  255   45   40   37  255   59   54   50  255
   45   39   39  255   29   23   25  255   32   23   28  255   23   25   40  255    8   31   65  255   95  130  186  255   89  126  207  255   39   72  143  255    8   30   53  255   16   31   38  255   18   29   49  255   18   25   44  255   26   29   34  255   26   28   27  255   26   26   34  255   25   27   39  255   22   26   38  255   22   28   42  255   19   27   38  255   14   27   43  255    5   31   54  255   39   77  122  255   82  133  214  255   81  128  208  255   49   71  118  255   20   28   49  255   24   27   34  255   26   24   25  255   49   39   40  255
   47   41   43  255   32   26   28  255   34   28   28  255   22   25   32  255   11   31   55  255   39   71  118  255   89  126  204  255   88  126  211  255   92  125  194  255  101  128  181  255   56   70  109  255   62   70   93  255   23   28   32  255   26   30   29  255   22   23   28  255   25   28   37  255   24   28   40  255   59   70   90  255   57   73  107  255  105  129  177  255  100  130  194  255   87  125  198  255   79  127  203  255   30   73  141  255   52   73  118  255   19   30   52  255   22   29   35  255   26   26   26  255   46   35   39  255
   43   39   36  255   33   32   27  255   24   24   14  255   25   28   21  255   21   31   33  255   16   32   55  255   46   68  117  255   48   72  132  255   53   74  129  255   51   68  111  255   16   23   51  255   25   27   40  255   26   25   30  255   26   26   26  255   33   33   33  255   23   23   23  255   22   23   25  255   28   32   43  255   12   23   51  255   53   68  111  255   52   64  122  255   56   71  128  255   50   71  116  255   12   33   64  255   18   26   47  255   16   20   29  255   21   30   25  255   25   30   23  255   61   55   55  255
   42   39   34  255   39   36   29  255   27   29   18  255   28   31   22  255   22   27   23  255   22   29   37  255   17   27   54  255    9   22   57  255   11   24   58  255   19   31   57  255   24   27   42  255   28   29   34  255   28   26   29  255   25   24   22  255   29   28   26  255   31   30   26  255   28   29   24  255   26   30   33  255   21   30   47  255   18   27   58  255   19   22   63  255   22   24   62  255   16   23   42  255   22   31   38  255   24   27   32  255   31   33   30  255   23   31   20  255   22   28   18  255   45   41   38  255
   52   42   40  255   37   29   26  255   35   31   28  255   26   26   26  255   26   27   29  255   22   25   30  255   25   27   39  255   26   28   40  255   20   28   31  255   20   28   30  255   22   27   30  255   26   27   29  255   25   27   24  255   31   30   28  255   25   21   20  255   27   23   22  255   31   31   29  255   18   22   21  255   21   29   31  255   21   28   36  255   24   26   39  255   25   27   39  255   28   33   36  255   19   25   23  255   23   28   22  255   21   24   15  255   24   28   14  255   45   47   34  255   38   35   30  255
