   25   25
  173  171  130  255  164  162  121  255  171  166  124  255  171  166  124  255  174  167  125  255  171  164  122  255  173  166  122  255  173  166  122  255  171  167  122  255  171  167  122  255  171  167  122  255  171  167  122  255  172  168  123  255  172  168  123  255  173  166  122  255  172  165  121  255  175  167  121  255  173  165  119  255  173  166  122  255  172  165  121  255  174  167  125  255  173  166  124  255  171  162  119  255  176  167  124  255  174  161  117  255
  167  164  123  255  156  153  110  255  158  153  111  255  159  152  110  255  159  152  110  255  157  150  106  255  160  151  108  255  158  151  107  255  158  151  107  255  156  152  105  255  156  152  107  255  156  152  107  255  157  153  108  255  159  152  108  255  158  151  107  255  158  150  104  255  160  152  106  255  160  152  106  255  161  152  109  255  159  152  108  255  160  153  109  255  159  152  108  255  159  150  107  255  165  157  111  255  103   90   46  255
  170  165  123  255  156  152  107  255  156  152  107  255  158  151  107  255  160  151  108  255  159  151  105  255  162  151  106  255  158  150  104  255  160  152  106  255  159  153  105  255  159  152  106  255  159  152  106  255  159  152  106  255  160  152  106  255  160  152  106  255  161  150  105  255  160  149  104  255  158  150  103  255  160  152  106  255  159  151  105  255  158  151  105  255  158  151  105  255  159  151  105  255  166  158  112  255  106   93   48  255
  170  166  121  255  158  151  107  255  159  152  108  255  161  153  107  255  166  155  110  255  165  154  109  255  165  154  109  255  163  152  106  255  164  153  107  255  161  153  106  255  161  153  106  255  161  153  106  255  161  153  106  255  161  153  106  255  162  151  106  255  162  151  105  255  163  152  106  255  162  151  105  255  162  154  107  255  161  153  107  255  160  153  107  255  160  153  107  255  161  153  107  255  170  159  113  255  108   96   48  255
  172  165  119  255  158  151  105  255  159  151  105  255  161  150  104  255  163  152  106  255  162  149  104  255  163  150  105  255  161  151  102  255  162  152  103  255  162  152  103  255  162  152  103  255  162  152  103  255  161  151  102  255  161  151  102  255  162  149  104  255  162  150  102  255  162  152  103  255  161  151  102  255  160  152  103  255  159  151  104  255  160  152  105  255  160  152  105  255  162  151  105  255  168  158  109  255  111   99   51  255
  174  167  121  255  159  152  106  255  161  150  104  255  161  150  104  255  164  151  106  255  162  149  104  255  164  152  104  255  164  152  104  255  164  154  105  255  164  154  105  255  164  154  105  255  164  154  105  255  163  153  104  255  163  153  104  255  164  152  104  255  165  153  105  255  164  154  105  255  162  152  103  255  163  153  104  255  160  152  103  255  161  153  106  255  161  153  106  255  163  153  104  255  169  159  110  255  108   94   45  255
  173  166  120  255  158  151  105  255  161  150  104  255  161  150  104  255  164  151  106  255  163  150  105  255  164  152  104  255  165  153  105  255  162  152  103  255  162  152  103  255  162  152  103  255  161  151  102  255  161  151  102  255  161  151  102  255  163  151  103  255  163  151  103  255  164  152  102  255  162  152  101  255  164  154  105  255  163  153  104  255  163  152  106  255  163  152  106  255  163  153  104  255  170  160  111  255  110   96   47  255
  173  166  120  255  158  151  105  255  159  151  105  255  163  152  106  255  166  153  108  255  164  151  106  255  163  150  105  255  162  152  103  255  163  153  104  255  163  153  104  255  164  154  105  255  163  153  104  255  163  153  104  255  163  153  104  255  165  153  105  255  166  154  106  255  163  151  103  255  163  151  101  255  165  155  106  255  163  153  104  255  163  152  106  255  162  151  105  255  163  152  106  255  171  159  111  255  108   94   45  255
  172  168  123  255  157  150  104  255  160  152  106  255  162  154  108  255  162  151  106  255  164  153  107  255  162  151  105  255  163  152  106  255  163  152  106  255  161  153  106  255  162  154  107  255  161  153  106  255  161  153  106  255  160  152  105  255  163  152  106  255  163  153  104  255  165  153  105  255  164  152  104  255  163  152  106  255  162  151  105  255  163  152  107  255  162  151  105  255  163  150  105  255  171  159  111  255  108   94   45  255
  172  168  123  255  155  151  106  255  159  152  106  255  162  154  108  255  162  151  106  255  164  153  108  255  162  151  105  255  163  152  106  255  161  153  106  255  161  153  106  255  161  153  106  255  161  153  106  255  161  153  106  255  160  152  105  255  163  152  106  255  163  152  106  255  164  151  106  255  163  151  103  255  163  152  106  255  162  151  105  255  163  152  107  255  162  151  106  255  163  150  105  255  171  158  113  255  108   94   47  255
  172  168  123  255  155  151  106  255  159  152  108  255  162  153  110  255  162  151  106  255  164  153  108  255  162  151  106  255  163  152  107  255  161  153  106  255  161  153  106  255  160  154  106  255  160  154  106  255  161  153  107  255  160  152  106  255  163  152  107  255  163  152  106  255  163  150  105  255  162  149  104  255  163  152  107  255  162  151  106  255  163  152  107  255  162  151  106  255  163  150  105  255  171  158  113  255  108   94   47  255
  172  168  123  255  155  151  106  255  159  152  108  255  162  153  110  255  162  151  106  255  164  153  108  255  162  151  106  255  163  152  107  255  161  153  106  255  161  153  106  255  160  154  106  255  160  154  106  255  161  153  107  255  160  152  106  255  163  152  107  255  163  152  106  255  163  150  105  255  162  149  104  255  163  152  107  255  163  152  107  255  163  152  107  255  163  152  107  255  163  150  105  255  170  157  112  255  108   94   47  255
  172  168  123  255  155  151  106  255  159  152  106  255  162  154  108  255  162  151  106  255  164  153  108  255  162  151  105  255  163  152  106  255  161  153  106  255  161  153  106  255  161  153  106  255  161  153  106  255  162  151  105  255  162  151  105  255  164  151  106  255  164  151  106  255  164  151  106  255  163  151  103  255  164  153  107  255  163  152  106  255  164  153  108  255  163  152  107  255  163  150  105  255  170  157  112  255  108   94   47  255
  172  168  123  255  157  150  104  255  160  152  106  255  162  154  108  255  162  151  106  255  164  153  107  255  162  151  105  255  163  152  106  255  162  151  105  255  161  153  106  255  161  153  106  255  161  153  106  255  162  151  105  255  162  151  105  255  164  151  106  255  164  152  104  255  165  153  105  255  164  152  104  255  164  153  107  255  163  152  106  255  163  152  107  255  163  152  106  255  163  150  105  255  170  158  110  255  108   94   45  255
  174  167  121  255  157  150  104  255  160  152  106  255  164  153  107  255  163  150  105  255  165  152  107  255  163  150  105  255  163  153  104  255  162  152  103  255  163  153  104  255  163  153  104  255  163  153  104  255  163  151  103  255  163  151  103  255  164  152  104  255  164  152  104  255  165  153  105  255  163  151  101  255  163  153  104  255  162  152  103  255  161  153  106  255  160  152  105  255  162  151  105  255  171  159  111  255  108   94   45  255
  174  167  121  255  158  150  104  255  162  151  105  255  164  153  107  255  163  150  105  255  165  152  107  255  163  151  103  255  164  152  104  255  162  152  103  255  163  153  104  255  163  153  104  255  163  153  104  255  163  151  103  255  163  151  103  255  164  152  104  255  164  152  104  255  164  152  102  255  162  150  100  255  162  152  103  255  162  152  103  255  160  152  105  255  160  152  105  255  162  152  103  255  171  159  111  255  108   94   45  255
  174  166  120  255  160  152  106  255  164  153  107  255  161  150  104  255  163  151  103  255  166  152  105  255  164  150  103  255  163  151  103  255  163  152  106  255  163  152  106  255  163  152  106  255  163  152  106  255  163  152  106  255  163  152  106  255  164  152  104  255  164  152  104  255  163  153  104  255  162  152  103  255  163  153  104  255  162  152  103  255  162  152  103  255  163  153  104  255  165  153  105  255  172  160  112  255  108   94   47  255
  173  165  119  255  159  151  105  255  163  152  107  255  161  150  104  255  164  151  106  255  165  151  104  255  164  150  103  255  163  151  103  255  162  151  105  255  162  151  105  255  162  151  105  255  162  151  105  255  162  151  105  255  162  151  105  255  163  150  105  255  163  151  103  255  163  153  104  255  162  152  103  255  163  153  104  255  161  151  102  255  162  152  103  255  162  152  103  255  163  151  103  255  170  158  110  255  108   94   47  255
  174  167  123  255  159  152  106  255  163  155  109  255  164  153  107  255  166  153  108  255  164  151  106  255  163  150  105  255  164  151  106  255  163  152  107  255  163  152  107  255  161  153  107  255  161  153  107  255  161  153  107  255  161  153  106  255  163  152  106  255  163  152  106  255  164  154  105  255  163  153  104  255  164  154  105  255  163  153  104  255  164  152  104  255  164  152  104  255  164  152  104  255  171  159  111  255  108   94   47  255
  174  167  123  255  157  150  106  255  161  153  107  255  160  152  106  255  164  153  107  255  163  150  105  255  162  149  104  255  162  151  105  255  163  152  107  255  163  152  107  255  160  152  106  255  160  152  106  255  160  152  106  255  160  152  106  255  162  151  105  255  162  151  105  255  163  153  104  255  162  152  103  255  164  154  105  255  162  152  103  255  164  152  104  255  163  151  103  255  163  151  103  255  169  157  109  255  108   94   47  255
  172  167  125  255  157  150  106  255  160  152  106  255  159  151  105  255  164  153  107  255  164  153  107  255  163  152  106  255  164  153  107  255  163  152  107  255  161  153  107  255  161  152  109  255  161  152  109  255  161  153  107  255  161  153  107  255  163  152  106  255  163  152  106  255  163  153  104  255  163  153  104  255  165  153  105  255  164  152  104  255  165  153  105  255  164  152  104  255  164  150  103  255  171  157  110  255  109   95   48  255
  172  167  125  255  159  152  108  255  161  153  107  255  159  151  104  255  163  152  106  255  163  152  106  255  162  151  105  255  161  150  104  255  163  152  107  255  161  153  107  255  161  152  109  255  161  153  107  255  161  153  107  255  161  153  106  255  162  151  105  255  162  152  103  255  162  152  103  255  162  152  103  255  165  153  105  255  164  152  104  255  164  152  104  255  164  152  104  255  164  150  103  255  170  156  109  255  109   95   48  255
  170  163  119  255  159  152  108  255  163  155  109  255  161  150  104  255  162  149  104  255  163  151  103  255  162  150  102  255  159  149  100  255  162  151  105  255  162  151  105  255  160  152  106  255  160  152  106  255  162  151  106  255  162  151  105  255  163  150  105  255  163  151  103  255  163  151  103  255  162  150  100  255  164  152  104  255  163  151  103  255  163  151  103  255  163  151  103  255  164  150  103  255  170  156  109  255  108   94   47  255
  172  163  120  255  164  156  110  255  172  161  115  255  169  157  109  255  169  157  109  255  171  159  109  255  172  158  111  255  170  158  110  255  171  159  111  255  170  159  113  255  170  159  113  255  170  159  113  255  170  159  113  255  170  158  110  255  170  158  110  255  170  158  110  255  170  158  108  255  169  157  107  255  171  159  111  255  170  158  110  255  171  159  111  255  171  159  111  255  171  157  110  255  178  164  117  255  110   96   49  255
  176  165  120  255  101   90   44  255  105   92   47  255  109   95   48  255  110   96   47  255  109   96   44  255  110   94   45  255  108   94   45  255  108   94   45  255  107   95   47  255  107   95   47  255  107   95   47  255  107   95   47  255  108   94   45  255  108   94   45  255  108   94   45  255  109   95   46  255  108   94   45  255  109   95   46  255  108   94   45  255  109   95   46  255  109   95   46  255  106   92   45  255  111   97   50  255  106   92   45  255
