   25   25
   52   43   36  255   46   39   31  255   43   40   35  255   42   41   37  255   44   43   41  255   35   26   27  255   55   36   38  255   47   21   20  255   62   35   28  255   60   23   14  255   65   12    6  255   72    9    4  255   77    9   10  255   72    4    5  255   70    4    6  255   69   18   17  255   69   40   36  255   55   40   35  255   41   31   32  255   46   37   40  255   41   31   32  255   47   38   39  255   40   31   32  255   35   33   34  255   35   40   43  255
   45   36   29  255   36   32   23  255   54   54   46  255   37   36   31  255   49   45   42  255   53   41   41  255   68   38   40  255   67   25   27  255   59    9    8  255   98   39   35  255  124   48   48  255  145   61   61  255  126   40   43  255  127   40   46  255  138   53   58  255  100   28   31  255   64   12   14  255   56   22   21  255   54   33   32  255   51   37   37  255   48   38   36  255   52   44   41  255   45   37   34  255   54   50   47  255   45   47   46  255
   55   48   38  255   40   37   28  255   41   42   34  255   35   36   28  255   44   39   33  255   64   40   38  255   62   10   14  255   96   21   28  255  138   47   56  255  171   64   74  255  189   69   79  255  204   80   90  255  144   20   30  255  148   24   34  255  198   74   85  255  181   65   76  255  142   45   56  255   96   24   28  255   65   21   20  255   49   29   22  255   45   36   27  255   38   34   23  255   37   28   19  255   36   27   20  255   59   54   48  255
   46   39   29  255   41   38   29  255   47   50   41  255   47   47   39  255   47   34   26  255   55   17   16  255   96   21   28  255  161   59   73  255  208   91  109  255  227   98  118  255  226   89  109  255  175   34   53  255  167   29   45  255  176   38   54  255  232   93  112  255  224   91  110  255  209   86  106  255  164   64   76  255   86   20   24  255   57   20   14  255   58   46   34  255   49   47   34  255   50   44   32  255   44   35   26  255   58   51   43  255
   62   53   46  255   40   36   27  255   35   38   31  255   41   36   30  255   40   15   11  255   86   27   31  255  165   67   80  255  221   99  120  255  231  107  135  255  226   99  128  255  230  100  128  255  221   87  114  255  225   91  116  255  224   92  116  255  233  103  131  255  228   99  127  255  236  109  136  255  216  103  123  255  149   59   71  255   92   31   36  255   46   23   17  255   45   41   30  255   49   51   40  255   32   34   23  255   43   43   35  255
   46   35   29  255   50   43   37  255   42   43   37  255   49   40   35  255   54   19   17  255  107   38   41  255  169   58   74  255  237  107  131  255  226   99  129  255  230  102  137  255  229   99  135  255  224   93  127  255  234  104  132  255  224   95  125  255  222   97  129  255  227  102  134  255  224   95  125  255  232  110  135  255  178   73   90  255  102   27   34  255   44   10    8  255   45   36   27  255   33   33   25  255   37   40   31  255   56   57   49  255
   51   42   35  255   36   29   23  255   55   52   47  255   59   44   41  255   55   14   10  255  102   28   29  255  182   70   82  255  230  101  123  255  227   97  131  255  227   97  135  255  226   96  134  255  233  101  138  255  225   94  125  255  230  103  132  255  223  102  135  255  222   98  132  255  229   98  130  255  226   99  126  255  178   70   86  255  112   31   38  255   52   11    9  255   57   40   33  255   46   37   32  255   48   45   38  255   29   29   21  255
   47   40   34  255   50   42   39  255   45   37   35  255   50   29   28  255   58   10    6  255  109   31   31  255  180   66   74  255  233  104  124  255  227  100  130  255  221   95  132  255  233  107  144  255  218   93  125  255  231  107  133  255  224  104  129  255  221  104  131  255  221  102  132  255  230   96  129  255  235  105  133  255  178   65   83  255  110   27   35  255   59   13   13  255   58   37   32  255   51   37   34  255   48   41   35  255   36   33   24  255
   46   40   40  255   46   40   40  255   42   31   35  255   58   32   35  255   64   10   10  255  109   27   29  255  185   68   77  255  235  106  124  255  225  102  130  255  219  101  133  255  200   85  114  255  209   97  121  255  205   94  110  255  203   93  106  255  206   99  115  255  212   98  121  255  235  102  133  255  232  101  132  255  182   69   87  255  108   25   33  255   54   13    9  255   58   39   32  255   52   41   35  255   50   43   37  255   43   39   30  255
   55   51   50  255   38   32   32  255   45   34   38  255   56   30   33  255   67   13   13  255  112   27   30  255  179   63   72  255  230  105  121  255  213  104  125  255  158   59   80  255  114   21   40  255  121   31   43  255  123   32   37  255  119   29   31  255  110   21   27  255  158   56   70  255  218   91  120  255  239  110  140  255  178   67   84  255  107   26   33  255   58   17   13  255   59   42   32  255   47   37   28  255   51   44   36  255   36   29   21  255
   37   34   29  255   44   41   36  255   31   26   22  255   32   11    8  255   57    6    3  255  107   27   28  255  179   68   75  255  231  116  129  255  171   81   93  255   73    0   11  255   65    4   11  255   62    3    5  255   65    6    0  255   70   10    2  255   70    6    4  255   84    3    9  255  193   77  100  255  231  107  133  255  169   62   78  255  114   35   40  255   49    8    2  255   33   15    3  255   28   20    9  255   54   50   39  255   45   38   30  255
   43   35   24  255   12    4    0  255   64   54   44  255  154  130  120  255   87   37   30  255  108   30   28  255  177   74   78  255  230  125  132  255  163   77   86  255   71    1    9  255   67   11   12  255   66   15   12  255   63   10    4  255   67   12    5  255   66    7    3  255   76    0    4  255  145   38   54  255  221  108  126  255  178   82   93  255  100   28   29  255   79   36   27  255  153  130  116  255   68   50   36  255   20    8    0  255   54   46   35  255
   46   25    8  255  179  158  141  255  195  169  154  255  222  186  172  255   93   41   28  255   71    1    0  255  126   32   32  255  177   76   80  255  133   40   48  255   79    0    1  255   78    1    7  255   71    1    3  255   80   12   11  255   71    1    0  255   83    7    9  255   80    0    0  255  141   39   50  255  176   76   84  255  114   36   36  255   60    1    0  255   86   43   27  255  227  192  173  255  202  169  152  255  175  149  134  255   37   23   10  255
   51   25    8  255  196  169  152  255  206  174  159  255  241  204  188  255  223  175  163  255   74   14    6  255  112   34   32  255  107   22   25  255  126   46   49  255  160   84   88  255  154   79   84  255  154   84   86  255  150   80   82  255  153   83   83  255  151   75   77  255  165   85   88  255  129   44   47  255  106   28   28  255   99   40   34  255   68   20   10  255  217  174  158  255  244  206  187  255  211  172  155  255  200  168  153  255   41   29   15  255
   51   29   18  255  131  107   97  255  128  101   90  255  136  106   96  255  145  108  100  255   71   26   23  255   73   17   18  255   63    7    8  255   73   25   23  255   78   33   30  255   78   28   27  255   83   32   31  255   82   26   27  255   89   31   30  255   91   31   31  255   86   28   26  255   78   25   21  255   54    5    0  255   65   22   16  255   67   27   19  255  149  107   95  255  143  104   89  255  132   96   80  255  134  111   97  255   39   31   20  255
   50   31   24  255   39   20   13  255   41   18   12  255   41   16   12  255   33    5    2  255   85   54   52  255   92   54   53  255   54   16   13  255   66   33   28  255   62   31   26  255   67   30   24  255   72   28   25  255   75   24   21  255   79   26   22  255   75   25   18  255   75   28   22  255   68   29   22  255   50   17   10  255   89   58   53  255   85   54   49  255   42    8    0  255   49   17    6  255   40   12    0  255   41   23   11  255   42   38   29  255
   64   50   39  255   50   36   27  255   48   28   27  255   58   40   40  255   37   21   21  255   52   32   31  255   59   30   26  255   53   20   15  255   71   38   33  255   60   25   19  255   61   24   16  255   68   24   15  255   78   21   12  255   75   17    6  255   76   24   10  255   67   21    8  255   73   36   28  255   51   22   16  255   57   34   28  255   50   31   25  255   45   24   19  255   60   39   34  255   53   34   28  255   50   37   31  255   48   45   40  255
   39   31   18  255   57   47   38  255   41   30   28  255   38   26   26  255   31   21   19  255   32   21   15  255   33   16    6  255   51   29   18  255   86   59   50  255   76   43   36  255   91   52   45  255   92   45   37  255   94   35   27  255   96   36   25  255   90   41   26  255   83   44   29  255   86   59   48  255   48   30   20  255   31   17    8  255   34   19   12  255   36   18   14  255   43   28   25  255   53   39   36  255   58   50   47  255   33   32   28  255
   47   45   33  255   35   32   23  255   41   38   33  255   26   23   18  255   32   25   17  255   25   19    5  255   75   72   53  255   23   18    0  255   31   18    2  255   68   44   34  255   84   40   39  255   98   44   44  255  111   53   51  255  101   46   41  255   98   54   45  255   70   42   28  255   23   20    1  255   21   24    5  255   73   64   49  255   30   12    2  255   42   18   14  255   41   22   18  255   35   26   21  255   43   42   37  255   31   36   30  255
   43   44   36  255   42   42   34  255   27   23   20  255   31   20   16  255   67   44   38  255   89   62   51  255   37   18    1  255  117  102   81  255   84   71   55  255   34   11    3  255   53   14   15  255   57   11   14  255   51    7    6  255   51   12    7  255   38    3    0  255   38   16    3  255   73   72   52  255  103  102   82  255   34   10    0  255  101   66   60  255   77   39   38  255   39    9    7  255   34   23   17  255   30   31   23  255   32   37   30  255
   34   33   29  255   37   32   29  255   41   27   27  255   42   10   13  255  104   45   49  255  129   61   60  255   71   11    3  255  100   52   40  255   67   37   27  255   35   12    6  255   41   20   19  255   41   21   22  255   33   19   16  255   39   26   20  255   44   23   20  255   37   14    8  255   64   46   32  255   85   55   44  255   80   22   21  255  120   54   58  255  105   43   48  255   69   23   25  255   36   17   13  255   39   36   29  255   41   44   37  255
   37   33   32  255   29   20   21  255   35   19   22  255   48   12   16  255  112   47   53  255  159   83   85  255  134   59   56  255  102   39   34  255   82   41   37  255   65   41   37  255   39   27   27  255   25   21   20  255   27   29   24  255   23   22   18  255   40   26   25  255   64   40   38  255   72   42   34  255   86   39   33  255  132   61   65  255  161   81   90  255  135   65   73  255   77   28   31  255   35   16   12  255   31   28   21  255   35   36   30  255
   54   45   46  255   36   27   28  255   29   19   20  255   41   21   22  255   53   13   13  255  118   64   62  255  128   64   62  255  125   66   62  255   99   55   54  255   62   36   35  255   34   26   24  255   25   27   26  255   25   30   26  255   26   25   23  255   41   29   31  255   57   32   35  255   93   58   54  255  126   76   75  255  130   61   66  255  120   50   58  255   73   18   23  255   63   27   27  255   37   26   22  255   18   19   13  255   45   44   40  255
   64   52   52  255   23   13   14  255   34   28   30  255   33   23   24  255   43   24   20  255   52   21   16  255   60   15   10  255   66   21   16  255   56   21   19  255   39   19   18  255   24   24   22  255   17   26   23  255   27   31   30  255   29   27   28  255   33   22   26  255   41   21   23  255   50   20   18  255   57   16   14  255   69   17   21  255   61   10   15  255   52   16   18  255   37   17   16  255   26   21   17  255   48   49   44  255   43   39   36  255
   49   35   34  255   56   46   45  255   26   20   22  255   33   29   30  255   28   24   21  255   30   21   16  255   42   22   15  255   39   19   12  255   35   20   15  255   29   26   21  255   18   29   23  255   25   38   31  255   20   25   21  255   26   25   23  255   29   23   25  255   31   21   22  255   39   25   22  255   39   21   17  255   43   19   19  255   40   20   19  255   32   21   19  255   30   27   22  255   29   31   26  255   28   28   26  255   49   40   41  255
