   25   25
   32   31   26  255   41   40   35  255   47   42   36  255   44   40   31  255   52   43   34  255   49   35   26  255   63   34   30  255   71   22   25  255   76    0   10  255  114   14   26  255  148   22   34  255  159   28   34  255  145   22   25  255  144   28   31  255  147   25   40  255  116    9   25  255   70    0    9  255   73   28   31  255   38   18   11  255   64   57   49  255   44   43   39  255   36   37   39  255   44   42   47  255   29   29   31  255   38   45   38  255
   55   55   47  255   39   39   31  255   37   34   29  255   44   37   31  255   55   44   38  255   60   37   31  255   76   34   35  255   78   13   19  255  128   40   52  255  170   62   77  255  190   59   73  255  226   90  102  255  148   21   28  255  145   21   29  255  199   72   89  255  167   55   71  255  132   44   56  255   82   21   26  255   64   26   23  255   63   43   36  255   39   29   27  255   41   37   36  255   40   34   38  255   59   55   56  255   39   42   33  255
   34   36   25  255   36   36   28  255   35   34   30  255   45   37   35  255   56   38   38  255   45    6    7  255   86   15   23  255  153   57   69  255  201   89  105  255  220   93  112  255  223   86  106  255  169   28   45  255  164   26   41  255  172   35   51  255  222   86  106  255  223   94  114  255  200   83   99  255  152   55   64  255   87   17   17  255   63   18   12  255   56   31   26  255   53   38   33  255   51   37   36  255   46   37   32  255   35   31   20  255
   36   36   26  255   48   48   40  255   49   45   44  255   44   32   34  255   49   20   25  255   82   26   35  255  151   57   73  255  214   97  116  255  232  104  127  255  233  101  124  255  240  104  128  255  219   81  104  255  216   77   98  255  227   88  111  255  236   98  123  255  234  100  124  255  238  109  129  255  213   98  111  255  151   62   66  255   81   20   19  255   59   26   21  255   65   48   41  255   44   30   27  255   36   27   20  255   50   44   32  255
   39   34   28  255   48   40   37  255   51   41   42  255   57   34   40  255   55   12   21  255  101   27   42  255  176   64   88  255  238  108  136  255  225   96  124  255  227  100  127  255  228  101  128  255  232  104  129  255  239  105  132  255  227   92  122  255  229   95  128  255  229  100  131  255  222   96  118  255  224  112  128  255  167   71   82  255  104   35   38  255   51   16   14  255   50   35   30  255   57   49   46  255   48   45   40  255   40   40   30  255
   52   45   39  255   36   29   23  255   45   35   34  255   68   46   48  255   63   16   22  255  106   28   41  255  181   65   88  255  236  103  130  255  228   99  127  255  227  100  127  255  228  101  128  255  226   98  123  255  230   96  123  255  240  102  135  255  233  102  136  255  227   97  131  255  229  101  126  255  228  109  129  255  169   68   82  255  103   30   37  255   49   13   13  255   48   37   31  255   40   37   32  255   40   41   35  255   30   31   23  255
   42   35   27  255   52   48   39  255   50   52   41  255   38   29   20  255   46   13    8  255  102   36   38  255  178   72   86  255  233  106  127  255  231  101  125  255  233   99  124  255  231   91  117  255  237   95  119  255  238   94  119  255  233   91  117  255  233   95  128  255  231   96  128  255  235   98  126  255  235  107  132  255  178   69   88  255  104   28   38  255   55   21   19  255   58   49   42  255   40   37   30  255   45   46   38  255   44   44   34  255
   50   41   32  255   33   31   19  255   42   45   34  255   43   41   29  255   45   18    9  255   84   24   23  255  166   65   73  255  225   98  115  255  219   86  107  255  213   74   97  255  202   54   78  255  202   54   78  255  200   52   74  255  201   57   80  255  194   56   81  255  210   71  100  255  233   88  119  255  229   95  122  255  167   58   77  255  102   29   38  255   47   18   14  255   44   40   29  255   48   45   36  255   46   43   34  255   33   29   20  255
   58   47   41  255   44   40   31  255   40   41   35  255   45   42   35  255   50   27   21  255   53    0    0  255  132   33   38  255  190   62   75  255  207   68   87  255  222   76   97  255  236   86  111  255  230   82  104  255  234   91  109  255  232   91  108  255  227   88  107  255  220   76  101  255  214   63   94  255  192   53   84  255  128   27   45  255   64    1    9  255   37   18   11  255   49   50   36  255   49   42   32  255   56   46   37  255   49   38   32  255
   47   38   31  255   52   45   39  255   42   37   33  255   55   46   41  255   51   31   24  255   57    9    5  255  120   34   37  255  185   74   83  255  211   89  104  255  188   63   81  255  156   33   51  255  158   40   54  255  155   39   50  255  160   44   55  255  159   43   54  255  181   60   77  255  220   87  114  255  192   72   97  255  117   33   48  255   52    3    6  255   46   32   23  255   46   44   29  255   47   37   27  255   46   32   23  255   60   45   40  255
   54   47   41  255   29   20   15  255   31   16   11  255   22    3    0  255   36   16    7  255   49   15    6  255  114   50   51  255  135   56   62  255  135   55   66  255  105   29   39  255   83   17   21  255   79   15   16  255   82   16   17  255   81   13   14  255   76   10   14  255  101   30   38  255  132   46   59  255  130   50   61  255  110   55   60  255   49   15   13  255   27   15    3  255   24   18    2  255   34   17    7  255   33   14    7  255   55   40   35  255
   45   36   29  255  139  124  117  255  170  141  135  255  190  160  150  255   65   42   26  255   39   11    0  255   61   13    9  255   50    0    0  255   42    0    0  255   46    4    6  255   29    0    0  255   36    4    0  255   36    0    0  255   39    0    0  255   33    0    0  255   45    6    7  255   48    0    0  255   52    1    0  255   55   16   11  255   45   16    8  255   58   40   26  255  180  164  148  255  162  140  126  255  151  129  118  255   39   26   18  255
   41   24   14  255  200  176  164  255  211  172  157  255  250  209  189  255  194  167  140  255   58   34    8  255   48   14    2  255  215  177  174  255  255  240  238  255  143  115  111  255  195  172  156  255  244  217  196  255  236  201  181  255  255  225  207  255  187  167  158  255  133  114  107  255  255  236  222  255  209  176  159  255   56   20    6  255   59   23    9  255  205  172  155  255  244  213  195  255  205  176  158  255  196  175  158  255   43   31   17  255
   46   29   19  255  149  125  113  255  169  127  111  255  188  146  124  255  170  139  110  255   57   30    3  255   61   28   13  255   90   57   50  255  234  206  203  255  255  244  237  255  255  246  226  255  230  200  174  255  216  179  152  255  229  195  170  255  255  251  234  255  255  247  233  255  232  210  189  255   95   64   44  255   51   12    0  255   74   32   18  255  173  131  115  255  182  145  127  255  155  128  107  255  145  128  108  255   36   28   15  255
   46   39   31  255   21    7    0  255   87   55   42  255  195  158  140  255   80   45   23  255   83   46   27  255   95   52   43  255   46    2    0  255   78   43   39  255  164  130  121  255  181  143  124  255  181  137  110  255  184  133  104  255  178  129   99  255  184  143  121  255  166  131  112  255   88   51   33  255   50    8    0  255  101   54   46  255   88   41   33  255   75   35   23  255  189  160  144  255   85   68   48  255   19   12    0  255   32   29   20  255
   47   42   36  255   39   30   21  255   73   53   42  255  120   92   80  255   62   30   15  255   70   34   20  255   70   32   23  255   58   19   12  255   65   28   22  255   85   47   38  255  121   75   59  255  117   66   45  255  125   69   46  255  132   76   53  255  119   68   51  255   91   45   30  255   67   24   15  255   54   14    6  255   72   32   24  255   71   32   25  255   65   35   24  255  114   92   79  255   57   48   33  255   41   39   27  255   37   36   31  255
   41   34   26  255   52   45   35  255   48   39   30  255   26   12    3  255   40   17    9  255   47   22   15  255   28   10    0  255   49   30   16  255   89   63   50  255   70   36   24  255   69   27   13  255   76   26   15  255   84   30   20  255   81   26   21  255   80   26   24  255   76   30   30  255   87   53   51  255   57   32   25  255   36   17    3  255   38   20    6  255   35   18    8  255   27   17    8  255   37   32   28  255   38   37   33  255   46   43   38  255
   33   28   22  255   50   46   37  255   38   31   23  255   43   28   21  255   34    6    3  255   33    8    3  255   70   63   47  255   24   21    2  255   36   23    7  255   70   47   33  255   93   55   46  255   97   52   47  255  101   53   51  255   99   51   51  255   97   53   54  255   71   37   36  255   43   26   19  255   22   12    2  255   70   57   41  255   31   15    0  255   38   21   13  255   38   24   21  255   47   41   43  255   43   39   40  255   45   40   37  255
   41   41   39  255   45   42   37  255   32   17   12  255   41   13    9  255   87   43   40  255   96   59   51  255   27   22    3  255   87   97   73  255   60   65   45  255   30   22    9  255   46   15   12  255   58   18   19  255   53   15   14  255   45   14   11  255   42   19   11  255   32   22   10  255   55   67   47  255   97  105   82  255   30   13    0  255   89   60   46  255   76   43   36  255   33    7    6  255   39   24   27  255   38   32   34  255   51   43   41  255
   46   47   49  255   30   26   25  255   38   18   17  255   54   14   14  255  101   37   38  255  108   48   47  255   44   16    4  255   88   79   64  255   67   61   49  255   26   15    9  255   44   18   19  255   48   17   22  255   42   16   15  255   43   24   18  255   38   21   11  255   30   23    7  255   55   60   38  255   83   76   57  255   60   18    6  255  111   53   49  255   91   40   39  255   53   14   15  255   39   20   22  255   47   38   39  255   40   32   30  255
   32   31   36  255   30   21   24  255   40   15   18  255   84   34   37  255  161   74   83  255  190   94  105  255  137   58   64  255   79   17   22  255   75   28   34  255   60   25   31  255   47   20   27  255   38   19   23  255   35   25   23  255   33   22   16  255   46   26   19  255   58   29   21  255   65   31   22  255   74   21   17  255  144   59   62  255  180   89   96  255  155   82   89  255   77   28   32  255   34   14   16  255   27   21   21  255   44   40   37  255
   42   40   45  255   34   25   28  255   43   18   21  255   60   13   19  255  168   88   99  255  189   97  110  255  219  133  146  255  152   78   91  255  112   56   67  255   77   37   46  255   47   26   31  255   31   22   25  255   29   28   24  255   26   23   18  255   44   26   22  255   72   41   38  255  109   63   63  255  149   83   85  255  222  132  141  255  193  101  112  255  159   89   99  255   62   17   22  255   39   20   22  255   29   24   21  255   48   45   40  255
   46   40   40  255   29   20   21  255   37   21   22  255   37   11   14  255   71   30   36  255   87   38   44  255  108   61   67  255   78   35   42  255   50   18   23  255   37   15   17  255   40   28   28  255   26   22   21  255   22   24   21  255   31   32   27  255   32   24   22  255   34   16   16  255   52   20   21  255   80   35   38  255  110   55   60  255   92   37   43  255   70   29   33  255   41   15   18  255   35   23   23  255   38   33   30  255   41   36   32  255
   55   50   46  255   39   34   30  255   26   21   18  255   38   28   27  255   32   18   18  255   37   18   20  255   31    9   12  255   37   17   19  255   41   23   23  255   36   25   23  255   25   22   17  255   26   28   23  255   31   33   30  255   21   21   21  255   30   25   29  255   35   23   27  255   37   15   18  255   45   19   22  255   38    9   13  255   41   15   18  255   37   17   18  255   35   21   21  255   28   20   18  255   56   51   47  255   41   36   32  255
   38   35   28  255   32   32   24  255   27   29   24  255   22   24   21  255   25   26   28  255   26   26   28  255   35   26   29  255   34   24   25  255   31   23   21  255   32   29   24  255   26   31   24  255   22   29   21  255   22   27   23  255   33   31   34  255   35   23   33  255   38   22   32  255   35   18   24  255   32   17   20  255   35   26   27  255   28   22   22  255   32   23   24  255   32   23   24  255   43   35   33  255   39   34   30  255   40   37   32  255
