   25   25
   48   43   39  255   46   39   33  255   46   32   29  255   56   45   41  255   47   39   36  255   45   44   40  255   43   42   37  255   29   33   34  255   30   36   50  255   17   28   58  255   10   23   76  255    7   23   83  255    9   26   82  255    5   27   76  255    2   32   70  255   12   38   63  255   31   39   52  255   50   48   51  255   49   39   40  255   50   40   38  255   45   40   34  255   41   38   31  255   40   33   27  255   43   38   32  255   46   41   35  255
   43   39   36  255   54   49   45  255   40   29   23  255   53   42   36  255   42   34   31  255   47   46   42  255   28   29   31  255   24   33   42  255   25   39   65  255   38   60   99  255   60   87  142  255   58   88  150  255   50   80  140  255   56   89  143  255   51   89  136  255   26   60   97  255   34   52   76  255   36   42   58  255   51   51   59  255   45   43   44  255   33   32   27  255   45   42   33  255   51   44   36  255   49   42   36  255   43   38   32  255
   45   47   44  255   41   42   37  255   47   43   34  255   51   44   34  255   46   39   31  255   50   48   49  255   43   51   64  255   20   40   67  255   64   95  139  255   85  128  183  255  114  164  227  255  103  158  225  255  103  160  227  255  105  162  229  255  108  166  229  255   72  123  180  255  118  154  202  255   43   69  106  255    8   26   50  255   50   63   72  255   37   43   39  255   35   37   24  255   48   41   31  255   51   42   35  255   55   45   43  255
   30   35   31  255   37   39   34  255   53   50   41  255   39   35   24  255   36   31   25  255   37   38   43  255   22   38   63  255   34   66  107  255  106  151  210  255  131  186  251  255  139  200  255  255  130  195  255  255  132  196  255  255  124  191  255  255  132  195  255  255  127  186  252  255  117  167  228  255   80  121  173  255   20   52   91  255    6   28   51  255   26   40   41  255   34   37   28  255   52   48   37  255   42   31   25  255   52   42   40  255
   42   45   38  255   42   43   35  255   44   41   32  255   55   51   42  255   39   34   31  255   34   40   52  255    2   26   62  255   51   92  146  255  103  158  225  255  136  196  255  255  130  187  254  255  135  193  255  255  132  190  254  255  136  195  255  255  128  187  255  255  136  195  255  255  140  200  255  255  125  179  239  255   80  121  177  255   24   53   93  255   20   36   52  255   38   42   43  255   49   44   38  255   43   34   27  255   46   35   33  255
   42   39   32  255   43   40   33  255   47   46   41  255   25   25   25  255   37   40   49  255   36   48   74  255    0   23   72  255   30   78  144  255  101  160  236  255  133  195  255  255  138  195  255  255  131  187  248  255  127  186  246  255  136  194  255  255  138  193  255  255  132  190  254  255  129  190  253  255  148  206  255  255   92  136  201  255   36   66  118  255    7   21   47  255   33   36   43  255   37   32   26  255   52   43   34  255   58   49   44  255
   52   39   33  255   51   41   40  255   46   45   50  255   24   32   45  255   16   30   59  255    0   18   64  255   44   81  149  255   94  143  222  255   69  127  209  255  101  164  241  255  133  197  255  255  133  195  254  255  133  198  255  255  131  193  252  255  137  192  255  255  133  187  251  255  134  193  253  255  145  196  255  255   87  127  197  255   36   60  120  255   20   29   58  255   47   46   52  255   55   51   42  255   40   34   18  255   48   41   31  255
   50   35   30  255   40   30   29  255   37   37   47  255   25   36   58  255   50   69  109  255  109  139  193  255   98  136  207  255  144  190  255  255  131  184  255  255  129  187  255  255  121  181  241  255  127  188  242  255  125  185  239  255  128  185  240  255  125  175  236  255  139  189  252  255  141  195  255  255  146  195  255  255   94  132  205  255   35   59  121  255   15   22   51  255   44   41   48  255   39   35   26  255   51   45   31  255   37   33   24  255
   43   36   26  255   41   38   33  255   30   33   40  255   67   78  100  255   97  119  158  255   88  115  170  255   71  105  169  255   67  104  174  255   67  108  174  255   63  109  169  255   62  112  165  255   60  110  159  255   69  115  164  255   62  105  156  255   63  103  162  255   97  138  204  255  124  174  245  255  118  166  242  255  105  143  218  255   28   52  112  255   14   24   51  255   37   36   41  255   45   42   35  255   46   42   33  255   38   32   34  255
   38   40   29  255   35   36   30  255   36   37   41  255   30   37   53  255   29   44   75  255   22   44   85  255   22   44   91  255   16   38   85  255   18   39   82  255    6   28   69  255   12   34   71  255   15   38   70  255   12   31   63  255   18   36   72  255   14   37   79  255   38   68  118  255   57   97  158  255   92  133  197  255   64   98  161  255   46   68  115  255   17   26   43  255   38   38   38  255   40   37   30  255   44   39   33  255   48   42   46  255
   32   39   31  255   37   42   35  255   32   31   27  255   48   46   49  255   27   31   42  255   16   23   39  255   19   25   41  255   81   83   96  255   62   56   68  255  159  146  156  255  113   93  102  255  109   86   94  255  114   91   97  255  132  115  123  255   77   75   88  255   10   23   42  255   12   39   68  255   59   89  123  255   51   75  111  255   18   34   59  255   35   43   46  255   42   43   35  255   42   40   28  255   35   32   23  255   45   41   40  255
   38   43   39  255   34   36   31  255   44   39   33  255   44   36   33  255   34   33   31  255   30   29   27  255   33   25   22  255  194  179  172  255  255  238  229  255  255  219  207  255  225  181  170  255  232  186  173  255  232  188  175  255  187  153  143  255  121  106  101  255   20   20   20  255   13   24   30  255   20   34   45  255   23   32   47  255   22   26   37  255   46   46   44  255   37   34   25  255   49   47   35  255   41   38   29  255   54   50   47  255
   56   50   54  255   42   36   38  255   37   29   27  255   57   50   44  255   47   42   36  255   51   44   34  255   36   22    9  255  204  178  161  255  234  197  178  255  242  196  173  255  246  194  170  255  246  196  171  255  240  198  174  255  183  152  132  255  118  102   89  255   23   14    5  255   39   30   23  255   31   21   19  255   34   23   27  255   49   38   42  255   47   39   37  255   48   40   37  255   28   21   15  255   48   43   39  255   43   39   36  255
   50   40   41  255   49   39   38  255   59   51   49  255   33   28   22  255   47   40   32  255   43   33   23  255   37   21    6  255  186  160  143  255  235  200  178  255  239  197  173  255  238  192  166  255  195  153  129  255  182  149  130  255  161  137  127  255  107   93   90  255   24   14   13  255   39   26   20  255   38   23   16  255   57   42   39  255   50   36   35  255   53   45   42  255   40   35   31  255   64   56   53  255   40   32   30  255   32   27   24  255
   51   45   31  255   45   41   29  255   41   38   31  255   44   39   35  255   46   39   33  255   51   40   34  255   41   28   20  255   40   26   15  255  137  118  103  255  130  107   91  255  139  111   97  255  119   95   85  255  115   99  102  255  104   93  109  255   18   14   37  255   33   31   53  255   26   23   34  255   47   43   44  255   48   43   40  255   45   40   34  255   35   35   25  255   47   47   39  255   43   38   35  255   46   38   36  255   48   38   37  255
   32   29   14  255   52   48   36  255   41   38   31  255   49   45   42  255   52   44   41  255   39   29   27  255   51   41   39  255   44   35   30  255   28   19   12  255   21   11    2  255   23   10    4  255   42   31   35  255   41   37   54  255   37   38   66  255   97  101  136  255   59   64   96  255   15   17   38  255   38   38   48  255   57   53   54  255   34   31   24  255   42   45   34  255   35   38   27  255   47   44   39  255   55   47   45  255   34   22   22  255
   47   38   39  255   50   45   42  255   41   37   34  255   47   43   40  255   50   45   42  255   46   38   36  255   47   39   37  255   36   31   28  255   31   27   26  255   33   31   32  255   21   18   25  255   57   55   69  255   60   60   84  255   87   94  123  255   79   94  125  255   35   49   78  255   27   32   54  255   32   30   44  255   34   27   34  255   42   37   34  255   53   55   44  255   36   39   28  255   39   39   31  255   41   38   33  255   52   44   42  255
   43   32   36  255   55   46   47  255   38   37   32  255   34   35   27  255   39   38   33  255   24   23   19  255   21   17   18  255   29   27   30  255   28   27   32  255   25   24   29  255   15   12   19  255  170  164  176  255  193  186  202  255  204  201  220  255  196  197  217  255  120  125  145  255   34   36   57  255   23   22   40  255   29   21   32  255   29   23   23  255   29   30   22  255   34   37   26  255   44   45   37  255   40   37   32  255   48   43   40  255
   54   43   37  255   35   28   18  255   29   30   16  255   27   34   18  255   18   24   12  255   24   29   22  255   34   35   37  255   23   22   28  255   28   26   31  255   26   20   22  255   23    9    8  255  169  150  146  255  197  169  165  255  187  156  153  255  196  165  163  255  139  117  120  255   40   36   51  255   14   17   34  255   28   25   34  255   32   30   31  255   23   26   19  255   22   28   16  255   36   37   29  255   48   47   42  255   36   28   26  255
   52   41   35  255   41   34   24  255   27   29   16  255   20   26   12  255   25   33   20  255   23   30   23  255   17   21   22  255   23   26   31  255   27   30   39  255   24   24   34  255   27   22   29  255   24    9   14  255   25    1    0  255  194  161  154  255  210  174  162  255  100   73   66  255   17   14   25  255   17   23   39  255   30   29   37  255   26   26   26  255   21   26   19  255   25   31   21  255   24   27   20  255   32   31   27  255   38   29   30  255
   56   47   50  255   25   21   22  255   22   22   24  255   27   31   30  255   23   28   24  255   23   28   22  255   24   29   25  255   25   35   36  255    9   25   40  255   15   35   60  255   20   38   74  255   16   29   64  255   32   34   59  255   12    7   14  255   79   67   53  255   50   42   29  255   17   20   29  255   20   27   43  255   24   24   32  255   24   24   24  255   24   29   22  255   22   30   19  255   28   31   24  255   44   43   39  255   39   30   31  255
   52   46   50  255   29   27   32  255   26   26   34  255   26   27   32  255   24   24   24  255   27   27   25  255   26   28   23  255   17   27   29  255   17   38   59  255   37   67  105  255   62   94  151  255   74  104  164  255   73   95  144  255   35   50   81  255  121  129  132  255   88   94   92  255   38   46   57  255   25   32   48  255   26   26   34  255   28   28   30  255   23   30   23  255   21   28   20  255   26   28   23  255   25   24   20  255   49   40   41  255
   26   22   23  255   27   25   28  255   28   29   34  255   26   27   32  255   30   26   27  255   32   26   26  255   29   25   26  255   22   24   36  255   22   38   71  255   85  115  167  255   92  130  203  255   86  127  206  255  107  144  215  255   74  104  164  255   52   74  115  255   74   89  118  255   83   95  117  255   31   37   53  255   20   20   30  255   26   26   28  255   25   31   27  255   18   25   18  255   23   25   20  255   25   24   20  255   46   37   38  255
   50   45   41  255   29   28   24  255   20   21   23  255   27   28   30  255   29   28   26  255   29   23   23  255   33   24   27  255   29   27   40  255   12   25   57  255   41   65  113  255   56   91  155  255   57   96  165  255   51   89  154  255   63   95  154  255   64   90  139  255   77   95  133  255   44   56   82  255   16   22   38  255   30   28   39  255   24   23   28  255   23   28   24  255   24   31   24  255   29   31   26  255   33   32   28  255   50   41   42  255
   51   41   32  255   39   35   26  255   26   28   23  255   24   29   23  255   24   27   20  255   29   28   24  255   31   25   25  255   26   23   32  255   21   26   46  255   10   24   51  255    9   32   64  255    2   28   61  255    5   30   60  255    7   28   59  255    7   24   54  255   14   25   53  255   19   27   48  255   23   26   41  255   23   20   31  255   29   27   32  255   27   29   26  255   21   26   20  255   26   26   24  255   40   36   35  255   41   32   33  255
