   28   28
   43   41   29  255   44   42   30  255   42   35   25  255   62   60   48  255   41   44   33  255   21   27   15  255   47   50   41  255   30   30   22  255   38   35   28  255   48   45   38  255   34   35   27  255   41   42   34  255   53   50   41  255   49   42   34  255   53   44   37  255   55   44   38  255   41   32   25  255   45   38   30  255   35   32   23  255   39   41   30  255   42   43   35  255   28   29   21  255   40   40   32  255   42   39   32  255   62   55   49  255   40   35   29  255   46   41   35  255   54   51   44  255
   34   34   24  255   53   50   41  255   57   50   42  255   43   36   28  255   29   29   21  255   50   50   42  255   29   29   21  255   46   43   36  255   46   41   35  255   55   50   44  255   45   45   37  255   30   31   23  255   42   42   32  255   44   40   31  255   43   34   27  255   41   30   24  255   36   27   22  255   59   50   45  255   44   39   33  255   42   39   32  255   48   48   40  255   51   51   43  255   52   49   42  255   47   42   36  255   29   24   18  255   49   44   38  255   47   42   36  255   30   27   20  255
   63   66   59  255   16   15   10  255   52   44   41  255   54   43   41  255   47   33   32  255   51   40   38  255   53   43   41  255   40   30   28  255   55   44   42  255   51   41   39  255   43   38   32  255   44   44   36  255   45   48   37  255   43   45   34  255   47   40   30  255   62   51   45  255   45   34   32  255   42   31   29  255   51   40   38  255   52   41   39  255   47   37   35  255   33   23   21  255   49   41   38  255   46   41   37  255   35   30   24  255   63   58   52  255   60   55   49  255   49   44   38  255
   22   21   17  255   54   50   47  255   36   26   25  255   48   34   34  255   65   51   51  255   43   29   29  255   47   35   35  255   39   27   27  255   45   31   30  255   42   28   27  255   57   48   43  255   48   45   38  255   38   39   31  255   44   44   34  255   42   35   27  255   54   45   38  255   47   39   36  255   39   31   28  255   59   48   46  255   52   38   37  255   62   48   47  255   52   41   39  255   44   36   33  255   47   42   38  255   48   45   38  255   41   38   31  255   41   38   31  255   56   53   46  255
   58   46   46  255   50   38   38  255   35   21   21  255   55   43   43  255   45   37   34  255   30   25   21  255   45   35   33  255   52   38   37  255   60   44   44  255   51   35   35  255   45   34   32  255   48   40   37  255   46   38   35  255   31   24   18  255   46   41   35  255   36   33   26  255   47   48   40  255   29   30   22  255   51   46   40  255   45   36   31  255   41   30   26  255   53   44   39  255   29   24   18  255   57   54   47  255   41   42   36  255   32   33   27  255   38   37   32  255   37   36   31  255
   64   50   50  255   37   23   22  255   44   33   31  255   49   39   37  255   38   27   23  255   20    2    0  255   41   11   11  255   29    0    0  255   38    4    5  255   59   31   30  255   47   29   27  255   56   42   39  255   56   42   41  255   44   33   31  255   49   41   39  255   40   39   34  255   36   42   32  255   38   44   32  255   37   37   27  255   51   44   36  255   51   42   37  255   54   45   40  255   52   45   39  255   27   22   16  255   49   46   41  255   37   36   31  255   42   38   35  255   43   39   36  255
   55   45   43  255   37   30   24  255   40   36   27  255   46   36   27  255   27    0    0  255  119   71   71  255  208  135  142  255  136   59   67  255  113   48   54  255   45    0    0  255   49   20   16  255   47   28   24  255   35   17   15  255   59   43   44  255   48   38   39  255   38   34   31  255   38   39   31  255   34   37   26  255   50   47   38  255   42   35   27  255   59   50   43  255   52   41   35  255   41   30   24  255   57   46   40  255   32   23   18  255   53   44   39  255   56   48   45  255   38   30   27  255
   29   21   18  255   40   35   29  255   47   43   32  255   46   26   19  255   74   20   20  255  162   80   86  255  175   67   80  255  239  127  139  255  206  111  119  255  140   61   66  255  108   48   48  255   43    0    0  255   50   11   12  255   49   20   22  255   50   31   33  255   42   30   30  255   45   38   32  255   47   43   34  255   51   47   38  255   44   37   29  255   43   36   28  255   43   34   27  255   50   37   31  255   56   43   37  255   56   43   37  255   42   31   25  255   31   22   17  255   39   32   26  255
   35   30   27  255   58   51   45  255   37   27   18  255   36    0    0  255  150   63   71  255  180   62   76  255  189   52   68  255  184   46   61  255  193   69   77  255  236  123  129  255  205   98  106  255  164   69   77  255  113   40   47  255   47    0    0  255   46   12   13  255   45   21   21  255   47   26   25  255   49   31   29  255   44   35   28  255   49   45   36  255   34   32   20  255   44   40   29  255   46   37   28  255   56   46   37  255   54   41   33  255   36   26   17  255   44   40   29  255   33   33   21  255
   45   39   39  255   57   49   47  255   47   32   27  255   40    0    0  255  134   41   51  255  192   64   79  255  195   53   69  255  197   51   64  255  194   54   63  255  185   48   56  255  201   63   76  255  244  116  129  255  194   90   99  255  164   83   89  255   95   33   36  255   48    0    0  255   56   11   14  255   51   17   16  255   48   27   22  255   70   60   50  255   54   50   38  255   51   47   35  255   51   43   32  255   48   35   26  255   49   35   26  255   49   39   29  255   32   28   17  255   51   51   39  255
   51   42   47  255   35   24   28  255   55   41   40  255   33    0    0  255  100   23   29  255  163   56   66  255  178   51   62  255  200   60   71  255  194   50   59  255  207   60   70  255  200   48   61  255  186   40   53  255  204   77   86  255  227  113  121  255  200   96  103  255  164   73   80  255  102   30   34  255   55    0    0  255   43    6    0  255   96   74   63  255   74   62   48  255   37   28   13  255   44   30   19  255   96   79   69  255   61   42   35  255   49   34   27  255   41   34   26  255   46   43   34  255
   47   41   45  255   39   30   33  255   64   54   53  255   40   16   14  255   47    0    0  255  113   37   41  255  128   29   34  255  167   50   58  255  178   47   55  255  194   50   60  255  204   52   65  255  204   52   65  255  192   50   62  255  179   47   58  255  204   80   90  255  227  120  126  255  183  101  105  255  137   77   76  255   86   46   38  255   80   54   41  255   44   31   15  255   29   20    3  255   62   48   35  255  121  104   94  255   76   57   50  255   47   32   25  255   54   47   41  255   33   30   23  255
   39   35   36  255   47   43   42  255   55   50   47  255   40   31   26  255   28    9    3  255   43    8    4  255   63    5    4  255  110   28   32  255  138   32   42  255  172   48   59  255  185   47   62  255  200   53   69  255  196   49   65  255  191   51   64  255  195   72   77  255  214  114  116  255  206  135  133  255  181  132  125  255  164  132  121  255  192  173  158  255   89   77   61  255  102   95   77  255   70   58   44  255   32   18    7  255   63   49   40  255   47   37   28  255   44   39   33  255   38   37   32  255
   31   28   23  255   50   47   42  255   39   34   28  255   34   29   23  255   51   48   41  255   21    8    2  255   40    9    7  255   51    0    1  255   80    5   12  255  117   21   33  255  138   23   38  255  171   43   58  255  186   48   64  255  185   50   64  255  213   96  102  255  217  127  126  255  176  118  116  255  184  149  143  255  195  173  162  255  190  176  165  255  143  135  122  255  120  112   99  255   55   45   33  255   38   26   14  255   52   39   30  255   45   35   26  255   42   39   30  255   39   39   29  255
   38   34   22  255   56   52   40  255   39   32   22  255   46   39   31  255   50   45   41  255   46   38   35  255   49   31   31  255   21    0    0  255   36    0    2  255   81   24   33  255  101   21   34  255  135   34   48  255  156   38   54  255  180   60   72  255  210  107  111  255  187  111  111  255  168  129  130  255  167  151  151  255  201  191  189  255  222  215  209  255  155  150  144  255   15    8    0  255   21    8    0  255   52   38   29  255   55   41   32  255   43   33   21  255   57   51   39  255   37   35   20  255
   55   51   39  255   32   26   14  255   41   32   23  255   56   47   40  255   37   29   26  255   43   38   35  255   52   44   42  255   34   22   22  255   27   11   12  255   31    2    6  255   66   17   23  255   98   28   38  255  126   34   45  255  146   46   56  255  170   79   84  255  178  109  112  255  153  118  122  255  187  175  175  255  105   97   94  255   93   88   82  255  132  123  116  255   22    9    1  255  107   90   82  255   65   48   40  255   44   30   21  255   40   30   18  255   57   51   39  255   42   40   25  255
   41   34   28  255   49   42   36  255   45   36   31  255   45   34   30  255   50   40   38  255   40   32   29  255   46   41   37  255   49   46   41  255   42   39   34  255   40   31   26  255   31    7    5  255   38    0    0  255   72   13   17  255   99   28   34  255  111   32   38  255  156   85   91  255  171  127  128  255  208  183  179  255  152  135  127  255  113  101   89  255  167  151  138  255   35   13    0  255   95   68   59  255   58   35   27  255   60   46   37  255   41   32   23  255   44   40   31  255   50   50   40  255
   38   35   30  255   45   40   36  255   56   48   45  255   34   26   23  255   56   46   44  255   46   38   35  255   50   45   41  255   33   32   27  255   38   38   30  255   51   48   41  255   38   29   22  255   46   27   21  255   40    6    4  255   40    0    0  255   69   10   14  255  132   76   79  255  158  117  113  255  188  159  151  255  198  179  165  255  193  176  160  255   98   75   59  255  140  112   98  255   76   46   35  255   39   15    5  255   51   38   29  255   47   43   34  255   47   46   41  255   45   46   40  255
   40   46   36  255   50   53   44  255   42   43   35  255   35   35   27  255   47   44   37  255   53   48   42  255   30   25   21  255   57   52   48  255   40   35   29  255   41   36   30  255   39   32   26  255   45   34   28  255   42   24   20  255   48   27   22  255   39   11    8  255   38    9    3  255  125   98   89  255  171  148  134  255  154  132  118  255  201  180  163  255   75   47   33  255   96   67   53  255  151  121  110  255   66   44   33  255   47   38   29  255   54   54   46  255   47   48   43  255   36   38   33  255
   37   43   31  255   34   40   28  255   45   48   37  255   48   49   41  255   44   44   36  255   45   42   35  255   45   40   36  255   55   47   44  255   37   30   24  255   47   40   34  255   40   31   26  255   47   40   34  255   59   52   46  255   44   37   29  255   36   29   21  255   29   19   10  255   42   28   17  255   43   27   12  255   42   24   10  255   67   45   31  255   71   43   31  255   51   21   10  255   90   63   52  255   68   50   40  255   42   35   25  255   43   43   35  255   36   37   31  255   35   37   32  255
   58   56   44  255   34   32   20  255   38   38   26  255   43   43   33  255   49   49   41  255   31   28   21  255   45   40   36  255   48   40   37  255   56   46   44  255   41   31   29  255   47   36   34  255   44   34   32  255   41   36   32  255   35   35   27  255   28   29   21  255   39   40   32  255   38   36   24  255   26   20    8  255   29   17    5  255  120  102   90  255   85   61   51  255   54   30   20  255   52   34   22  255   50   38   26  255   49   45   34  255   36   36   26  255   30   27   20  255   41   38   33  255
   43   33   24  255   43   34   25  255   69   62   52  255   46   43   34  255   27   24   17  255   38   38   30  255   37   34   29  255   51   46   42  255   52   42   40  255   59   48   46  255   40   29   27  255   45   34   32  255   52   44   41  255   53   50   45  255   35   36   30  255   36   39   32  255   43   44   36  255   40   40   30  255   34   27   19  255   69   56   48  255   62   45   37  255   42   25   17  255   41   28   19  255   51   43   32  255   52   48   37  255   38   35   26  255   41   34   26  255   50   43   35  255
   50   32   28  255   51   36   31  255   53   42   36  255   31   24   16  255   40   37   30  255   47   47   39  255   33   32   27  255   62   59   54  255   35   27   24  255   46   36   34  255   50   36   35  255   58   44   43  255   43   29   28  255   48   37   35  255   45   37   34  255   56   51   47  255   38   39   34  255   42   43   37  255   51   48   43  255   41   34   28  255   32   23   16  255   57   48   39  255   51   44   34  255   45   41   30  255   37   30   22  255   33   26   18  255   50   39   33  255   64   54   45  255
   52   34   32  255   62   47   42  255   36   25   21  255   52   45   39  255   43   40   33  255   27   27   19  255   43   42   37  255   31   28   23  255   50   45   41  255   60   52   49  255   47   36   34  255   53   39   38  255   45   31   30  255   45   31   28  255   52   41   39  255   49   41   38  255   47   43   40  255   50   49   45  255   40   37   32  255   40   35   29  255   51   47   38  255   49   45   36  255   28   24   15  255   46   42   33  255   61   54   46  255   46   37   30  255   47   38   31  255   50   41   32  255
   48   40   37  255   34   27   21  255   38   33   29  255   38   35   30  255   65   62   57  255   40   39   34  255   40   39   34  255   42   41   36  255   43   40   35  255   37   32   28  255   45   38   32  255   52   45   39  255   46   37   32  255   46   37   30  255   48   39   34  255   35   26   21  255   34   25   20  255   40   31   26  255   60   53   47  255   49   45   36  255   34   30   21  255   46   42   31  255   61   57   48  255   29   22   14  255   62   53   48  255   42   35   29  255   58   53   47  255   27   24   15  255
   46   42   39  255   56   53   48  255   43   40   35  255   48   45   40  255   37   34   29  255   42   39   34  255   39   36   31  255   45   44   39  255   44   41   36  255   37   34   27  255   52   49   42  255   39   36   27  255   53   49   40  255   55   51   42  255   43   39   30  255   56   49   41  255   55   44   38  255   55   46   39  255   42   35   27  255   49   45   36  255   33   29   20  255   42   38   29  255   44   37   29  255   54   45   38  255   38   29   24  255   49   44   38  255   19   19   11  255   57   58   50  255
   34   33   31  255   40   39   35  255   43   39   36  255   35   30   27  255   52   44   42  255   47   39   37  255   62   57   53  255   43   40   35  255   42   42   34  255   47   48   40  255   45   46   38  255   34   37   26  255   50   52   41  255   42   42   30  255   40   38   26  255   52   48   39  255   46   39   31  255   43   36   30  255   33   28   22  255   40   37   30  255   61   56   50  255   52   45   39  255   46   35   31  255   50   39   35  255   34   27   21  255   60   57   50  255   41   44   33  255   55   61   49  255
   20   20   18  255   46   45   43  255   47   43   40  255   60   55   52  255   39   29   28  255   36   28   26  255   50   42   39  255   42   39   34  255   34   34   26  255   46   49   40  255   29   32   21  255   40   46   34  255   41   45   31  255   30   32   19  255   44   44   32  255   41   39   27  255   33   26   20  255   51   46   40  255   38   35   28  255   57   54   47  255   31   26   20  255   46   37   32  255   43   29   26  255   69   55   52  255   50   43   37  255   26   26   18  255   48   51   40  255   23   31   18  255
