   28   28
  175  173  132  255  166  164  123  255  173  168  126  255  176  171  129  255  174  167  125  255  175  168  126  255  175  168  124  255  175  168  124  255  173  169  124  255  173  169  124  255  173  169  124  255  173  169  124  255  173  169  124  255  173  169  124  255  175  168  124  255  175  168  124  255  175  168  124  255  175  168  124  255  174  169  127  255  174  169  127  255  173  168  126  255  173  168  126  255  175  168  126  255  175  168  126  255  171  164  120  255  177  170  126  255  177  169  123  255  177  169  123  255
  168  165  124  255  155  152  109  255  157  152  110  255  160  153  111  255  157  150  108  255  158  151  107  255  159  150  107  255  158  151  107  255  159  152  108  255  157  153  106  255  157  153  108  255  157  153  108  255  157  153  108  255  159  152  108  255  159  152  108  255  159  152  108  255  158  151  107  255  158  151  107  255  158  151  107  255  156  152  107  255  158  151  109  255  158  151  107  255  158  151  109  255  158  151  107  255  158  151  107  255  160  152  106  255  162  154  108  255   94   86   40  255
  172  167  125  255  157  153  108  255  156  152  107  255  159  152  108  255  158  149  106  255  161  153  107  255  163  152  107  255  160  152  106  255  158  150  104  255  157  151  103  255  157  150  104  255  157  150  104  255  157  150  104  255  158  150  104  255  158  150  104  255  158  150  104  255  160  152  106  255  160  152  106  255  160  152  106  255  158  151  105  255  160  151  108  255  160  152  106  255  160  151  108  255  160  152  106  255  163  155  109  255  158  147  102  255  173  162  117  255   98   87   41  255
  171  167  122  255  159  152  108  255  158  151  107  255  162  154  108  255  163  152  107  255  165  154  109  255  165  154  109  255  163  152  106  255  164  153  107  255  162  154  107  255  161  153  106  255  161  153  106  255  161  153  106  255  161  153  106  255  163  152  107  255  163  152  106  255  164  153  108  255  161  153  107  255  161  153  107  255  161  153  107  255  161  153  107  255  161  153  107  255  161  153  107  255  163  152  107  255  162  151  106  255  163  152  106  255  169  158  112  255  102   91   45  255
  173  166  120  255  158  151  105  255  159  151  105  255  164  153  107  255  162  151  105  255  163  150  105  255  162  149  104  255  160  150  101  255  162  152  103  255  162  152  103  255  162  152  103  255  162  152  103  255  162  152  103  255  161  151  102  255  162  149  104  255  161  151  102  255  162  151  105  255  161  150  104  255  160  149  103  255  161  150  104  255  161  150  104  255  161  150  104  255  161  150  104  255  162  149  104  255  162  149  104  255  167  155  107  255  167  155  107  255  103   91   43  255
  176  169  123  255  161  154  108  255  162  151  105  255  165  154  108  255  163  150  105  255  164  151  106  255  164  152  104  255  164  152  104  255  163  153  104  255  163  153  104  255  163  153  104  255  163  153  104  255  163  153  104  255  162  152  103  255  163  151  103  255  163  151  103  255  163  153  104  255  163  153  104  255  163  152  106  255  163  152  106  255  164  153  107  255  164  153  107  255  164  151  106  255  163  150  105  255  168  156  108  255  161  149  101  255  170  156  109  255  106   92   45  255
  174  167  121  255  158  151  105  255  159  148  102  255  162  151  105  255  161  148  103  255  162  149  104  255  163  151  103  255  163  151  103  255  163  153  104  255  163  153  104  255  163  153  104  255  163  153  104  255  163  153  104  255  163  153  104  255  164  152  104  255  164  152  104  255  163  151  103  255  163  151  103  255  162  152  103  255  162  152  103  255  163  152  106  255  163  152  106  255  163  150  105  255  162  149  104  255  166  154  106  255  163  151  103  255  173  159  110  255   99   85   36  255
  176  169  123  255  160  153  107  255  159  151  105  255  165  154  108  255  164  151  106  255  164  151  106  255  164  151  106  255  162  152  103  255  163  153  104  255  163  153  104  255  163  153  104  255  163  153  104  255  163  153  104  255  163  153  104  255  163  151  103  255  163  151  103  255  164  152  104  255  164  152  104  255  163  153  104  255  164  154  105  255  165  154  108  255  165  154  108  255  164  151  106  255  163  150  105  255  162  150  102  255  165  153  105  255  171  157  110  255  106   92   43  255
  173  169  124  255  158  151  105  255  160  152  106  255  161  153  107  255  164  153  108  255  162  151  105  255  163  152  106  255  161  150  104  255  161  150  104  255  160  152  105  255  161  153  106  255  161  153  106  255  161  153  106  255  161  153  106  255  163  152  106  255  163  152  106  255  162  151  105  255  162  151  105  255  162  151  105  255  162  151  105  255  163  152  107  255  163  152  107  255  163  152  106  255  163  152  106  255  163  152  106  255  162  152  103  255  173  161  113  255   98   86   38  255
  173  169  124  255  156  152  107  255  159  152  106  255  161  153  107  255  164  153  108  255  162  151  106  255  163  152  106  255  161  150  104  255  160  152  105  255  161  153  106  255  162  154  107  255  162  154  107  255  161  153  106  255  161  153  106  255  163  152  106  255  163  152  106  255  163  152  106  255  163  152  106  255  162  151  105  255  162  151  105  255  163  152  107  255  163  152  107  255  163  152  106  255  163  152  106  255  163  152  106  255  162  151  105  255  173  161  113  255   99   87   39  255
  173  169  124  255  156  152  107  255  159  152  108  255  161  152  109  255  163  152  107  255  162  151  106  255  163  152  107  255  162  151  106  255  161  153  106  255  161  153  106  255  161  155  107  255  161  155  107  255  161  153  107  255  161  153  107  255  163  152  107  255  163  152  107  255  162  154  108  255  161  153  107  255  160  152  106  255  160  152  106  255  160  152  106  255  161  153  107  255  161  153  107  255  161  153  107  255  163  152  106  255  162  151  105  255  173  160  115  255   99   86   41  255
  173  169  124  255  156  152  107  255  159  152  108  255  161  152  109  255  163  152  107  255  161  150  105  255  163  152  107  255  162  151  106  255  161  153  106  255  161  153  106  255  160  154  106  255  160  154  106  255  160  152  106  255  160  152  106  255  162  151  106  255  162  151  106  255  164  153  108  255  161  153  107  255  160  152  106  255  160  152  106  255  160  152  106  255  161  153  107  255  161  153  107  255  161  153  107  255  162  151  105  255  162  151  105  255  173  160  115  255   99   86   41  255
  173  169  124  255  156  152  107  255  159  152  106  255  161  153  107  255  163  152  107  255  161  150  105  255  163  152  106  255  162  151  105  255  161  153  106  255  161  153  106  255  161  153  106  255  161  153  106  255  162  151  105  255  162  151  105  255  163  150  105  255  162  151  105  255  163  152  106  255  163  152  106  255  162  151  105  255  162  151  105  255  163  152  106  255  163  152  106  255  163  152  106  255  163  152  106  255  162  151  105  255  162  151  105  255  173  161  113  255   99   87   39  255
  173  169  124  255  158  151  105  255  160  152  106  255  161  153  107  255  163  152  107  255  161  150  104  255  163  152  106  255  163  152  106  255  163  152  106  255  161  153  106  255  161  153  106  255  161  153  106  255  162  151  105  255  162  151  105  255  164  151  106  255  164  151  106  255  163  152  106  255  162  151  105  255  162  151  105  255  163  152  106  255  163  152  106  255  163  152  106  255  163  152  106  255  163  152  106  255  161  150  104  255  162  152  103  255  173  161  113  255   99   87   39  255
  175  168  122  255  159  152  106  255  160  152  106  255  163  152  106  255  163  150  105  255  162  149  104  255  164  151  106  255  163  153  104  255  163  153  104  255  163  153  104  255  163  153  104  255  163  153  104  255  163  151  103  255  163  151  103  255  164  152  104  255  165  153  105  255  164  152  104  255  164  152  104  255  164  152  104  255  164  152  104  255  164  152  104  255  164  152  104  255  164  152  104  255  163  151  103  255  162  150  102  255  162  150  102  255  174  160  113  255  100   86   37  255
  175  168  122  255  159  152  106  255  160  152  106  255  163  152  106  255  163  150  105  255  162  149  104  255  164  152  104  255  164  152  104  255  162  152  103  255  162  152  103  255  162  152  103  255  162  152  103  255  163  151  103  255  163  151  103  255  164  152  104  255  165  153  105  255  164  152  104  255  164  152  104  255  164  152  104  255  165  153  105  255  165  153  105  255  163  153  104  255  163  150  105  255  162  150  102  255  162  150  102  255  162  150  102  255  174  160  113  255  101   87   38  255
  173  169  124  255  157  150  104  255  161  153  107  255  162  151  105  255  163  150  105  255  163  151  103  255  163  151  103  255  163  151  103  255  163  152  106  255  163  152  106  255  162  151  105  255  162  151  105  255  163  152  106  255  163  152  106  255  164  152  104  255  164  152  104  255  164  151  106  255  164  151  106  255  163  152  106  255  163  152  106  255  162  151  105  255  160  152  105  255  163  152  107  255  163  152  106  255  162  151  105  255  162  152  103  255  172  160  112  255  101   89   41  255
  173  169  124  255  155  151  106  255  161  153  107  255  161  153  106  255  164  151  106  255  163  151  103  255  163  151  103  255  164  152  104  255  163  152  106  255  163  152  106  255  163  152  106  255  163  152  106  255  163  152  106  255  163  152  106  255  164  152  104  255  164  152  104  255  164  151  106  255  164  151  106  255  163  152  106  255  163  152  106  255  160  152  106  255  160  152  106  255  161  153  107  255  161  153  107  255  163  152  106  255  163  152  106  255  172  160  112  255  100   88   40  255
  173  169  124  255  156  152  107  255  162  154  108  255  161  153  106  255  164  151  106  255  163  151  103  255  164  152  104  255  164  152  104  255  163  152  106  255  163  152  106  255  163  152  107  255  163  152  107  255  163  152  106  255  163  152  106  255  162  152  103  255  162  152  103  255  163  152  106  255  163  152  106  255  163  152  106  255  163  152  106  255  160  152  106  255  160  152  106  255  161  153  107  255  161  153  107  255  163  152  106  255  163  152  106  255  172  160  112  255  100   88   40  255
  173  169  124  255  156  152  107  255  162  154  108  255  161  153  107  255  163  150  105  255  163  151  103  255  163  151  103  255  164  152  104  255  162  151  105  255  163  152  106  255  163  152  107  255  163  152  107  255  163  152  106  255  163  152  106  255  162  152  103  255  162  152  103  255  163  152  106  255  163  152  106  255  163  152  106  255  163  152  106  255  161  153  107  255  161  153  107  255  161  153  107  255  161  153  107  255  163  152  106  255  162  151  105  255  171  159  111  255  100   88   40  255
  173  169  124  255  155  151  106  255  161  153  107  255  161  153  107  255  163  150  105  255  162  149  104  255  163  151  103  255  164  152  104  255  162  151  105  255  162  151  105  255  161  153  107  255  161  153  107  255  163  152  106  255  163  152  106  255  163  153  104  255  162  152  103  255  163  153  104  255  163  153  104  255  163  152  106  255  163  152  106  255  163  152  106  255  163  152  106  255  163  152  106  255  163  152  106  255  163  152  106  255  162  151  105  255  171  159  111  255  100   88   40  255
  173  169  124  255  155  151  106  255  161  153  107  255  160  152  106  255  163  150  105  255  163  150  105  255  163  151  103  255  163  151  103  255  162  151  105  255  162  151  105  255  161  153  107  255  161  153  107  255  163  152  106  255  163  152  106  255  163  153  104  255  163  153  104  255  163  153  104  255  162  152  103  255  163  152  106  255  163  152  106  255  163  152  106  255  163  152  106  255  163  152  106  255  162  151  105  255  164  153  107  255  162  151  105  255  171  159  111  255  100   88   40  255
  174  170  125  255  155  151  106  255  160  152  106  255  160  152  106  255  164  151  106  255  164  151  106  255  163  151  103  255  163  151  103  255  163  152  106  255  163  152  106  255  163  152  107  255  163  152  107  255  163  152  106  255  163  152  106  255  163  153  104  255  163  153  104  255  163  153  104  255  162  152  103  255  162  152  103  255  163  153  104  255  163  152  106  255  163  152  106  255  163  152  106  255  162  151  105  255  164  152  104  255  163  151  103  255  172  158  111  255  101   87   40  255
  175  171  126  255  157  150  106  255  160  152  106  255  160  152  106  255  165  152  107  255  165  152  107  255  164  152  104  255  163  151  103  255  164  151  106  255  163  152  106  255  163  152  107  255  163  152  107  255  162  151  105  255  162  151  105  255  163  153  104  255  163  153  104  255  162  152  103  255  162  152  103  255  162  152  103  255  163  153  104  255  164  153  107  255  164  153  107  255  163  152  106  255  162  151  105  255  164  152  104  255  163  151  103  255  172  158  111  255  102   88   41  255
  175  168  124  255  154  147  103  255  158  150  104  255  165  157  111  255  164  151  106  255  160  148  100  255  162  148  101  255  165  153  105  255  163  150  105  255  164  151  106  255  163  152  107  255  163  152  107  255  163  152  106  255  163  152  106  255  164  152  104  255  164  152  104  255  162  152  103  255  162  152  103  255  163  153  104  255  163  153  104  255  163  153  104  255  163  153  104  255  164  152  104  255  164  152  104  255  166  154  106  255  161  149  101  255  173  159  110  255  101   87   38  255
  172  165  121  255  165  158  114  255  159  151  105  255  157  146  100  255  163  151  103  255  164  152  104  255  169  155  108  255  161  147  100  255  161  148  103  255  162  149  104  255  161  150  105  255  161  150  104  255  161  150  104  255  160  150  101  255  161  149  101  255  162  150  102  255  161  151  102  255  161  151  102  255  162  152  103  255  161  151  102  255  161  151  102  255  161  151  102  255  162  150  102  255  162  150  102  255  161  149  101  255  163  151  103  255  176  162  113  255  102   88   39  255
  171  164  120  255  162  155  111  255  175  167  121  255  169  158  112  255  170  158  110  255  170  156  109  255  176  162  115  255  169  155  108  255  172  159  114  255  172  159  114  255  172  159  114  255  172  159  114  255  172  159  114  255  172  160  112  255  172  160  112  255  172  160  110  255  172  160  112  255  173  161  113  255  173  161  113  255  172  160  112  255  172  160  112  255  171  159  111  255  172  160  112  255  172  160  112  255  174  160  111  255  171  157  108  255  171  157  108  255  108   94   45  255
  183  176  132  255   92   85   39  255   96   85   40  255   98   87   41  255  106   92   45  255  103   89   42  255   98   84   37  255  102   88   41  255  100   87   42  255  100   87   42  255  100   87   42  255  100   87   42  255  100   88   40  255  100   88   40  255  100   88   38  255  100   88   38  255  100   88   40  255  100   88   40  255  100   88   40  255  100   88   40  255   99   87   39  255   99   87   39  255  100   88   40  255  101   89   41  255   97   83   34  255  101   87   38  255  111   97   48  255  100   86   37  255
