   28   28
   24   43   57  255    9   21   33  255   48   42   54  255   34   24   33  255   43   42   50  255   27   31   34  255   47   50   43  255   56   57   51  255   41   36   42  255   30   25   32  255   36   37   39  255   34   36   33  255   36   36   34  255   32   32   32  255    1    6   12  255   21   25   36  255   42   44   57  255   34   38   50  255   31   40   49  255   22   34   46  255   30   38   57  255   44   51   77  255   34   41   69  255   40   46   68  255   15   18   27  255   42   40   41  255   53   45   43  255   37   26   24  255
   56   72   87  255   36   44   57  255    7    2    9  255   54   47   54  255   40   41   46  255   27   32   36  255   21   26   29  255   28   31   36  255   47   45   58  255   54   52   63  255   41   42   47  255   44   46   45  255   17   17   15  255   10   10   10  255   37   40   45  255   30   33   42  255   12   14   26  255   29   33   44  255   35   44   53  255   50   60   72  255   30   42   66  255   59   70   98  255   30   40   67  255   25   33   54  255   44   48   57  255    7    8   10  255   45   41   42  255   38   32   32  255
   51   56   76  255   18   20   33  255   59   57   58  255    3    2    0  255   50   54   57  255   20   29   38  255   22   33   53  255   27   37   64  255   50   54   81  255   21   22   42  255   22   22   34  255   26   25   30  255   16   16   14  255   35   35   33  255   42   42   44  255   37   36   41  255   46   49   56  255   25   29   38  255   39   43   52  255   35   44   61  255   50   65   96  255   17   36   69  255   15   31   56  255   32   45   62  255    9   19   29  255   24   33   38  255    0    2    5  255    0    4    7  255
   22   34   76  255   12   22   57  255   45   54   71  255    0    3   18  255    3   21   43  255   26   49   81  255   11   35   83  255   29   50  103  255    8   25   69  255   13   27   64  255    0    8   38  255   11   21   46  255   17   25   44  255    0    9   26  255    0    7   30  255    7   17   42  255    3   15   39  255    5   19   45  255   19   33   62  255   25   43   79  255   42   64  111  255   32   56  104  255   17   40   81  255   19   39   72  255    5   22   48  255    0   11   34  255    0    7   25  255   34   51   69  255
   50   85  166  255   28   62  134  255   28   57  113  255   25   56  110  255   20   59  126  255   16   59  137  255   20   62  148  255   38   79  161  255   35   72  140  255   26   62  122  255   17   52  116  255   23   57  120  255   18   47  103  255   23   49  108  255   32   61  131  255   32   62  134  255   27   57  119  255   21   55  116  255   25   62  132  255   31   68  139  255   35   66  131  255   43   74  139  255   46   79  150  255   44   74  144  255   32   63  120  255   36   64  112  255   11   35   81  255   23   46   88  255
   19   71  172  255   60  110  205  255   33   78  161  255   32   79  159  255   28   81  173  255   44   99  199  255   41   96  199  255   40   94  192  255   41   91  176  255   35   86  165  255   31   81  168  255   31   78  166  255   31   76  159  255   36   81  166  255   32   78  176  255   41   87  185  255   53   99  187  255   64  111  199  255   45   94  189  255   32   81  174  255    8   53  138  255   27   69  153  255   30   70  165  255   32   72  167  255   34   75  157  255   54   93  168  255    0   37  106  255   54   91  159  255
   26   88  191  255   76  138  237  255   41   99  196  255   38   94  189  255   56  114  211  255   52  111  211  255   51  110  214  255   41  100  202  255   53  111  208  255   34   90  185  255   32   87  187  255   34   89  190  255   31   86  186  255   35   93  192  255   30   89  193  255   36   94  201  255   49  106  213  255   77  131  239  255   60  113  217  255   39   94  197  255   30   87  190  255   34   91  196  255   34   86  195  255   39   90  197  255   40   89  192  255   62  114  213  255   84  139  232  255   45  100  191  255
   61  123  226  255   78  140  243  255   68  129  235  255   63  124  230  255   80  139  241  255   91  150  252  255   90  151  255  255   87  148  254  255   75  134  238  255   65  124  226  255   57  114  217  255   58  116  223  255   42  104  213  255   36  100  210  255   42  106  214  255   44  108  218  255   69  129  243  255   88  145  255  255   66  122  231  255   38   96  203  255   43  105  216  255   53  117  227  255   62  120  228  255   58  115  222  255   66  120  229  255   75  132  239  255   81  139  246  255   67  129  232  255
   84  136  237  255   94  147  249  255   80  136  247  255   83  141  251  255   90  148  255  255   88  145  250  255   86  144  252  255   91  147  255  255   90  144  253  255   90  144  250  255   87  141  239  255   79  134  235  255   51  108  223  255   39  100  217  255   49  112  225  255   61  123  234  255   78  136  246  255   93  150  255  255   66  124  231  255   35   94  198  255   62  121  225  255   81  140  242  255   84  142  239  255   86  144  241  255   86  141  242  255   93  148  251  255   93  146  250  255   87  140  244  255
  122  165  255  255  117  163  255  255   93  145  254  255   86  142  253  255   88  145  252  255   92  147  250  255   93  146  248  255  105  157  255  255  113  161  255  255  115  161  255  255  120  168  253  255  103  152  244  255   61  113  225  255   43   99  218  255   46  108  221  255   64  125  232  255   93  146  248  255  110  162  255  255   94  148  244  255   69  123  219  255   88  139  231  255  112  163  252  255  116  168  252  255  112  164  248  255  116  166  255  255  114  163  255  255  114  158  255  255  118  162  255  255
  150  188  255  255  129  173  255  255  105  154  255  255   91  144  250  255   92  147  250  255  104  157  253  255  112  159  247  255  138  181  255  255  149  188  255  255  152  191  255  255  153  194  255  255  120  164  237  255   74  119  222  255   58  110  222  255   51  112  219  255   68  127  227  255  104  154  243  255  140  185  255  255  134  176  255  255  108  151  230  255  118  160  236  255  148  188  255  255  152  190  255  255  147  185  255  255  147  185  255  255  150  186  255  255  148  182  255  255  152  183  255  255
  168  199  255  255  135  172  242  255  107  151  240  255   96  142  236  255  111  157  243  255  140  181  255  255  151  186  252  255  179  210  255  255  179  207  255  255  162  189  236  255  174  203  245  255  163  194  249  255  107  141  228  255   85  125  221  255   84  136  222  255   97  146  223  255  145  182  250  255  189  219  255  255  171  201  255  255  141  171  231  255  157  188  245  255  183  214  255  255  176  205  255  255  171  200  255  255  148  176  239  255  153  181  246  255  160  185  252  255  172  196  255  255
  195  217  255  255  159  187  235  255  126  160  232  255  118  154  228  255  154  180  239  255  192  213  255  255  197  212  253  255  214  228  255  255  208  221  253  255  187  201  230  255  210  222  248  255  210  224  255  255  148  170  230  255  141  169  234  255  169  201  250  255  164  194  232  255  191  209  245  255  225  238  255  255  208  223  255  255  183  199  235  255  186  205  248  255  195  216  255  255  184  207  251  255  184  208  254  255  179  202  255  255  177  198  251  255  179  200  243  255  200  222  255  255
  218  235  255  255  199  221  255  255  169  198  255  255  163  189  248  255  196  211  250  255  227  234  255  255  222  228  250  255  228  235  254  255  227  235  255  255  225  233  252  255  231  238  254  255  222  230  253  255  190  204  241  255  207  222  255  255  231  247  255  255  219  232  249  255  216  224  237  255  229  235  251  255  229  235  255  255  218  227  255  255  208  221  255  255  201  219  255  255  194  213  253  255  190  212  253  255  193  214  255  255  202  223  255  255  207  228  255  255  219  239  255  255
  211  231  255  255  218  238  255  255  192  215  255  255  183  205  254  255  212  224  250  255  234  240  254  255  232  236  248  255  230  236  250  255  219  232  249  255  212  228  244  255  212  228  241  255  222  236  247  255  226  238  252  255  233  240  255  255  237  236  252  255  239  237  250  255  237  242  246  255  229  238  247  255  222  232  255  255  214  224  255  255  210  222  255  255  206  221  255  255  197  219  255  255  189  212  253  255  181  204  245  255  200  224  255  255  210  231  255  255  218  240  255  255
  193  216  248  255  205  230  255  255  172  198  255  255  163  188  242  255  200  216  242  255  230  240  252  255  234  240  254  255  227  238  255  255  201  220  252  255  177  201  235  255  192  218  243  255  217  239  255  255  221  238  254  255  232  241  255  255  235  233  255  255  239  237  255  255  231  241  253  255  227  242  255  255  209  224  255  255  176  193  245  255  168  188  238  255  166  190  238  255  175  202  247  255  183  212  255  255  192  221  255  255  183  212  255  255  175  203  243  255  195  220  255  255
  169  197  245  255  184  216  255  255  136  173  253  255  135  172  243  255  188  213  253  255  223  241  255  255  214  229  255  255  195  214  255  255  163  191  255  255  131  164  235  255  152  188  246  255  183  217  255  255  188  217  255  255  195  216  255  255  201  216  255  255  198  211  253  255  204  224  255  255  192  216  255  255  171  199  255  255  134  165  247  255  137  173  247  255  142  181  246  255  165  205  255  255  168  208  255  255  180  216  255  255  147  182  250  255  128  162  234  255  162  196  255  255
  149  184  250  255  136  175  250  255  102  148  242  255  106  152  240  255  159  194  252  255  203  230  255  255  195  219  255  255  160  189  247  255  128  164  250  255  105  148  240  255  113  158  239  255  140  184  255  255  154  192  255  255  154  185  249  255  155  183  246  255  158  187  247  255  145  177  238  255  151  188  255  255  122  161  252  255   93  137  234  255  109  156  246  255  130  179  255  255  140  187  255  255  142  187  254  255  137  178  255  255  111  152  240  255  101  144  238  255  118  162  255  255
  123  170  252  255   98  148  237  255   68  121  223  255   67  119  220  255  124  166  252  255  174  210  255  255  166  204  255  255  146  186  255  255  110  156  250  255  100  152  253  255   96  149  243  255  108  158  245  255  124  169  252  255  133  174  254  255  136  173  253  255  123  164  244  255  110  158  243  255  110  163  255  255   83  137  235  255   61  115  215  255   71  125  223  255  102  155  249  255  113  162  255  255  112  158  252  255  104  149  250  255   75  124  227  255   58  111  215  255   90  147  252  255
  101  155  251  255   87  142  242  255   48  106  213  255   56  113  220  255   94  142  244  255  111  156  249  255  116  163  245  255  112  162  247  255   96  149  251  255   80  137  244  255   82  140  240  255   97  151  249  255  110  159  252  255  120  167  255  255  118  163  254  255  102  151  244  255   86  141  242  255   80  139  243  255   66  128  231  255   41  100  202  255   50  107  210  255   83  137  243  255   90  141  248  255   86  137  246  255   80  131  240  255   56  110  218  255   41  102  209  255   53  117  225  255
   90  153  255  255   79  140  246  255   74  132  242  255   69  125  236  255   71  125  234  255   64  117  223  255   67  121  221  255   89  144  244  255   74  132  239  255   49  110  217  255   65  124  226  255   87  142  243  255   99  151  252  255  104  153  255  255   97  149  250  255  101  156  255  255   77  134  241  255   55  113  221  255   39  101  204  255   25   87  190  255   57  115  222  255   88  144  253  255   71  125  234  255   72  126  234  255   49  104  207  255   38   97  199  255   34   97  202  255   40  107  212  255
   57  122  226  255   91  152  255  255   37   90  194  255   65  118  224  255   45   99  207  255   48  104  213  255   43  100  205  255   41   98  203  255   60  119  221  255   37   94  197  255   54  109  210  255   73  127  225  255   79  129  224  255   60  110  207  255   38   91  193  255   64  117  219  255   62  114  213  255   47   99  198  255   43   97  197  255   28   86  186  255   36   93  200  255   69  125  234  255   38   94  203  255   29   83  189  255   40   96  193  255   35   91  184  255   29   86  176  255   43  100  190  255
   47  106  210  255   90  145  245  255   65  110  201  255   58  102  191  255   53  106  202  255   41   96  196  255   46  101  204  255   45   99  199  255   48  101  195  255   51  102  193  255   55  101  195  255   35   80  171  255   36   82  160  255   54  101  181  255   49  100  192  255   53   99  193  255   68  107  186  255   20   59  136  255   12   57  142  255   28   77  170  255   33   88  189  255   50  107  212  255   39   96  201  255   44   98  196  255   44   96  182  255   42   88  165  255   34   75  141  255   11   49  111  255
   37   85  167  255   35   76  155  255   33   62  130  255   22   52  116  255   17   58  124  255   22   69  141  255   19   64  145  255   37   79  161  255   30   70  142  255   17   54  122  255   25   55  127  255   24   53  119  255   18   50  101  255   26   62  114  255   30   69  138  255   28   65  133  255   18   48   98  255   16   44   94  255   29   62  131  255   28   66  147  255   29   73  162  255   33   80  170  255   35   83  167  255   36   82  157  255   14   52  117  255   24   55  110  255   27   50   94  255   23   43   80  255
   14   43   85  255    0   15   54  255   26   32   66  255    0    4   32  255    0   21   42  255   26   54   78  255   11   36   77  255   32   55   99  255   24   43   83  255   17   33   66  255   11   18   47  255   12   18   42  255   21   30   47  255    0    3   20  255    0   10   38  255    0   18   45  255    0   19   34  255   20   38   62  255   26   47   94  255    7   29   89  255   30   58  123  255   39   68  128  255   12   40   88  255   14   40   77  255    4   21   51  255    0   10   36  255    0    0   23  255   57   59   80  255
   29   47   67  255    7   18   36  255    6    0   14  255   10    5   12  255   32   42   43  255   15   33   35  255   26   39   55  255   34   47   66  255   45   53   72  255   26   29   44  255   30   25   32  255   32   23   26  255   13    9    6  255   41   43   40  255   31   36   40  255   15   25   27  255   37   49   49  255   25   38   46  255   15   29   58  255   44   57   99  255   57   71  116  255   10   28   68  255   22   38   64  255   48   61   78  255    8   16   27  255   38   41   50  255    4    1   10  255    6    1    8  255
   56   69   86  255   55   61   75  255   44   37   45  255   39   30   35  255   47   50   55  255   18   29   33  255   28   37   42  255   36   45   52  255   21   28   44  255   33   35   50  255   44   32   42  255   47   35   37  255   20   12    9  255   20   19   14  255   39   40   35  255   32   36   35  255   23   31   33  255   14   25   31  255   36   45   60  255   51   59   80  255   46   56   81  255   61   73   97  255   23   36   55  255   23   35   49  255   45   54   61  255    7   11   14  255   30   26   25  255   50   45   42  255
   36   48   64  255   16   20   32  255   58   49   54  255   36   25   29  255   11   11   19  255   44   51   57  255   27   36   35  255   29   37   39  255   47   53   67  255   27   26   42  255   52   39   49  255   47   32   35  255   60   50   48  255   49   46   39  255   29   26   19  255   39   41   36  255   40   45   48  255   20   29   34  255   23   30   40  255   38   46   57  255   34   41   57  255   35   44   61  255   31   43   59  255   30   40   52  255    8   17   22  255   36   40   39  255   44   41   36  255   48   41   33  255
