   28   28
   48   39   32  255   45   36   31  255   38   28   26  255   50   42   39  255   30   25   21  255   50   47   40  255   57   54   45  255   46   42   33  255   48   34   31  255   46   32   31  255   53   40   47  255   39   33   35  255   35   36   31  255   45   48   39  255   35   30   24  255   45   41   32  255   36   33   24  255   41   39   27  255   59   55   44  255   53   44   39  255   49   32   38  255   54   39   46  255   32   26   26  255   50   46   43  255   30   25   21  255   47   42   38  255   60   57   52  255   40   39   34  255
   46   37   32  255   49   41   38  255   49   44   41  255   38   35   30  255   63   60   51  255   40   37   28  255   32   29   22  255   48   43   39  255   39   31   28  255   52   44   42  255   41   35   37  255   41   37   38  255   38   39   34  255   45   46   38  255   55   51   42  255   42   38   29  255   48   45   36  255   43   43   35  255   31   27   18  255   39   31   28  255   52   40   44  255   43   32   38  255   55   50   47  255   38   35   30  255   63   58   54  255   44   39   35  255   24   23   18  255   52   51   46  255
   32   24   22  255   60   55   52  255   37   37   35  255   57   60   53  255   38   39   25  255   45   43   31  255   36   30   30  255   35   31   32  255   43   43   43  255   36   38   35  255   24   28   27  255   33   35   32  255   44   44   42  255   47   44   37  255   40   36   24  255   46   42   30  255   40   37   32  255   45   44   42  255   32   31   27  255   50   49   47  255   37   32   36  255   54   50   51  255   40   37   32  255   56   53   46  255   39   35   32  255   52   51   47  255   30   29   24  255   30   31   25  255
   31   25   29  255   56   54   55  255   41   43   38  255    0    5    0  255   42   44   31  255   35   32   23  255   50   46   47  255   30   27   34  255   25   30   36  255   44   52   55  255   44   50   50  255   43   45   44  255   36   34   37  255   37   33   34  255   41   42   36  255   46   48   45  255   51   52   57  255   29   29   37  255   36   38   37  255   51   53   52  255   38   38   46  255    9   10   15  255   32   32   30  255   46   47   41  255   16   18   17  255   24   26   25  255   51   52   47  255   31   31   23  255
   35   34   42  255   38   38   40  255   45   46   38  255   23   25   14  255    8    5    0  255   39   35   34  255   38   38   40  255   36   39   46  255   31   38   56  255   45   52   68  255   38   39   44  255   36   34   37  255   40   32   43  255   47   43   57  255   42   49   65  255   17   30   49  255   42   52   77  255   41   48   66  255    9   15   15  255   32   36   37  255   31   37   53  255   40   45   64  255   44   49   55  255   18   26   28  255   36   47   51  255   39   47   50  255   42   41   37  255   47   43   34  255
   34   33   39  255   32   33   35  255   21   23   20  255    7    7    5  255   37   35   40  255    2    0    6  255   42   43   47  255    9   17   28  255   24   38   67  255   47   62   93  255   38   46   69  255   30   33   50  255   24   21   38  255    9   10   31  255   12   26   55  255   33   51   87  255   44   62  102  255   18   33   64  255   28   41   50  255   31   42   48  255    0    1   23  255   57   69   95  255   13   25   47  255   18   34   50  255   22   40   54  255   54   67   75  255   40   40   38  255   45   38   30  255
   50   45   42  255   40   38   39  255    3    7   18  255   58   61   78  255    2    3   23  255   42   41   57  255   37   41   50  255   28   41   57  255   35   60  100  255   52   84  133  255   19   47   95  255   21   40   82  255   25   35   62  255   13   21   44  255   27   43   77  255   33   56  100  255   44   69  123  255    4   31   78  255    0    9   34  255   30   49   66  255    2   22   47  255   16   36   71  255   11   32   77  255   39   60  103  255    5   26   53  255   21   37   50  255   53   53   53  255   48   41   33  255
   44   41   34  255   34   34   36  255   23   28   47  255   41   51   78  255   47   56   87  255   36   47   75  255   37   51   77  255   39   60   91  255   50   82  131  255   30   70  131  255   26   65  134  255   29   64  128  255   26   50   98  255   36   59  103  255   42   69  122  255   33   63  123  255   42   75  142  255   18   52  115  255   34   65  111  255   21   51   89  255   22   51   95  255   23   51  101  255   58   84  143  255   47   72  126  255   43   66  100  255   56   72   88  255   48   49   54  255   41   37   36  255
   20   25   19  255   55   60   63  255   15   23   42  255   24   39   70  255   22   47   87  255   32   63  109  255   51   81  133  255   44   75  130  255   16   51  109  255   55   94  159  255   24   70  148  255   52   98  183  255   39   84  167  255   48   93  176  255   65  110  193  255   33   78  161  255   35   76  156  255   24   66  142  255   37   77  146  255   29   69  138  255   70  108  183  255   42   76  148  255   46   80  141  255    9   40   87  255   46   67   98  255   22   34   56  255   69   72   89  255   27   26   40  255
   34   39   42  255   32   39   47  255   48   56   77  255   29   48   81  255   30   62  109  255   64  104  166  255   40   79  154  255   67  106  185  255   48   87  162  255  110  153  231  255   91  142  231  255   78  132  228  255   85  139  239  255   84  138  238  255   82  134  233  255   68  118  215  255   71  118  210  255   75  121  209  255   81  131  216  255   85  135  222  255   75  120  213  255   73  113  200  255   60   99  166  255   29   61  108  255   24   44   71  255   35   46   64  255   33   38   58  255   25   27   48  255
   53   55   70  255   27   30   47  255   44   50   72  255   31   47   81  255   43   75  132  255   64  108  183  255   90  134  229  255  101  149  249  255   95  145  242  255   92  146  242  255   85  145  241  255   95  155  251  255  107  161  255  255   88  138  233  255   84  132  230  255   78  126  226  255   84  131  235  255   93  145  247  255   98  154  251  255   89  145  240  255   62  112  209  255   57  102  193  255   60  102  178  255   32   65  119  255   36   54   78  255   25   35   47  255   20   25   44  255   35   37   60  255
   48   47   63  255   35   37   52  255   34   37   54  255   19   34   65  255   19   55  115  255   52   99  181  255   85  134  237  255  101  152  255  255  116  165  255  255  114  167  255  255   97  156  248  255  106  163  252  255  119  170  253  255  127  173  255  255  135  178  255  255  124  168  255  255  111  160  255  255   99  151  255  255   95  153  255  255   97  154  255  255   92  146  244  255   31   78  170  255   39   80  160  255   22   53  110  255   14   32   54  255   25   34   41  255   36   40   52  255   34   36   49  255
   43   38   42  255   38   36   39  255   12   15   22  255   48   64   89  255    6   47  103  255   41   93  176  255   86  138  239  255  108  153  255  255  159  196  255  255  148  185  255  255  120  166  244  255  120  168  242  255  140  186  248  255  172  216  255  255  168  205  255  255  128  167  255  255  107  155  255  255   90  144  250  255   82  138  247  255   88  145  252  255   80  134  234  255   21   71  160  255   29   68  147  255   27   56  112  255   31   47   72  255   19   26   32  255   42   44   43  255   33   32   28  255
   46   42   39  255   19   18   16  255   23   24   28  255   28   44   67  255   21   66  123  255   53  109  192  255   67  121  221  255  108  156  255  255  150  186  255  255  174  206  255  255  167  205  255  255  139  178  235  255  155  193  240  255  184  220  255  255  162  193  255  255  116  151  232  255  104  149  240  255   97  151  249  255   93  150  255  255   80  138  245  255   61  119  219  255   51  100  192  255   45   81  157  255   39   64  118  255   23   38   61  255    0    1    5  255   24   25   20  255   48   45   36  255
   36   36   38  255    7    8   12  255   42   42   52  255    6   21   50  255   32   73  137  255   84  140  227  255   83  141  241  255   94  147  251  255  121  161  255  255  142  178  255  255  174  211  255  255  178  211  252  255  181  205  241  255  199  222  255  255  191  217  255  255  144  175  240  255  123  164  243  255  112  163  252  255  100  158  255  255   85  147  248  255   75  137  238  255   70  121  213  255   34   64  136  255   23   39   88  255    8   16   39  255   28   31   38  255   21   21   21  255   40   39   35  255
   45   44   49  255   42   41   47  255   33   33   43  255   16   30   57  255   25   63  125  255   86  138  222  255   76  134  233  255   90  145  248  255   99  143  240  255  117  156  235  255  146  182  234  255  192  221  255  255  204  220  246  255  210  224  253  255  209  228  255  255  171  197  254  255  138  176  247  255  143  190  255  255  107  164  254  255   87  147  243  255   79  138  238  255   79  129  218  255   40   70  140  255   48   62  109  255   21   26   46  255   49   48   54  255   40   40   42  255   43   41   42  255
   47   41   45  255   28   23   29  255   43   42   47  255    2   13   33  255   21   51  101  255   74  118  193  255   71  126  219  255   96  150  250  255  115  160  251  255  136  175  252  255  147  186  241  255  184  212  249  255  223  236  255  255  229  236  255  255  207  221  255  255  172  193  248  255  152  185  255  255  137  179  255  255  120  170  255  255   96  151  242  255   86  141  232  255   28   76  158  255   40   73  142  255   46   64  110  255    5    8   25  255   49   47   50  255   12   10   11  255   36   36   36  255
   45   39   41  255    3    0    2  255   17   16   21  255   32   40   59  255   17   44   91  255   29   69  141  255   83  136  230  255   97  151  251  255  111  158  250  255  129  172  251  255  147  187  249  255  189  218  255  255  226  237  255  255  227  233  247  255  205  216  248  255  169  187  235  255  157  186  252  255  136  175  254  255  123  170  255  255   84  135  227  255   69  120  212  255   32   80  164  255   40   77  145  255   23   47   93  255   38   43   62  255   11    9   12  255   29   29   29  255   34   36   33  255
    9    9    7  255   41   43   42  255   25   28   33  255   14   26   48  255   29   56  111  255   42   83  163  255   49  101  202  255   94  148  254  255   95  145  242  255  115  161  247  255  139  181  253  255  184  216  255  255  222  234  255  255  228  234  248  255  222  234  255  255  204  222  255  255  174  203  255  255  151  189  255  255  116  162  250  255   88  138  235  255   54  106  208  255   39   88  181  255   22   65  134  255   26   57  103  255    9   19   44  255   26   26   34  255   45   47   44  255   30   35   28  255
   16   21   15  255   40   46   44  255   15   20   26  255    0    8   34  255   30   56  115  255   63  103  188  255   45   97  199  255   64  118  226  255   85  137  239  255   99  148  241  255  112  157  238  255  149  184  242  255  195  210  239  255  221  230  245  255  225  238  255  255  200  221  252  255  166  196  248  255  148  186  255  255  118  164  252  255   88  140  241  255   70  122  231  255   36   86  185  255   28   74  149  255   25   58  109  255    0    9   35  255   20   23   30  255   44   48   47  255   26   31   25  255
   33   40   33  255   41   47   45  255   23   28   34  255   24   33   62  255   37   61  121  255   17   53  139  255   52  101  203  255   57  111  219  255   83  137  243  255   97  149  248  255  102  152  241  255  130  169  238  255  179  199  236  255  214  227  246  255  216  233  249  255  184  208  234  255  158  190  239  255  147  187  255  255  118  165  255  255   86  137  242  255   61  115  223  255   40   92  193  255   38   84  170  255   14   48  109  255   14   29   50  255   26   31   34  255   32   36   39  255   28   29   34  255
   30   39   36  255   49   57   60  255   48   54   68  255   23   35   73  255   45   72  143  255   50   91  183  255   64  116  218  255   79  133  239  255   96  150  250  255  112  161  253  255  122  167  250  255  161  192  255  255  204  220  253  255  221  233  249  255  223  239  252  255  205  229  253  255  172  208  255  255  152  196  255  255  112  161  254  255   92  145  251  255   84  138  246  255   54  106  208  255   53   99  187  255   36   70  133  255   13   27   53  255   49   54   60  255   47   47   55  255   53   53   61  255
   54   62   65  255   37   45   56  255   23   32   61  255   36   56  109  255   37   74  162  255   43   91  199  255   65  121  230  255   83  138  241  255  118  165  253  255  143  183  255  255  162  191  249  255  199  217  255  255  237  238  255  255  238  237  243  255  227  234  244  255  210  230  255  255  177  214  255  255  129  177  251  255  108  161  253  255   96  150  255  255   85  138  250  255   73  125  227  255    8   53  136  255   36   68  129  255   46   55   96  255   47   47   71  255   52   50   63  255   42   41   47  255
   36   41   45  255   22   28   40  255   21   31   58  255   16   36   87  255   26   66  153  255   43   96  202  255   43  101  209  255   63  122  222  255  115  165  252  255  171  213  255  255  201  232  255  255  219  238  255  255  238  243  255  255  236  239  255  255  221  233  255  255  197  220  255  255  144  183  248  255  111  162  245  255   93  147  243  255   88  143  246  255   96  150  255  255   67  119  220  255   41   87  165  255   34   66  125  255   23   32   73  255   47   47   71  255   28   26   37  255   38   36   41  255
   41   41   41  255   45   46   50  255    0    1   13  255    0    4   37  255    3   40  108  255   53  104  193  255   58  118  216  255   64  128  228  255   53  113  211  255   73  128  219  255  103  150  232  255  138  175  245  255  166  192  243  255  181  205  251  255  165  195  249  255  117  154  222  255  102  143  231  255   96  144  242  255   93  146  248  255   83  138  241  255   69  124  225  255   38   91  183  255   34   81  159  255    3   38   94  255    0    3   30  255    1    4   13  255   40   39   44  255   50   48   49  255
   43   44   48  255    7    8   13  255   24   28   37  255   33   49   75  255   29   65  125  255   70  122  205  255   75  133  230  255   72  135  238  255   47  110  213  255   65  123  222  255   98  148  237  255  141  180  255  255  173  202  255  255  187  214  255  255  169  201  255  255  120  158  231  255  113  154  244  255  104  149  250  255   91  142  247  255   85  140  243  255   71  126  227  255   51  106  199  255   35   83  165  255   24   60  120  255   33   50   76  255    5   12   18  255    2    3    5  255   33   33   31  255
   10   16   32  255   37   44   60  255   10   17   35  255    2   22   55  255   33   74  140  255  100  154  242  255   85  143  242  255   87  146  250  255   78  135  238  255   99  149  244  255  137  176  255  255  180  209  255  255  209  227  255  255  221  236  255  255  206  225  255  255  162  189  244  255  129  167  242  255  131  176  255  255  117  167  255  255   89  142  246  255   89  143  249  255   33   88  188  255   47  101  191  255   33   73  143  255    0   21   60  255    1   10   27  255   45   49   52  255   24   26   21  255
   35   43   66  255   26   34   57  255   23   34   54  255   18   40   77  255   38   81  149  255   30   85  175  255   90  148  248  255   87  144  249  255  102  155  255  255  119  164  255  255  147  181  255  255  179  200  253  255  203  214  246  255  221  229  252  255  216  229  255  255  180  203  247  255  149  184  252  255  145  190  255  255  110  158  255  255   92  145  251  255   83  137  245  255   61  116  219  255   38   93  186  255    9   53  126  255   15   37   84  255   39   50   72  255   27   32   36  255   63   65   60  255
