   28   28
   46   44   29  255   44   45   29  255   25   26    8  255   47   47   35  255   40   31   32  255   38   27   31  255   38   28   26  255   52   43   36  255   48   39   32  255   48   43   37  255   51   50   45  255   50   50   42  255   56   49   39  255   40   36   24  255   36   39   32  255   46   52   42  255   39   39   27  255   44   42   29  255   33   33   23  255   37   36   31  255   59   53   57  255   51   45   49  255   32   26   26  255   50   45   39  255   33   27   15  255   60   52   41  255   42   33   28  255   66   56   55  255
   25   22   13  255   57   54   45  255   49   47   35  255   33   29   20  255   39   34   31  255   67   58   59  255   49   41   38  255   44   37   31  255   31   27   18  255   38   35   28  255   43   40   35  255   33   30   23  255   47   38   29  255   52   45   35  255   48   49   43  255   44   45   39  255   38   36   24  255   37   33   22  255   47   47   39  255   44   43   39  255   42   36   38  255   36   30   32  255   41   36   33  255   45   40   34  255   34   27   17  255   67   60   50  255   30   23   17  255   45   37   35  255
   51   45   49  255   61   52   55  255   32   20   22  255   55   45   43  255   47   44   37  255   37   37   29  255   35   32   27  255   49   46   41  255   54   57   48  255   39   40   32  255   33   25   22  255   46   35   31  255   57   48   41  255   40   31   24  255   51   43   41  255   53   45   43  255   48   39   34  255   51   44   38  255   39   36   31  255   48   44   41  255   39   35   32  255   43   40   35  255   50   45   41  255   31   26   22  255   45   41   32  255   29   25   16  255   48   45   40  255   59   56   51  255
   30   25   31  255   45   35   43  255   68   53   58  255   51   37   37  255   32   29   20  255   46   48   37  255   54   53   49  255   28   28   26  255   47   54   46  255   39   42   33  255   51   44   38  255   47   36   32  255   55   46   39  255   56   47   40  255   48   36   36  255   40   28   28  255   42   31   29  255   56   49   43  255   51   46   43  255   34   31   26  255   34   31   24  255   38   35   26  255   61   56   50  255   45   40   34  255   44   39   35  255   49   44   40  255   43   40   35  255   26   23   18  255
   44   44   42  255   44   40   39  255   49   34   37  255   50   36   35  255   38   31   25  255   39   36   29  255   29   27   28  255   34   34   36  255   32   38   34  255   34   39   32  255   44   39   33  255   49   40   31  255   48   42   30  255   43   36   26  255   49   38   36  255   46   34   34  255   50   41   36  255   43   38   32  255   44   39   33  255   54   49   43  255   48   44   33  255   52   48   37  255   44   40   31  255   43   38   32  255   49   41   38  255   47   37   36  255   50   42   40  255   37   32   29  255
   24   25   17  255   54   51   46  255   33   21   21  255   48   37   43  255   42   47   53  255    0    6   19  255    4   23   53  255    0   19   52  255    0    4   28  255    0   17   34  255   29   39   49  255   35   42   48  255   25   33   36  255   26   33   39  255   23   27   39  255   38   40   52  255   32   32   34  255   43   39   36  255   37   32   26  255   44   37   29  255   50   44   32  255   31   25   13  255   42   38   29  255   46   41   35  255   61   53   50  255   45   37   34  255   46   41   37  255   43   38   34  255
   35   36   22  255   45   41   32  255   53   41   45  255   41   40   56  255    0    7   35  255   36   89  139  255  119  182  255  255   87  151  239  255   41   98  175  255   17   67  130  255    0    9   58  255    0   10   51  255    0   12   50  255    0   14   52  255    0   13   55  255    0    9   43  255    5   16   36  255   47   47   55  255   40   35   31  255   52   43   34  255   52   43   34  255   47   38   29  255   57   53   44  255   47   44   37  255   25   22   13  255   53   53   43  255   25   25   15  255   46   48   37  255
   48   44   33  255   48   41   33  255   49   37   37  255   21   29   50  255    0   30   84  255   16   98  182  255   12  102  214  255   32  122  242  255   87  169  255  255   77  149  247  255   35   96  177  255   47  103  177  255   43  102  172  255   43  102  170  255   44  105  170  255   55  106  163  255   12   44   85  255    8   19   41  255   44   35   36  255   70   53   43  255   58   44   35  255   42   32   23  255   39   34   28  255   46   43   36  255   36   32   23  255   59   55   44  255   30   31   17  255   48   51   34  255
   46   38   35  255   60   53   47  255   45   35   25  255    0    6   24  255   20   93  172  255   14  115  229  255    9  113  234  255    6  108  234  255    7  101  227  255   35  121  242  255   80  161  255  255   87  166  255  255   81  163  255  255   84  162  255  255   84  158  247  255  113  178  255  255   67  122  189  255    0   21   65  255   40   24   34  255  111   78   71  255   77   57   48  255   50   37   29  255   48   40   37  255   49   41   39  255   53   38   35  255   48   34   25  255   50   45   26  255   41   43   21  255
   47   41   41  255   42   37   33  255   38   32   18  255    0    5   18  255    9   81  163  255   16  117  235  255   14  119  246  255   35  140  255  255   36  133  255  255   33  125  250  255   26  113  229  255   15  105  219  255   14  109  227  255   19  106  219  255   35  103  200  255   66  126  214  255   65  128  208  255    5   44  101  255   34   20   35  255   83   48   42  255   57   34   26  255   57   42   35  255   39   28   24  255   51   36   33  255   86   60   59  255   48   25   19  255   48   41   25  255   36   38   17  255
   28   28   26  255   56   57   51  255   28   30   17  255    0   20   29  255    0   49  109  255   27  107  206  255   21  117  240  255   59  160  255  255   69  163  255  255  100  186  255  255   84  164  255  255   45  130  246  255   19  122  241  255   25  112  225  255   59  103  192  255   74  107  188  255  108  163  246  255   66  107  169  255   10    9   23  255   81   61   54  255   77   60   53  255   61   44   37  255   56   33   25  255   87   58   50  255  117   82   76  255   60   33   26  255   36   29   19  255   45   48   37  255
   37   36   32  255   49   50   44  255   33   35   24  255   38   52   55  255    0    9   47  255   15   71  145  255   20  102  214  255   14  108  234  255   22  115  234  255   56  147  255  255   68  153  255  255   61  151  255  255   35  140  255  255   16  109  230  255   48  100  202  255   76  115  206  255   90  141  230  255   85  125  187  255   50   54   66  255   67   53   42  255   44   29   22  255   37   20   12  255   40   21    7  255  129  102   91  255   59   28   23  255   55   30   26  255   50   41   36  255   47   46   41  255
   32   25   19  255   43   38   32  255   53   48   44  255   38   39   41  255    7   19   31  255    0   24   65  255    6   65  157  255   18  101  223  255   14  111  244  255    9  112  249  255    1  107  243  255    0  105  241  255    4  111  253  255    9  110  250  255   15  107  242  255   26  102  222  255   37   93  188  255  115  147  204  255  156  156  164  255  189  173  158  255   86   68   54  255  109   95   82  255   68   61   43  255   37   29   16  255   61   43   41  255   36   18   18  255   50   37   31  255   49   39   30  255
   43   36   28  255   43   36   30  255   60   52   49  255   41   36   33  255   46   46   44  255    0    4   28  255    4   52  128  255    3   79  191  255   11  112  246  255    0  109  253  255    0  115  255  255    2  117  255  255    1  112  254  255    3  109  253  255    8  110  255  255   23  108  237  255   63  118  208  255  131  159  207  255  173  176  183  255  191  182  167  255  153  139  128  255  118  104   93  255   62   55   39  255   35   27   14  255   53   38   35  255   51   33   33  255   62   45   38  255   43   29   18  255
   48   43   37  255   42   37   31  255   49   42   36  255   42   35   29  255   34   33   28  255    0    3   21  255    8   56  120  255    9   85  183  255   16  119  240  255    0  116  248  255    0  116  250  255    0  117  253  255    0  113  248  255    7  111  246  255   24  108  243  255   36   99  213  255   97  141  214  255  136  164  201  255  182  195  203  255  215  216  211  255  154  145  146  255   14    0    0  255   41   23   11  255   49   27   14  255   55   27   24  255   63   38   34  255   60   43   33  255   50   38   24  255
   47   42   38  255   39   34   28  255   48   41   35  255   51   44   36  255   47   44   37  255   11   21   31  255    0   27   72  255    7   69  142  255   15  101  200  255   13  114  228  255    8  117  238  255    7  117  242  255    7  115  239  255   20  115  235  255   43  112  229  255   52   98  192  255   93  123  175  255  151  167  190  255   89  100  104  255   86   91   87  255  127  121  121  255   25    9    9  255  111   89   78  255   55   27   16  255  108   77   72  255   62   37   32  255   50   36   23  255   48   41   25  255
   54   45   46  255   38   30   28  255   59   52   46  255   33   29   20  255   55   51   40  255   36   38   37  255    5   21   37  255    0   23   61  255   14   65  130  255   10   80  165  255    8   92  191  255    4   95  202  255    5   92  198  255   16   91  192  255   32   87  178  255   80  113  180  255  153  163  188  255  187  187  187  255  131  132  126  255  110  107   98  255  168  155  149  255   23    4    0  255   89   69   60  255   66   44   33  255   93   68   61  255   47   27   18  255   58   48   36  255   46   40   26  255
   40   32   29  255   48   43   39  255   43   38   32  255   52   47   41  255   35   31   22  255   48   45   40  255   36   37   39  255   20   30   42  255    0   10   44  255    0   23   74  255   11   64  132  255    0   54  130  255    0   58  132  255    4   54  123  255   13   52  111  255   87  105  143  255  156  147  152  255  185  167  155  255  193  184  169  255  189  182  166  255   85   73   59  255  127  109   97  255   63   36   27  255   56   29   22  255   51   31   22  255   54   40   31  255   41   34   24  255   48   46   34  255
   39   40   24  255   31   32   18  255   41   41   33  255   42   38   35  255   38   34   33  255   55   51   50  255   50   46   43  255   42   41   39  255   21   24   31  255    7   17   29  255    0    9   35  255    0    8   38  255    0   10   42  255    0   15   42  255    0   11   31  255    4    7   16  255  116   87   83  255  179  141  128  255  157  136  119  255  192  181  161  255   57   51   29  255   88   72   56  255  149  110  103  255   63   24   19  255   54   40   29  255   32   30   18  255   41   41   31  255   55   55   47  255
   55   54   36  255   38   39   25  255   39   39   31  255   42   41   39  255   50   46   47  255   37   31   31  255   44   35   30  255   50   41   32  255   50   41   32  255   39   34   28  255   29   28   26  255   38   38   40  255   23   22   27  255   20   18   23  255   36   30   30  255   43   25   21  255   55   22   13  255   57   21    7  255   41   13    0  255   67   50   32  255   54   48   26  255   39   26    9  255   98   61   53  255   72   33   28  255   50   27   19  255   58   48   38  255   44   41   32  255   32   32   24  255
   50   41   32  255   54   50   41  255   40   39   35  255   28   27   25  255   37   32   29  255   49   39   37  255   67   52   45  255   51   37   28  255   47   37   27  255   50   48   36  255   36   43   35  255   36   41   37  255   43   39   36  255   44   26   26  255  100   61   62  255  112   74   71  255   40   22   12  255   34   20    9  255   46   21   14  255  121   96   89  255   82   65   55  255   50   36   23  255   63   45   35  255   54   25   19  255  129   88   86  255   76   38   35  255   54   40   31  255   43   41   28  255
   49   40   35  255   48   43   39  255   41   37   34  255   57   56   52  255   41   36   33  255   47   38   33  255   52   37   30  255   50   33   25  255   48   38   28  255   48   46   34  255   33   38   31  255   33   38   32  255   48   43   39  255   54   35   31  255   84   46   43  255   67   32   26  255   50   40   30  255   43   34   25  255   64   36   33  255   73   42   40  255   61   41   34  255   51   38   29  255   38   30   19  255   65   48   38  255   89   51   50  255   55   17   14  255   59   45   36  255   35   32   17  255
   37   34   29  255   48   47   42  255   32   28   25  255   62   58   55  255   30   25   22  255   44   37   31  255   50   41   32  255   63   53   44  255   46   37   30  255   33   26   20  255   49   43   43  255   43   39   40  255   38   34   33  255   44   39   35  255   38   29   20  255   47   39   26  255   41   32   23  255   55   38   31  255   60   24   24  255  117   78   79  255   68   47   42  255   58   48   39  255   41   39   27  255   35   33   20  255   43   34   25  255   49   39   29  255   37   33   22  255   43   41   28  255
   43   40   33  255   33   30   23  255   45   41   38  255   29   28   24  255   48   45   40  255   61   58   51  255   40   36   27  255   48   41   31  255   43   36   28  255   40   33   27  255   47   39   37  255   32   26   26  255   56   52   49  255   52   53   47  255   38   42   28  255   33   35   21  255   41   37   25  255   47   32   25  255   54   24   22  255   81   50   48  255   57   40   33  255   49   42   32  255   46   44   32  255   30   32   19  255   46   49   38  255   26   28   17  255   44   41   32  255   63   59   50  255
   64   54   44  255   45   36   27  255   46   43   36  255   40   41   35  255   41   44   37  255   30   33   24  255   42   42   32  255   44   42   30  255   42   38   26  255   46   42   31  255   47   44   35  255   51   48   41  255   42   42   34  255   33   33   23  255   55   53   41  255   48   49   35  255   40   42   28  255   42   43   29  255   51   41   31  255   41   28   19  255   42   33   24  255   50   46   35  255   42   38   29  255   45   42   33  255   38   38   30  255   57   54   49  255   44   36   33  255   40   30   29  255
   47   34   25  255   48   39   30  255   43   40   31  255   42   43   35  255   35   41   31  255   32   35   26  255   46   48   37  255   37   35   23  255   56   52   41  255   47   43   32  255   52   49   40  255   45   42   35  255   36   36   28  255   36   33   26  255   43   36   28  255   44   40   31  255   39   43   29  255   40   44   30  255   43   43   31  255   32   29   20  255   54   50   41  255   36   32   23  255   56   49   41  255   44   39   33  255   59   56   51  255   44   39   35  255   56   46   45  255   32   20   20  255
   51   44   36  255   40   36   27  255   61   58   49  255   35   37   26  255   48   50   39  255   41   43   32  255   53   53   45  255   37   34   27  255   58   51   45  255   46   38   35  255   50   41   42  255   43   34   35  255   42   33   34  255   44   36   34  255   43   33   31  255   48   40   37  255   50   47   42  255   52   51   46  255   42   43   37  255   42   41   36  255   60   55   51  255   38   30   27  255   59   49   47  255   48   40   37  255   42   37   33  255   54   49   45  255   33   23   21  255   56   45   43  255
   52   47   41  255   46   43   36  255   30   27   18  255   44   44   34  255   29   31   20  255   44   46   35  255   44   41   34  255   35   30   24  255   48   40   38  255   47   37   38  255   41   30   34  255   46   35   41  255   50   39   43  255   48   38   39  255   55   45   46  255   54   46   44  255   39   30   31  255   41   37   36  255   32   32   30  255   39   39   37  255   46   41   38  255   40   32   30  255   47   36   34  255   50   40   38  255   35   30   26  255   40   35   31  255   52   43   38  255   44   33   29  255
