   28   28
   29   37   24  255   35   41   29  255   46   48   35  255   27   29   16  255   35   41   27  255   40   46   32  255   56   58   45  255   42   40   28  255   47   40   32  255   51   44   36  255   47   47   39  255   33   34   26  255   56   53   48  255   42   39   34  255   44   39   35  255   53   48   44  255   41   36   32  255   43   38   34  255   38   35   30  255   38   35   30  255   55   54   49  255   52   51   46  255   30   31   25  255   45   46   40  255   25   26   18  255   58   59   51  255   33   33   25  255   61   61   53  255
   15   21   11  255   69   72   63  255   38   35   26  255   45   42   33  255   59   59   49  255   35   37   26  255   32   32   22  255   43   39   30  255   37   30   22  255   51   44   38  255   44   44   36  255   40   41   33  255   40   41   35  255   39   38   33  255   46   41   37  255   51   46   40  255   38   33   27  255   49   46   39  255   42   37   31  255   47   42   36  255   44   39   33  255   23   20   13  255   38   35   28  255   45   45   37  255   30   30   22  255   63   60   53  255   51   48   41  255   37   34   27  255
   44   47   40  255   31   30   25  255   49   39   37  255   39   28   26  255   54   43   41  255   44   34   32  255   45   38   32  255   60   53   47  255   41   32   27  255   44   37   31  255   34   31   24  255   33   34   26  255   41   47   37  255   30   33   24  255   44   39   33  255   50   43   35  255   43   41   29  255   44   42   30  255   40   33   23  255   56   47   38  255   41   30   24  255   60   49   43  255   53   46   38  255   32   25   17  255   55   48   40  255   28   21   13  255   66   57   52  255   42   33   28  255
   57   52   49  255   46   38   36  255   62   48   48  255   54   38   39  255   53   39   39  255   46   34   34  255   42   32   30  255   51   43   40  255   55   45   43  255   50   42   39  255   37   32   26  255   49   49   41  255   43   46   37  255   48   49   41  255   55   50   44  255   40   33   25  255   35   33   21  255   56   54   41  255   55   51   40  255   36   27   18  255   39   30   21  255   36   27   18  255   59   50   43  255   53   46   38  255   41   32   25  255   51   42   35  255   46   37   32  255   39   30   25  255
   31   15   15  255   58   40   40  255   49   31   31  255   65   49   49  255   44   34   32  255   26   21   17  255   47   39   36  255   41   31   29  255   34   23   21  255   50   40   38  255   47   39   36  255   39   34   30  255   42   37   33  255   36   31   27  255   42   39   34  255   39   36   29  255   39   35   26  255   39   37   25  255   33   33   23  255   50   50   40  255   39   39   29  255   43   40   31  255   38   33   27  255   57   52   46  255   51   44   38  255   31   26   20  255   47   47   39  255   26   27   19  255
   59   41   39  255   68   50   48  255   51   36   33  255   55   40   37  255   42   27   24  255   16    0    0  255   43   15   14  255   23    0    0  255   44   14   14  255   64   40   38  255   49   34   31  255   46   35   31  255   43   32   30  255   56   46   44  255   35   32   27  255   39   36   31  255   51   44   38  255   41   34   28  255   44   41   34  255   33   33   25  255   34   35   27  255   53   53   45  255   46   41   35  255   47   42   36  255   48   43   37  255   37   34   27  255   26   27   19  255   49   52   43  255
   50   39   33  255   28   19   12  255   56   49   39  255   47   32   25  255   25    0    0  255  126   74   76  255  205  129  139  255  143   63   74  255  112   45   52  255   44    0    0  255   36    7    3  255   47   28   24  255   56   38   36  255   49   38   36  255   43   38   34  255   41   36   33  255   55   45   44  255   58   46   46  255   43   33   32  255   40   32   30  255   57   52   48  255   29   24   20  255   45   37   34  255   42   34   31  255   44   36   33  255   51   46   42  255   36   31   25  255   51   48   41  255
   49   45   36  255   34   30   19  255   63   59   47  255   32   12    3  255   76   20   21  255  167   82   89  255  179   67   83  255  242  125  141  255  209  109  119  255  146   64   70  255  110   48   49  255   47    0    0  255   42    4    3  255   43   15   14  255   44   29   26  255   50   39   37  255   52   38   37  255   49   35   35  255   52   38   38  255   68   56   56  255   52   41   39  255   41   31   29  255   66   55   51  255   32   21   17  255   68   59   54  255   41   32   27  255   48   41   35  255   45   38   32  255
   39   40   32  255   44   41   32  255   57   49   38  255   32    0    0  255  150   63   71  255  184   63   78  255  189   51   67  255  187   45   61  255  199   69   81  255  237  117  127  255  212   98  108  255  167   67   75  255  113   38   43  255   49    0    0  255   49   15   13  255   36   15   10  255   50   31   27  255   56   38   34  255   55   37   33  255   97   82   77  255   66   51   46  255   51   36   31  255   63   45   41  255   44   26   22  255   57   42   37  255   51   38   32  255   47   40   32  255   34   30   21  255
   30   31   25  255   48   45   38  255   47   37   28  255   37    0    0  255  134   41   51  255  187   61   75  255  195   50   67  255  199   51   65  255  194   52   64  255  190   48   60  255  210   65   78  255  242  110  123  255  203   96  104  255  166   81   86  255  107   43   43  255   60   11    7  255   59   24   18  255   53   26   19  255   41   16    9  255   88   65   57  255   51   31   22  255   56   33   25  255   65   40   33  255   42   17   12  255   80   57   51  255   53   36   28  255   47   38   29  255   46   42   31  255
   38   32   34  255   50   41   42  255   42   31   27  255   42    8    6  255   92   17   22  255  165   59   69  255  176   52   62  255  195   59   69  255  191   50   59  255  200   53   63  255  205   51   63  255  190   40   52  255  210   76   85  255  229  109  118  255  224  113  120  255  179   87   90  255   94   31   26  255   49    5    0  255   35    0    0  255  100   68   55  255   71   41   30  255   66   36   25  255   54   17    8  255  100   63   55  255  124   91   84  255   54   29   22  255   52   42   32  255   34   30   18  255
   57   48   53  255   41   32   35  255   42   32   31  255   62   41   38  255   41    0    0  255  108   36   39  255  125   30   34  255  163   50   56  255  178   51   58  255  194   54   63  255  205   53   65  255  206   52   64  255  197   49   61  255  184   42   54  255  207   73   82  255  230  120  123  255  181  108  102  255  127   77   66  255   83   43   31  255   88   55   40  255   58   26   11  255   56   24   11  255   51   15    3  255  139  102   93  255   61   31   21  255   52   30   19  255   61   51   41  255   44   42   29  255
   42   36   38  255   42   36   38  255   44   39   36  255   40   31   26  255   41   26   21  255   39    8    3  255   56    2    0  255  111   35   37  255  131   30   36  255  165   44   53  255  183   45   58  255  199   51   65  255  201   49   64  255  201   55   68  255  198   64   73  255  221  117  118  255  201  136  130  255  180  137  128  255  173  137  125  255  197  168  154  255   95   69   54  255  111   88   74  255   65   42   28  255   44   22    9  255   59   41   29  255   41   29   17  255   41   37   25  255   49   49   37  255
   35   31   30  255   46   42   39  255   52   47   44  255   28   25   20  255   50   50   42  255   24   15    8  255   45   17   14  255   48    0    0  255   83   11   15  255  111   18   28  255  145   30   43  255  173   42   58  255  187   45   61  255  188   48   61  255  218   94  102  255  221  127  128  255  171  117  115  255  179  148  143  255  194  169  162  255  199  179  170  255  153  135  123  255  119  103   90  255   73   55   43  255   43   26   16  255   56   42   31  255   43   35   24  255   51   49   37  255   55   55   43  255
   41   38   31  255   61   56   50  255   50   43   37  255   45   37   34  255   47   42   38  255   52   44   41  255   39   21   21  255   23    0    0  255   34    0    0  255   86   29   36  255  101   21   32  255  129   28   42  255  162   41   58  255  180   59   74  255  208  105  109  255  192  116  118  255  170  129  133  255  170  151  153  255  198  188  186  255  219  214  210  255  154  147  141  255   15    6    0  255   37   22   17  255   47   28   22  255   43   26   19  255   67   54   46  255   46   43   34  255   34   36   25  255
   45   41   32  255   38   34   25  255   49   40   35  255   56   47   42  255   46   38   35  255   55   47   44  255   39   29   27  255   38   24   23  255   26    6    7  255   36    6    8  255   60   11   15  255  101   31   41  255  127   35   48  255  145   48   59  255  172   83   89  255  171  105  107  255  156  122  123  255  186  172  172  255  106   98   96  255   94   91   86  255  131  124  118  255   20    9    3  255  106   87   81  255   71   48   42  255  102   82   75  255   59   44   37  255   42   38   29  255   41   43   32  255
   59   52   46  255   33   26   20  255   47   40   34  255   54   47   41  255   47   42   36  255   34   29   23  255   47   42   36  255   50   45   39  255   47   40   34  255   25   11    8  255   30    9    6  255   38    2    2  255   66   11   16  255   97   28   33  255  119   42   48  255  145   79   81  255  168  131  125  255  205  185  176  255  148  131  123  255  114  100   91  255  174  156  146  255   32   10    0  255   99   69   58  255   67   37   26  255  101   75   62  255   41   23   11  255   34   27   17  255   43   43   33  255
   42   37   33  255   48   43   39  255   53   48   42  255   45   40   34  255   35   31   22  255   38   34   25  255   38   34   25  255   50   47   38  255   53   50   43  255   50   47   40  255   37   30   22  255   28   13    8  255   46   16   14  255   40    0    0  255   69    8   13  255  136   77   79  255  156  121  115  255  184  162  149  255  204  184  173  255  192  173  159  255   95   72   58  255  137  109   95  255   59   26   11  255   64   32   17  255   61   35   22  255   50   32   20  255   45   36   27  255   37   34   27  255
   37   34   29  255   47   44   39  255   50   47   40  255   32   29   22  255   42   38   29  255   49   42   34  255   38   31   25  255   62   55   49  255   35   30   24  255   47   44   37  255   46   43   34  255   57   50   42  255   43   26   19  255   44   16   12  255   46    8    5  255   43    5    2  255  119   94   89  255  160  140  131  255  157  137  126  255  196  174  160  255   69   43   26  255  103   76   57  255  143  114   98  255   80   52   40  255   43   21   10  255   45   28   21  255   47   38   33  255   51   46   42  255
   42   41   36  255   46   45   40  255   30   30   22  255   50   47   40  255   35   31   22  255   44   37   29  255   50   41   36  255   38   29   24  255   44   35   30  255   57   50   44  255   44   41   34  255   49   45   36  255   43   34   27  255   48   33   26  255   49   26   20  255   38   15    9  255   44   26   22  255   47   30   23  255   42   22   11  255   76   53   37  255   69   44   24  255   55   28    9  255   79   53   38  255   59   37   26  255   57   38   32  255   48   33   30  255   46   35   33  255   58   48   47  255
   42   41   36  255   33   32   27  255   36   36   28  255   45   42   35  255   53   49   40  255   44   35   28  255   47   36   32  255   50   36   33  255   57   43   42  255   38   27   25  255   51   43   40  255   45   38   32  255   45   38   30  255   49   39   30  255   88   71   64  255   83   66   59  255   31   20   16  255   25   14    8  255   38   20    8  255  129  106   90  255   74   48   31  255   54   28   11  255   69   47   34  255   34   17    9  255  125  111  108  255   45   34   32  255   54   43   41  255   40   29   27  255
   46   41   37  255   57   54   49  255   37   34   27  255   42   39   32  255   53   49   40  255   47   40   32  255   44   33   29  255   57   43   40  255   45   31   30  255   42   28   27  255   54   44   42  255   44   36   33  255   55   48   42  255   47   38   31  255   59   46   40  255   53   40   34  255   51   44   38  255   46   37   30  255   59   42   32  255   75   53   40  255   52   26   13  255   59   35   23  255   61   42   35  255   43   30   24  255   62   52   50  255   49   39   37  255   38   27   25  255   55   41   38  255
   40   29   27  255   50   40   38  255   50   45   39  255   32   29   22  255   37   37   27  255   50   47   38  255   59   52   46  255   45   36   31  255   49   38   36  255   58   47   45  255   49   39   37  255   46   36   34  255   59   49   47  255   49   38   34  255   45   32   26  255   58   47   41  255   43   39   30  255   49   42   32  255   38   24   15  255  102   84   74  255   86   63   57  255   59   38   33  255   43   28   25  255   55   45   43  255   33   25   22  255   57   49   46  255   42   31   25  255   67   56   50  255
   35   19   19  255   63   49   48  255   43   36   30  255   49   46   39  255   54   56   45  255   35   37   26  255   38   35   28  255   42   37   31  255   42   34   31  255   52   44   41  255   43   35   32  255   38   30   27  255   51   43   40  255   46   36   34  255   49   38   34  255   55   46   39  255   36   32   21  255   38   34   23  255   53   43   34  255   61   44   37  255   58   38   37  255   43   25   23  255   44   33   31  255   50   42   39  255   34   26   23  255   66   59   53  255   57   48   41  255   48   39   30  255
   55   35   36  255   50   34   34  255   45   36   31  255   31   28   21  255   41   43   32  255   37   40   29  255   31   32   24  255   57   57   49  255   27   26   21  255   39   38   33  255   33   32   28  255   44   43   39  255   39   38   33  255   29   28   23  255   47   44   39  255   48   45   38  255   44   42   30  255   43   39   28  255   47   38   31  255   52   41   37  255   45   31   31  255   52   38   38  255   45   34   32  255   33   25   22  255   54   47   41  255   23   19   10  255   63   56   50  255   43   36   28  255
   63   43   44  255   52   36   36  255   62   55   49  255   45   45   37  255   46   48   37  255   39   42   31  255   46   47   39  255   41   42   34  255   51   50   45  255   48   47   42  255   35   36   31  255   38   39   34  255   46   47   41  255   48   49   43  255   49   48   43  255   41   38   31  255   38   35   26  255   58   54   45  255   55   48   42  255   39   31   29  255   41   31   30  255   42   32   31  255   69   59   57  255   45   36   31  255   45   38   32  255   47   42   36  255   50   45   41  255   37   34   29  255
   69   55   54  255   36   25   23  255   40   35   29  255   39   39   31  255   19   21   10  255   59   61   50  255   33   33   23  255   33   30   23  255   46   41   37  255   30   25   21  255   45   41   38  255   45   44   40  255   24   23   19  255   33   32   28  255   49   46   41  255   37   32   28  255   39   34   28  255   42   37   31  255   47   42   38  255   55   50   47  255   43   38   35  255   53   48   44  255   41   32   25  255   49   40   33  255   43   36   30  255   53   48   44  255   38   34   33  255   31   29   30  255
   43   32   30  255   48   38   36  255   45   42   35  255   58   58   50  255   47   49   38  255   29   29   19  255   51   48   39  255   38   34   25  255   44   36   33  255   45   40   36  255   40   35   32  255   38   34   31  255   53   52   48  255   47   46   42  255   39   34   30  255   51   46   42  255   49   42   36  255   45   40   34  255   33   28   25  255   36   32   29  255   50   47   42  255   30   25   19  255   51   44   36  255   44   35   26  255   60   53   47  255   45   40   36  255   47   43   44  255   47   45   48  255
