   28   28
   61   57   46  255   44   40   31  255   52   43   44  255   34   26   24  255   54   45   38  255   43   39   28  255   29   35   23  255   42   50   39  255   37   36   32  255   37   32   28  255   50   37   29  255   41   28   20  255   57   50   42  255   53   50   43  255   38   37   32  255   42   43   37  255   35   34   32  255   42   39   34  255   40   34   22  255   44   35   18  255   65   53   37  255   42   34   21  255   43   42   38  255   40   44   45  255   26   26   26  255   51   50   46  255   26   23   16  255   47   43   32  255
   32   29   22  255   50   45   39  255   32   23   24  255   53   43   42  255   47   38   33  255   45   41   32  255   31   35   21  255   44   47   36  255   56   55   50  255   41   36   32  255   47   38   31  255   55   46   37  255   38   31   23  255   35   30   24  255   43   40   35  255   44   41   36  255   44   40   37  255   42   37   33  255   59   52   42  255   52   44   31  255   36   28   15  255   36   29   19  255   40   39   35  255   56   56   56  255   42   42   40  255   39   38   34  255   49   46   39  255   46   44   32  255
   33   32   30  255   34   30   27  255   55   45   46  255   48   36   36  255   37   27   26  255   37   30   24  255   45   43   30  255   44   45   29  255   39   36   29  255   45   42   37  255   43   40   33  255   45   42   35  255   39   35   26  255   46   42   33  255   48   40   37  255   50   40   38  255   52   42   40  255   59   52   46  255   45   41   32  255   47   44   35  255   40   37   30  255   39   36   31  255   49   46   41  255   40   37   32  255   43   39   36  255   45   42   37  255   41   41   33  255   42   44   33  255
   47   46   42  255   36   32   29  255   32   22   21  255   55   43   43  255   63   53   52  255   51   43   40  255   43   39   27  255   33   29   17  255   46   41   35  255   52   47   43  255   51   50   48  255   36   37   32  255   45   45   35  255   54   51   42  255   43   33   31  255   51   40   38  255   56   46   44  255   43   35   32  255   47   42   36  255   33   30   23  255   38   39   33  255   46   45   40  255   38   31   25  255   49   42   36  255   48   41   35  255   52   49   42  255   38   38   30  255   42   45   36  255
   43   41   29  255   43   39   30  255   35   28   22  255   62   55   49  255   44   35   30  255   38   29   24  255   46   39   33  255   57   49   46  255   61   53   50  255   36   28   26  255   38   31   38  255   36   34   37  255   32   37   30  255   40   43   32  255   41   34   28  255   45   35   33  255   46   42   41  255   33   32   30  255   42   39   32  255   47   44   35  255   48   45   38  255   39   36   29  255   45   36   29  255   60   49   43  255   49   40   33  255   30   25   19  255   51   48   41  255   27   28   22  255
   43   39   27  255   48   44   33  255   39   35   26  255   40   37   32  255   57   55   56  255   18   19   24  255   26   30   42  255   15   19   31  255   34   35   40  255   42   40   43  255   45   40   46  255   51   46   50  255   37   43   33  255   38   42   28  255   40   33   27  255   43   35   33  255   36   35   33  255   35   35   33  255   37   37   29  255   42   39   30  255   47   45   33  255   51   44   34  255   41   31   22  255   47   36   30  255   49   40   33  255   33   28   22  255   60   55   51  255   33   30   25  255
   59   56   47  255   38   35   26  255   58   55   46  255   38   40   39  255    5   14   31  255    0    9   39  255    6   31   72  255    0    9   46  255    0   16   34  255   20   33   39  255   38   38   40  255   45   40   36  255   42   43   29  255   40   41   27  255   41   35   35  255   51   45   47  255   42   39   34  255   50   50   42  255   49   50   42  255   33   33   23  255   46   42   30  255   59   53   41  255   48   38   29  255   48   37   31  255   46   41   37  255   48   45   40  255   45   37   34  255   48   41   35  255
   46   41   38  255   43   40   35  255   44   41   32  255   34   43   48  255    0    4   44  255   47   91  152  255  108  160  233  255   47  100  168  255   31   78  124  255    0   12   42  255    0   12   32  255   20   27   35  255   32   39   32  255   35   38   29  255   41   39   40  255   41   37   38  255   39   32   24  255   38   34   23  255   47   48   42  255   36   37   31  255   44   42   30  255   46   40   28  255   54   43   37  255   35   26   21  255   55   51   48  255   45   44   40  255   32   24   21  255   51   42   37  255
   61   52   57  255   32   26   26  255   42   42   30  255   15   35   46  255    0   38  108  255   38  113  214  255   28  113  220  255   86  169  255  255   74  149  240  255   40  103  180  255   28   74  133  255    0   12   49  255    2   21   36  255   23   34   36  255   23   28   24  255   45   45   37  255   57   47   37  255   50   40   30  255   39   38   34  255   38   40   37  255   55   55   47  255   49   46   37  255   59   48   44  255   49   39   37  255   27   27   25  255   42   42   40  255   43   38   34  255   38   31   25  255
   47   37   45  255   34   28   30  255   42   42   30  255    0    5   21  255   38  104  188  255   18  111  232  255    8  110  236  255    9  113  238  255   23  119  239  255   83  171  255  255   64  139  230  255   51  111  181  255   28   70  120  255    0   15   47  255    0   15   32  255   13   22   29  255   39   37   38  255   45   37   34  255   58   50   48  255   30   25   21  255   38   34   25  255   53   46   38  255   57   43   40  255   37   27   25  255   49   49   47  255   30   32   29  255   48   45   40  255   47   40   34  255
   39   28   34  255   47   38   39  255   31   28   19  255    0    5   23  255   18   83  167  255   21  114  235  255   12  115  244  255    0  109  242  255    0  113  245  255    2  111  238  255   25  129  244  255   76  167  255  255   67  141  236  255   54  111  192  255   27   68  130  255    0   19   63  255   14   31   59  255   11   15   27  255   47   33   32  255  103   83   72  255   63   47   34  255   47   33   22  255   50   32   28  255   52   38   35  255   35   32   25  255   53   53   45  255   28   25   18  255   45   40   34  255
   48   39   42  255   45   40   37  255   39   35   24  255    0    8   21  255    0   43  108  255   19   97  195  255   13  107  220  255   12  116  241  255    2  115  245  255    0  113  246  255    0  109  240  255    3  106  234  255   33  127  251  255   76  156  255  255   73  132  224  255   68  111  179  255   19   50   94  255    9   20   40  255   31   13   11  255   93   64   50  255   76   53   35  255   44   22    8  255   51   31   24  255  111   93   89  255   39   32   22  255   46   43   34  255   36   32   23  255   59   54   48  255
   52   51   49  255   33   30   23  255   46   38   25  255   34   36   33  255    0    5   32  255   14   63  119  255    4   71  152  255   11   94  196  255    9  106  223  255   15  117  245  255   16  113  246  255   13  109  247  255    6  107  247  255   11  104  233  255   47  120  225  255  102  157  237  255  101  137  187  255   86   98  122  255   69   49   48  255   91   60   42  255   46   19    0  255   40   15    0  255   55   28   19  255  120  100   93  255   51   41   31  255   38   32   20  255   53   46   38  255   49   42   34  255
   47   48   43  255   42   39   32  255   51   43   32  255   38   34   25  255    4   15   21  255    0   22   45  255    0   24   73  255    7   64  133  255    0   69  158  255   11   94  200  255   16   99  219  255   24  113  243  255   11  113  250  255   13  108  236  255   46  118  220  255  104  152  224  255  130  155  195  255  138  144  158  255  160  144  144  255  195  171  159  255   93   72   53  255  126  105   86  255   75   47   36  255   45   20   13  255   52   42   32  255   47   40   30  255   43   34   27  255   34   25   18  255
   53   50   45  255   46   41   37  255   51   41   39  255   44   39   36  255   27   31   30  255   12   23   27  255    6   20   31  255    0   20   45  255    0   33   81  255    7   61  133  255    2   67  159  255   17   95  203  255    4   99  219  255   24  110  221  255   86  138  221  255  132  156  204  255  136  134  145  255  166  153  147  255  192  184  182  255  201  196  193  255  144  140  129  255  107   95   83  255   77   50   39  255   48   24   14  255   63   54   47  255   36   33   26  255   44   34   32  255   50   39   35  255
   44   39   35  255   43   38   34  255   50   42   40  255   44   39   36  255   40   39   35  255   43   44   38  255   42   42   34  255    6   12   12  255    0   13   33  255    0   18   57  255    0   32   92  255    3   59  134  255    2   71  162  255   29   91  176  255   79  114  178  255  115  123  159  255  145  130  127  255  198  177  160  255  105  102   95  255   85   90   86  255  129  132  123  255   11    4    0  255  102   78   68  255   63   38   31  255   51   44   36  255   42   41   36  255   53   45   42  255   40   30   28  255
   29   26   19  255   53   48   42  255   36   31   25  255   55   50   46  255   45   40   36  255   47   42   36  255   41   36   30  255   47   46   41  255   34   38   41  255    9   19   29  255    6   22   45  255    0    9   41  255    1   29   76  255   27   55  105  255   48   68  118  255   94   99  131  255  151  135  135  255  204  185  168  255  138  135  118  255  103  105   91  255  166  167  151  255   15    7    0  255   97   74   66  255   61   41   34  255   43   39   30  255   49   52   43  255   44   41   36  255   31   28   23  255
   39   36   29  255   63   60   53  255   31   26   22  255   58   53   49  255   48   40   37  255   51   44   38  255   45   38   32  255   54   50   41  255   36   33   26  255   47   46   41  255   30   32   31  255   27   32   38  255   21   28   44  255    0    1   27  255   18   29   61  255   92   92  116  255  150  126  124  255  187  160  143  255  202  191  171  255  187  185  162  255   79   74   54  255  121  108   92  255   77   48   40  255   51   24   17  255   48   40   29  255   27   29   16  255   44   44   34  255   48   48   38  255
   42   38   35  255   50   46   43  255   38   32   32  255   51   45   45  255   45   37   35  255   40   32   30  255   57   50   44  255   46   39   31  255   37   33   22  255   46   43   34  255   35   36   28  255   46   48   43  255   30   35   38  255   11   18   26  255   10   18   29  255   15    8   16  255  125   86   81  255  184  141  125  255  156  134  113  255  189  177  153  255   66   51   30  255   93   70   54  255  161  121  113  255   67   28   21  255   57   39   27  255   45   39   25  255   40   38   23  255   53   54   38  255
   53   49   46  255   35   31   28  255   33   27   27  255   48   42   42  255   37   28   29  255   39   31   29  255   55   47   44  255   48   41   35  255   41   37   26  255   43   39   28  255   53   51   39  255   40   40   30  255   35   36   30  255   45   47   44  255   19   23   22  255   32   22   20  255   59   25   16  255   63   21    9  255   41   12    0  255   81   60   41  255   65   46   29  255   62   39   25  255   97   63   54  255   64   31   22  255   52   34   22  255   47   37   25  255   53   47   35  255   34   30   18  255
   46   43   34  255   35   32   25  255   49   44   40  255   46   41   37  255   49   44   41  255   56   51   48  255   49   41   38  255   36   29   23  255   53   46   38  255   56   49   39  255   34   30   19  255   33   29   18  255   47   44   35  255   48   45   38  255   44   43   38  255   46   41   35  255   43   29   20  255   41   18   10  255   39    8    3  255  120   89   84  255   72   52   45  255   55   41   32  255   36   26   17  255   46   37   28  255   56   47   40  255   52   41   35  255   35   24   20  255   44   33   29  255
   40   38   26  255   33   31   19  255   50   46   37  255   33   28   22  255   36   31   27  255   46   41   38  255   48   40   37  255   37   29   26  255   51   44   38  255   47   40   32  255   52   45   37  255   52   45   35  255   45   38   30  255   48   44   35  255   50   43   37  255   44   39   33  255   46   43   34  255   52   43   34  255   42   18   16  255   84   58   57  255   48   33   28  255   45   38   30  255   31   32   24  255   43   44   36  255   50   45   41  255   44   34   32  255   58   46   46  255   47   35   35  255
   46   42   30  255   45   41   29  255   38   34   23  255   61   57   48  255   41   36   32  255   46   41   37  255   45   40   37  255   48   43   40  255   38   33   29  255   42   37   33  255   43   35   32  255   51   43   40  255   41   33   31  255   39   31   29  255   46   36   37  255   52   47   44  255   49   46   39  255   44   44   34  255   46   41   35  255   53   48   42  255   42   42   34  255   47   47   39  255   45   45   37  255   34   31   24  255   43   38   34  255   37   32   28  255   51   43   40  255   43   38   34  255
   38   34   23  255   61   57   46  255   27   23   14  255   48   43   37  255   45   40   36  255   47   42   38  255   44   39   36  255   34   29   26  255   45   40   37  255   51   46   42  255   40   35   32  255   54   46   44  255   47   39   37  255   57   47   48  255   54   44   45  255   40   35   32  255   40   39   34  255   34   36   25  255   40   40   32  255   45   45   35  255   50   50   42  255   46   46   36  255   34   34   26  255   36   33   26  255   64   59   53  255   26   21   15  255   60   55   49  255   46   41   35  255
   59   51   48  255   44   36   33  255   42   34   32  255   51   43   41  255   56   51   48  255   30   25   22  255   59   56   51  255   38   35   30  255   35   32   27  255   48   45   38  255   42   39   34  255   43   38   34  255   38   33   29  255   40   32   30  255   48   40   38  255   35   30   26  255   49   49   41  255   39   39   27  255   47   36   30  255   47   34   26  255   44   33   27  255   62   55   45  255   42   44   33  255   32   34   23  255   45   42   33  255   41   34   26  255   46   35   29  255   49   38   32  255
   35   26   27  255   48   39   40  255   62   53   54  255   42   34   32  255   45   40   37  255   48   43   39  255   47   44   37  255   58   55   48  255   33   30   21  255   49   46   37  255   48   45   36  255   54   51   44  255   47   42   36  255   45   40   36  255   46   41   37  255   44   39   35  255   46   46   38  255   44   41   32  255   52   39   33  255   46   28   24  255   61   46   41  255   42   33   26  255   58   60   49  255   30   33   22  255   42   39   30  255   62   55   47  255   48   37   31  255   61   50   44  255
   46   37   38  255   41   32   33  255   49   41   39  255   49   41   38  255   26   21   15  255   38   34   25  255   39   37   25  255   30   28   16  255   43   44   30  255   40   41   27  255   48   48   36  255   28   28   16  255   48   45   36  255   32   29   22  255   48   45   38  255   53   50   45  255   35   32   27  255   46   41   38  255   47   35   35  255   37   23   23  255   53   37   37  255   55   44   42  255   27   26   21  255   46   47   41  255   29   26   21  255   58   53   49  255   28   23   19  255   46   41   37  255
   47   38   39  255   50   42   40  255   38   30   28  255   64   57   51  255   44   39   33  255   43   39   28  255   49   47   35  255   47   45   32  255   38   39   23  255   44   45   29  255   37   38   24  255   46   47   33  255   46   43   34  255   55   52   43  255   33   30   23  255   43   40   35  255   42   38   35  255   31   25   25  255   48   38   39  255   55   43   45  255   38   22   23  255   47   35   35  255   47   43   40  255   40   41   36  255   47   43   40  255   43   39   36  255   46   42   39  255   41   37   34  255
