   28   28
   48   47   45  255   41   36   32  255   54   37   27  255   55   38   30  255   47   39   37  255   44   40   39  255   33   32   27  255   45   38   28  255   40   23   15  255   63   39   29  255   60   30   20  255   46    8    0  255   62   11    7  255   61    3    0  255   69    8    5  255   61    4    0  255   57    6    2  255   59   20   15  255   71   50   47  255   54   43   41  255   33   24   25  255   49   43   43  255   39   33   33  255   38   29   30  255   54   39   46  255   37   25   29  255   32   30   31  255   40   42   39  255
   42   38   37  255   29   24   20  255   72   59   50  255   41   31   21  255   45   39   39  255   42   38   37  255   53   44   39  255   61   42   35  255   66   33   28  255   47    2    0  255   82   26   25  255  114   50   50  255  114   39   43  255  118   39   42  255  120   40   41  255  123   45   45  255  119   45   46  255   85   23   24  255   43    1    2  255   52   23   25  255   56   38   38  255   53   43   41  255   35   30   27  255   56   51   48  255   45   33   35  255   57   47   48  255   58   54   51  255   37   38   33  255
   60   54   54  255   34   29   25  255   43   39   30  255   47   44   35  255   31   30   28  255   68   59   60  255   52   31   26  255   63   22   20  255   76   10   14  255  128   41   50  255  150   45   59  255  178   63   80  255  211   93  109  255  192   74   88  255  131   13   25  255  169   49   61  255  191   66   82  255  151   39   53  255  130   47   55  255   75   16   20  255   64   26   25  255   48   29   23  255   36   32   23  255   43   43   33  255   35   28   22  255   31   24   18  255   38   34   25  255   62   58   49  255
   46   36   35  255   43   35   32  255   62   59   50  255   33   33   25  255   47   47   45  255   28   14   14  255   70   28   29  255   83   12   16  255  148   52   64  255  179   62   81  255  213   81  105  255  226   88  113  255  168   29   52  255  148    9   30  255  153   16   34  255  172   33   52  255  233   87  110  255  212   76   98  255  180   68   82  255  141   54   62  255   74   12   15  255   64   26   23  255   49   34   27  255   44   42   30  255   48   44   33  255   52   48   37  255   31   27   16  255   56   52   41  255
   49   38   36  255   47   38   33  255   44   37   31  255   48   43   39  255   43   39   38  255   62   37   40  255   76    7   12  255  150   48   59  255  201   80   99  255  238  106  130  255  231   97  124  255  237  100  128  255  223   85  110  255  199   61   84  255  195   59   81  255  220   84  106  255  242  102  128  255  234   98  122  255  236  109  128  255  198   86  100  255  142   50   61  255   77   12   18  255   56   25   23  255   63   53   44  255   37   33   22  255   44   42   30  255   43   40   31  255   54   51   42  255
   69   60   53  255   45   36   29  255   36   27   22  255   53   45   42  255   30   21   22  255   52   17   21  255  138   49   55  255  198   76   89  255  242  106  130  255  242  105  133  255  230   99  130  255  228   99  127  255  227   93  120  255  234  100  125  255  239  107  131  255  235  103  127  255  228   95  122  255  233   99  126  255  233   99  123  255  237  112  130  255  179   72   88  255  135   55   66  255   55   13   15  255   57   40   33  255   37   30   20  255   62   62   50  255   26   23   16  255   53   50   45  255
   32   34   20  255   42   42   30  255   58   49   42  255   51   40   38  255   47   35   35  255   56   16   17  255  140   41   46  255  197   67   79  255  239  103  127  255  223   93  121  255  216   99  128  255  220  105  134  255  225  102  131  255  227  100  127  255  225  101  127  255  219   95  121  255  227  103  131  255  226   99  128  255  226   94  118  255  230  104  125  255  193   82   99  255  123   40   50  255   60   16   17  255   37   18   12  255   58   51   43  255   26   23   16  255   47   43   40  255   51   47   44  255
   44   51   35  255   27   29   15  255   48   39   34  255   65   51   50  255   47   28   30  255   67   21   24  255  139   34   39  255  205   73   84  255  234  100  124  255  230  103  130  255  215  102  132  255  214  104  133  255  223  104  134  255  219   96  125  255  222  102  129  255  227  107  134  255  218   99  127  255  225  102  130  255  230  100  126  255  232  104  127  255  186   69   88  255  131   41   51  255   63   13   14  255   58   35   29  255   47   36   30  255   45   42   35  255   47   46   42  255   25   26   21  255
   39   43   29  255   46   46   34  255   46   36   34  255   51   35   36  255   47   22   26  255   67   14   20  255  143   40   44  255  195   68   77  255  231  104  125  255  221   97  123  255  222  103  135  255  222  104  136  255  222  103  133  255  223  103  131  255  225  102  130  255  224  104  129  255  218  100  126  255  224  102  127  255  228   95  122  255  238  106  130  255  192   71   90  255  137   42   50  255   67   12    9  255   59   30   22  255   57   44   36  255   39   36   29  255   45   50   43  255   24   34   25  255
   42   42   32  255   44   39   33  255   46   35   33  255   45   26   28  255   61   34   39  255   65   10   16  255  143   39   46  255  200   74   85  255  229  103  124  255  224  104  129  255  216  103  131  255  201   93  119  255  207   99  123  255  204   95  116  255  203   94  113  255  206   95  114  255  206   97  116  255  217  101  124  255  233  103  131  255  231   98  125  255  195   72   92  255  136   39   48  255   71   12    8  255   60   27   18  255   60   43   35  255   48   43   37  255   42   45   36  255   38   45   37  255
   62   54   52  255   42   32   31  255   49   35   34  255   47   27   28  255   61   32   37  255   68   13   19  255  135   31   40  255  195   69   81  255  230  104  125  255  221  105  126  255  170   71   91  255  125   37   53  255  126   42   55  255  124   41   49  255  130   43   49  255  134   45   51  255  124   31   42  255  180   74   94  255  225  101  129  255  233  104  132  255  194   72   93  255  138   41   50  255   67    8    4  255   69   36   27  255   56   35   30  255   48   34   31  255   52   45   39  255   28   25   18  255
   43   35   33  255   45   34   32  255   60   45   42  255   29    8    5  255   50   21   23  255   63    8   14  255  142   41   49  255  199   77   90  255  227  106  123  255  195   87  103  255  101   17   30  255   69    0    7  255   69    3    7  255   65    0    0  255   68    0    0  255   71    0    0  255   79    0    6  255  109   15   31  255  200   83  109  255  231  108  136  255  191   73   95  255  133   40   50  255   68   13   10  255   51   18    9  255   46   23   17  255   35   20   15  255   65   54   48  255   43   34   27  255
   39   34   30  255   34   25   18  255   31   14    4  255   97   75   64  255   91   62   58  255   65   13   15  255  138   46   51  255  188   74   84  255  235  120  135  255  175   74   88  255   62    0    0  255   66   12   12  255   71   17   15  255   69   14   11  255   71   12    4  255   76   13    8  255   72    6    8  255   71    0    0  255  162   56   76  255  219  105  128  255  187   78   99  255  137   47   59  255   58    7    6  255   89   60   52  255   95   75   66  255   26   13    4  255   41   33   22  255   55   48   38  255
   36   27   18  255   92   80   68  255   98   77   60  255  213  186  169  255  167  133  124  255   48    0    0  255  108   26   28  255  167   66   72  255  203   99  110  255  153   60   71  255   64    0    0  255   66   10   11  255   58    2    3  255   60    4    3  255   65    6    0  255   67    4    0  255   69    3    4  255   81    4   10  255  135   39   51  255  190   88  102  255  161   63   78  255  108   28   37  255   45    0    0  255  162  132  122  255  210  184  171  255  100   81   66  255   93   80   64  255   41   32   17  255
   25    5    0  255  200  177  161  255  185  153  130  255  244  206  183  255  206  160  147  255  108   51   44  255   73    4    0  255  125   45   44  255  141   52   58  255  138   48   58  255  123   43   52  255  117   44   53  255  109   38   46  255  116   47   52  255  120   48   51  255  120   44   46  255  121   41   42  255  122   37   40  255  137   47   49  255  146   60   63  255  123   44   47  255   68    4    4  255  102   55   49  255  201  161  149  255  251  209  193  255  187  150  131  255  192  170  149  255   26   11    0  255
   30   11    0  255  193  170  152  255  186  156  132  255  219  181  160  255  226  180  167  255  176  121  114  255   62    2    0  255   85   20   16  255   85   17   16  255   97   28   31  255  136   67   72  255  133   62   70  255  136   64   75  255  136   65   73  255  130   61   64  255  132   62   64  255  138   62   62  255  146   68   66  255  106   31   28  255   87   17   15  255   80   19   18  255   50    0    0  255  167  124  118  255  221  181  171  255  225  182  166  255  185  147  128  255  200  175  153  255   28   12    0  255
   35   26   11  255   88   76   60  255   80   62   48  255   99   75   63  255  103   68   62  255  100   55   50  255   82   24   22  255   82   24   20  255   59   19   11  255   69   35   26  255   61   21   19  255   71   22   25  255   81   20   27  255   77   15   20  255   71   20   19  255   69   20   16  255   76   21   16  255   77   22   17  255   76   25   21  255   60   12   10  255   72   28   27  255   73   31   32  255   97   59   58  255  101   68   61  255  100   68   57  255   91   65   50  255   87   68   51  255   46   31   12  255
   48   42   28  255   35   29   15  255   40   30   21  255   36   21   14  255   45   24   19  255   52   18   16  255  110   60   59  255   92   43   39  255   50   18    7  255   57   33   21  255   70   41   35  255   76   38   35  255   82   27   30  255   86   30   31  255   80   33   27  255   84   40   31  255   82   35   27  255   73   28   22  255   67   28   23  255   55   21   19  255   76   45   43  255   88   58   58  255   48   18   18  255   55   30   26  255   39   19   12  255   34   17    7  255   54   42   28  255   43   34   19  255
   60   52   41  255   48   40   29  255   36   25   19  255   58   47   43  255   34   27   21  255   38   23   16  255   61   26   22  255   65   21   18  255   61   20   14  255   77   38   31  255   61   22   17  255   57   16   10  255   71   22   17  255   75   20   13  255   71   17    5  255   70   16    4  255   73   20   12  255   65   21   12  255   73   39   30  255   48   21   14  255   54   33   30  255   52   34   32  255   38   20   20  255   48   32   32  255   58   47   43  255   38   31   23  255   51   48   39  255   44   44   34  255
   38   29   20  255   60   51   44  255   35   26   21  255   45   37   34  255   31   28   21  255   34   27   19  255   38   18   11  255   42   15    6  255   57   29   18  255   90   57   48  255   82   43   36  255   84   39   33  255   93   43   36  255   94   37   28  255   99   37   26  255   96   34   23  255   90   36   26  255   81   38   29  255   89   62   51  255   48   31   21  255   30   17    9  255   36   25   19  255   33   19   16  255   26   15   13  255   50   45   41  255   39   38   33  255   50   51   46  255   34   36   31  255
   50   43   35  255   33   28   22  255   51   46   42  255   28   20   17  255   26   17   12  255   31   22   15  255   35   32   17  255   54   55   37  255   19   24    2  255   35   30   10  255   70   40   29  255   94   47   41  255   97   42   37  255  110   47   42  255  116   45   39  255  113   44   37  255  105   50   43  255   80   43   34  255   39   26    9  255   24   21    2  255   58   52   38  255   34   24   14  255   36   19   12  255   37   22   19  255   31   26   22  255   33   34   29  255   45   47   44  255   30   32   29  255
   48   43   37  255   49   44   40  255   33   28   24  255   33   22   20  255   51   27   27  255   71   46   42  255   67   53   40  255   42   41   20  255   76   89   63  255   51   56   33  255   43   21    8  255   60   21   14  255   65   22   16  255   70   21   16  255   73   15   11  255   64    9    4  255   66   25   19  255   40   13    2  255   60   53   34  255   88   86   65  255   49   36   19  255   76   52   40  255   78   43   37  255   49   18   15  255   30   19   13  255   28   27   22  255   36   38   35  255   27   32   28  255
   39   31   28  255   49   41   38  255   29   21   18  255   38   18   17  255   65   16   20  255  102   43   47  255   85   34   30  255   61   28   13  255  103   97   73  255   76   75   54  255   34   20    7  255   35   16    9  255   39   24   17  255   33   20   12  255   40   23   16  255   39   22   14  255   37   23   14  255   29   19    7  255   76   71   52  255  105   90   71  255   63   23   11  255   87   30   21  255  117   52   48  255   64    9    6  255   43   16    9  255   33   26   18  255   41   44   37  255   41   48   41  255
   36   33   28  255   28   23   19  255   33   25   22  255   43   19   19  255   72   17   22  255  159   86   93  255  140   64   66  255   91   28   23  255   45   12    0  255   38   19    4  255   36   18    8  255   35   22   16  255   26   25   20  255   27   29   24  255   26   27   22  255   28   27   23  255   26   21   15  255   32   22   13  255   33   17    4  255   41    7    0  255   96   36   28  255  143   65   61  255  158   78   77  255  110   45   43  255   57   22   16  255   30   20   10  255   29   30   22  255   26   36   27  255
   36   39   32  255   31   32   26  255   32   24   21  255   40   19   18  255   66   21   24  255  117   51   55  255  168   81   89  255  162   73   79  255  149   79   79  255  126   75   72  255   88   52   52  255   63   43   44  255   27   21   23  255   22   22   24  255   25   25   27  255   30   24   26  255   58   42   43  255   83   54   56  255  121   77   78  255  144   84   84  255  147   69   69  255  167   83   83  255  127   49   47  255  110   49   46  255   53   18   12  255   37   23   14  255   27   27   19  255   35   42   35  255
   56   61   54  255   18   21   14  255   25   20   17  255   39   23   23  255   40   12   11  255   59   10   13  255  123   50   57  255  121   40   47  255  115   44   48  255   88   33   36  255   52   17   21  255   39   23   24  255   30   24   28  255   32   31   36  255   31   29   34  255   26   17   22  255   43   24   28  255   41   10   15  255   82   35   41  255  110   49   54  255  118   49   52  255  122   54   55  255   67   12    9  255   55   14   10  255   43   18   13  255   31   20   14  255   25   21   18  255   44   44   42  255
   59   62   55  255   14   15   10  255   32   28   27  255   31   22   23  255   36   28   25  255   45   30   27  255   48   14   13  255   48    8    8  255   53   15   14  255   47   19   18  255   36   20   20  255   30   24   24  255   22   22   22  255   22   22   22  255   32   26   28  255   36   26   27  255   35   23   25  255   41   22   26  255   39   10   14  255   48   16   17  255   47   16   14  255   35   10    5  255   41   26   19  255   32   25   19  255   28   24   21  255   28   24   23  255   72   66   68  255   37   28   33  255
   34   37   30  255   59   60   55  255   28   24   23  255   28   27   25  255   25   27   24  255   17   18   12  255   37   22   19  255   41   20   17  255   41   22   18  255   34   19   16  255   28   23   20  255   25   25   23  255   30   32   31  255   28   28   26  255   32   26   26  255   30   20   19  255   30   21   24  255   31   19   21  255   50   31   33  255   37   19   17  255   32   18   15  255   33   30   21  255   21   26   19  255   18   28   20  255   27   33   31  255   29   29   31  255   20   10   18  255   59   46   55  255
