   28   28
   48   44   32  255   46   42   31  255   31   21   19  255   57   47   46  255   40   28   30  255   49   37   37  255   37   28   21  255   42   33   24  255   46   39   29  255   35   31   22  255   50   47   42  255   32   31   27  255   37   33   30  255   39   38   33  255   36   36   28  255   51   53   42  255   48   48   40  255   30   30   22  255   44   41   36  255   32   29   24  255   48   43   40  255   49   44   41  255   42   32   31  255   60   52   50  255   34   29   25  255   40   41   35  255   37   42   35  255   38   48   39  255
   19   20    6  255   61   59   47  255   54   46   43  255   31   21   20  255   38   28   29  255   36   28   26  255   53   46   38  255   47   38   29  255   50   40   31  255   49   40   33  255   29   24   20  255   38   34   31  255   49   44   41  255   47   44   39  255   38   38   30  255   39   41   30  255   44   46   35  255   43   40   31  255   50   41   36  255   55   46   41  255   34   26   23  255   42   34   31  255   63   52   50  255   49   35   34  255   46   35   33  255   39   34   30  255   63   64   58  255   14   19   12  255
   38   45   29  255   61   63   50  255   24   17   11  255   55   45   43  255   52   48   45  255   35   34   29  255   48   44   35  255   49   39   30  255   42   23   17  255   47   28   24  255   56   47   42  255   53   48   44  255   49   39   38  255   43   35   32  255   41   41   33  255   24   27   16  255   35   39   25  255   52   50   38  255   47   26   23  255   63   39   37  255   40   31   26  255   51   44   38  255   42   22   21  255   53   29   29  255   71   50   49  255   56   38   36  255   44   37   31  255   48   45   38  255
   33   29   17  255   44   37   27  255   43   29   26  255   47   33   32  255   32   27   23  255   48   43   37  255   39   24   17  255   59   36   30  255   61   33   30  255   73   49   45  255   43   29   26  255   46   35   33  255   46   30   30  255   50   32   32  255   54   40   37  255   48   35   29  255   48   34   25  255   59   41   31  255   72   44   40  255   59   31   27  255   58   41   34  255   66   47   41  255   64   32   33  255   62   28   29  255   56   32   30  255   50   32   28  255   44   25   21  255   44   25   21  255
   53   22   19  255   75   45   43  255   60   32   31  255   46   25   24  255   50   36   33  255   45   26   22  255   73   31   32  255   76   30   30  255   69   34   32  255   72   47   42  255   52   33   29  255   58   38   37  255   56   30   31  255   51   21   21  255   59   25   26  255   79   37   39  255   82   26   29  255   91   41   40  255   69   40   32  255   45   23   12  255  121   90   85  255   75   34   32  255   74   22   26  255   58   16   17  255   55   42   33  255   46   37   28  255   64   33   31  255   88   43   46  255
   75   37   36  255   82   47   45  255   47   11   11  255   58   27   25  255   50   22   19  255   80   45   43  255   74   18   21  255   77   12   16  255   98   42   43  255   74   26   26  255   71   29   30  255   58   20   19  255   60   21   22  255   65   23   24  255   70   18   22  255   83   18   24  255  113   30   38  255   88   13   17  255   75   30   24  255   71   33   24  255   74   18   17  255   69    3    5  255  130   59   65  255   85   26   28  255   54   31   23  255   43   24   17  255   97   53   54  255   77   22   28  255
   63   40   34  255   46   17   13  255   79   37   38  255   59   13   13  255   80   34   34  255   79   28   27  255   87   25   26  255  120   45   49  255  122   31   40  255  127   34   44  255  103   20   28  255   86   17   20  255   77   23   23  255   87   36   33  255   94   30   31  255   99   20   25  255  126   31   39  255  131   39   44  255   95   17   17  255   93   17   17  255  176   87   91  255  111   18   26  255   97    6   15  255  103   24   30  255   91   35   36  255   78   30   30  255   81   29   33  255   64   12   16  255
   56   31   26  255   65   31   29  255  101   51   52  255   76   14   17  255  108   38   40  255  101   29   30  255  114   43   41  255  173   91   93  255  153   43   54  255  145   29   42  255  150   44   54  255  122   31   36  255  103   29   28  255  116   45   43  255  141   55   58  255  138   42   46  255  138   33   40  255  155   50   55  255  123   24   27  255  203  102  106  255  148   37   44  255  132   25   33  255  117   26   31  255  148   68   71  255  128   53   58  255  100   34   38  255  112   57   60  255   86   36   39  255
   68   28   28  255   72   24   24  255   89   24   28  255  121   40   46  255  134   37   44  255  168   69   74  255  120   34   33  255  125   35   35  255  166   57   63  255  148   32   41  255  164   55   61  255  142   39   42  255  135   35   37  255  116   11   15  255  164   49   56  255  190   73   81  255  155   42   48  255  142   31   37  255  135   26   31  255  158   43   50  255  145   19   30  255  184   73   79  255   97   24   18  255  102   41   36  255  106   27   32  255  121   46   51  255   74   19   22  255   99   55   54  255
   77   33   34  255   82   30   32  255   87   16   20  255  136   45   50  255  171   60   69  255  146   33   39  255  131   33   34  255  159   59   61  255  204   89   96  255  203   82   91  255  170   53   59  255  147   30   36  255  190   69   74  255  204   77   84  255  212   78   87  255  211   79   90  255  193   67   78  255  182   61   70  255  192   71   78  255  191   66   74  255  201   65   77  255  213   89   97  255  136   48   46  255   93   22   18  255  125   46   49  255   86   15   19  255   95   47   45  255   54   16   13  255
   50   10   11  255   97   47   48  255   86   18   19  255  121   31   33  255  183   72   79  255  152   33   39  255  194   81   85  255  158   43   48  255  225   98  109  255  224   92  105  255  225   95  105  255  228   96  107  255  218   81   91  255  223   81   93  255  225   85   98  255  222   82   95  255  213   72   88  255  211   73   88  255  208   72   84  255  224   87   97  255  224   82   94  255  213   73   84  255  210   75   89  255  185   74   81  255  113   39   40  255   67   18   14  255   70   35   31  255   52   23   19  255
   60   29   27  255   84   40   39  255  104   36   37  255  131   39   42  255  182   62   71  255  223   96  105  255  224  107  113  255  227  110  118  255  230  104  116  255  220   94  106  255  235  114  123  255  251  127  137  255  222   90  101  255  229   94  108  255  225   99  110  255  222   96  108  255  218   83   97  255  236   98  113  255  239   99  112  255  251  109  121  255  243   99  109  255  209   63   76  255  206   58   74  255  187   65   76  255  110   42   41  255   77   38   31  255   50   17   12  255   69   38   35  255
   61   42   36  255   56   21   17  255  119   54   52  255  100    1    4  255  197   65   76  255  224   86   99  255  235  120  127  255  249  142  148  255  243  133  142  255  231  125  135  255  231  136  140  255  248  153  157  255  227  122  129  255  226  122  129  255  240  149  156  255  250  158  163  255  250  140  149  255  254  130  140  255  242  108  119  255  253  113  124  255  238   97  106  255  238   98  109  255  164   32   43  255  156   53   57  255   99   41   37  255   70   33   25  255   77   35   36  255   76   31   34  255
   56   35   30  255   55   17   14  255  187  119  118  255  108    5    9  255  183   45   58  255  229   87  101  255  234  120  128  255  255  177  184  255  255  175  183  255  236  151  158  255  218  144  145  255  253  181  182  255  250  174  176  255  238  163  167  255  255  200  204  255  255  191  195  255  246  151  157  255  227  116  122  255  220   96  104  255  224   90   99  255  231   91  100  255  219   82   92  255  155   28   37  255  144   43   47  255   92   33   29  255   75   34   28  255   73   27   29  255   78   29   33  255
   64   28   28  255   70   20   21  255  144   68   70  255  143   40   44  255  198   64   75  255  217   81   93  255  236  126  135  255  255  179  185  255  255  196  201  255  255  193  197  255  233  174  176  255  237  186  185  255  250  202  200  255  240  194  194  255  252  206  209  255  242  181  188  255  220  133  139  255  225  120  125  255  222  109  115  255  226  101  107  255  223   88   95  255  218   78   89  255  198   62   74  255  159   45   53  255  113   39   40  255   92   41   40  255   56    7   10  255   68   22   25  255
   62   21   25  255   73   23   26  255   87   15   18  255  155   56   61  255  217   91  102  255  225   93  106  255  216  102  112  255  233  138  146  255  243  168  173  255  253  194  196  255  255  211  211  255  243  205  204  255  244  214  212  255  249  221  220  255  255  229  231  255  254  207  213  255  238  163  168  255  235  143  148  255  248  145  149  255  235  120  127  255  231  100  108  255  220   80   91  255  218   78   91  255  145   25   35  255  109   30   33  255   74   18   19  255   86   37   40  255   59   14   17  255
   69   39   41  255   55   15   16  255   87   25   28  255  116   29   35  255  215   99  108  255  214   87   98  255  220   94  105  255  224  110  118  255  231  140  147  255  237  171  173  255  252  211  209  255  247  222  218  255  245  224  221  255  255  240  239  255  255  241  241  255  255  226  228  255  249  188  195  255  242  162  171  255  255  168  174  255  239  135  142  255  225   99  110  255  226   90  102  255  216   76   89  255  158   38   48  255  128   49   52  255   78   27   24  255   80   36   35  255   67   27   27  255
   45   24   21  255   55   20   18  255   99   37   38  255  100   13   19  255  151   35   44  255  218   88   98  255  234   98  110  255  243  116  127  255  243  139  148  255  246  171  176  255  252  210  211  255  250  229  226  255  241  225  225  255  240  228  228  255  243  233  234  255  245  225  227  255  237  190  196  255  246  181  187  255  246  167  172  255  249  150  155  255  226  100  111  255  209   71   84  255  191   55   67  255  170   53   61  255  138   53   56  255   84   26   25  255   55   15   13  255   74   43   40  255
   48   30   20  255   68   31   25  255   85   13   14  255  142   41   47  255  167   42   50  255  201   64   74  255  230   88  100  255  232   97  111  255  238  126  138  255  247  164  172  255  255  209  213  255  255  237  240  255  247  235  237  255  236  230  232  255  249  240  245  255  255  237  241  255  255  220  220  255  255  204  201  255  245  174  172  255  245  146  149  255  226   92  103  255  210   65   78  255  186   55   63  255  125   10   17  255  131   31   39  255   89   17   21  255   57   19   18  255   47   28   22  255
   62   39   31  255   70   29   23  255   87    7   10  255  141   34   40  255  189   65   73  255  190   54   64  255  214   72   84  255  227   91  105  255  227  109  123  255  226  134  145  255  231  174  181  255  243  212  217  255  244  234  235  255  246  244  245  255  255  246  251  255  250  234  237  255  252  222  220  255  238  190  186  255  250  180  178  255  236  135  139  255  229   93  105  255  217   71   84  255  176   45   53  255  153   36   44  255  135   34   42  255   80    5   10  255   60   25   23  255   51   36   29  255
   62   28   26  255   63   13   14  255  103   21   27  255  141   37   44  255  129   16   22  255  186   62   70  255  211   75   87  255  228   93  107  255  231  109  124  255  220  119  133  255  225  157  168  255  234  198  202  255  239  227  227  255  247  247  245  255  250  244  246  255  249  233  234  255  235  205  205  255  234  186  186  255  247  172  176  255  241  140  146  255  224   92  105  255  217   72   87  255  194   54   67  255  173   52   61  255  108   17   22  255   89   28   27  255   57   22   18  255   56   36   29  255
   87   47   47  255   63    7    8  255  107   18   24  255  157   47   56  255  174   57   63  255  201   78   83  255  217   90   97  255  244  120  130  255  243  136  146  255  232  146  155  255  245  188  195  255  252  222  224  255  246  238  236  255  245  245  243  255  246  242  243  255  255  240  243  255  253  224  226  255  252  202  205  255  255  181  187  255  238  132  142  255  229   99  111  255  225   85   98  255  204   66   79  255  187   66   75  255  138   43   49  255   91   23   24  255   54   15   10  255   79   52   45  255
   72   31   25  255   78   18   17  255  126   30   34  255  159   38   47  255  185   51   60  255  217   83   90  255  225  105  107  255  245  142  143  255  250  176  175  255  238  188  187  255  244  218  217  255  252  242  240  255  249  248  246  255  247  247  249  255  244  242  247  255  245  234  238  255  255  232  233  255  252  202  205  255  251  164  173  255  234  119  132  255  229   99  111  255  231   97  106  255  210   83   90  255  132   12   21  255  154   42   54  255  119   29   38  255   78   28   27  255   74   45   39  255
   73   38   32  255   87   33   31  255  110   18   23  255  153   31   42  255  194   54   65  255  197   57   66  255  214   91   94  255  244  144  144  255  255  199  197  255  255  218  213  255  255  235  231  255  255  246  245  255  255  241  241  255  252  240  244  255  255  246  250  255  255  235  240  255  254  214  215  255  244  175  180  255  231  127  138  255  233  109  120  255  225   94  102  255  228   97  103  255  206   79   86  255  177   56   63  255  145   30   43  255  117   27   36  255   67   19   19  255   73   45   41  255
   38   17   14  255   88   48   49  255   86   11   18  255  148   40   53  255  190   53   69  255  186   41   56  255  218   86   97  255  239  122  130  255  251  155  159  255  255  186  190  255  255  205  208  255  254  212  214  255  255  208  214  255  250  209  215  255  255  231  233  255  251  211  212  255  242  170  174  255  229  125  134  255  224   97  108  255  233   93  104  255  229   94  100  255  226   89   96  255  205   65   74  255  171   44   53  255  137   40   47  255   81   15   17  255   86   48   47  255   38   17   14  255
   63   37   38  255   53   13   14  255   70    1    6  255  110   10   20  255  195   63   77  255  219   74   89  255  220   84   96  255  200   74   85  255  201   87   97  255  215  122  130  255  224  159  163  255  235  185  188  255  241  186  192  255  232  183  189  255  236  202  203  255  234  185  188  255  213  128  133  255  220  106  114  255  224   90  101  255  232   91   99  255  223   87   91  255  218   79   84  255  202   55   65  255  160   28   39  255  115   24   29  255   65    7    6  255   60   21   22  255   63   34   36  255
   65   21   22  255   77   22   25  255  109   34   38  255  151   50   56  255  208   78   88  255  220   78   90  255  219   83   93  255  201   71   81  255  208   86   99  255  224  124  136  255  229  170  174  255  240  201  202  255  241  202  207  255  231  196  200  255  238  209  213  255  237  195  197  255  223  147  151  255  232  129  133  255  239  120  126  255  238  107  113  255  224   88   92  255  224   81   87  255  207   55   67  255  178   44   53  255  144   52   55  255   91   27   28  255   61   10   15  255   63   21   25  255
   59    7    9  255   86   26   28  255   93   14   17  255  163   62   66  255  224   97  106  255  235   95  104  255  231   96  103  255  223   92  100  255  241  115  129  255  255  157  170  255  255  204  207  255  255  229  230  255  255  229  231  255  255  229  233  255  255  239  244  255  255  222  226  255  252  180  184  255  247  151  155  255  255  154  158  255  254  129  133  255  234   98  102  255  234   89   94  255  201   49   61  255  195   59   69  255  154   59   63  255   89   20   23  255   77   20   26  255   91   40   47  255
