   28   28
   67   29   20  255   66   31   25  255   65   35   37  255   61   32   36  255   67   32   36  255   52   24   23  255   50   35   32  255   41   30   26  255   65   44   43  255   50   29   28  255   39   26   20  255   52   38   35  255   64   44   46  255   66   35   40  255   71   27   26  255   69   28   24  255   64   40   38  255   58   40   38  255   60   34   33  255   60   28   29  255   72   33   36  255   72   27   32  255   78   25   33  255   68   26   30  255   63   42   39  255   47   19   16  255  118   50   61  255   85    0   14  255
   71   31   23  255   62   25   19  255   49   19   19  255   68   37   42  255   58   24   25  255   73   39   38  255   74   48   47  255   48   22   21  255   76   42   43  255   63   31   32  255   69   45   41  255   61   42   38  255   45   23   25  255   54   24   26  255   67   26   24  255   68   27   23  255   63   29   27  255   71   43   40  255   57   29   26  255   82   48   46  255   66   20   23  255  100   48   52  255   90   37   43  255   76   31   34  255   50   22   19  255   52   18   16  255  105   38   45  255  123   39   52  255
   66   21   16  255   89   48   44  255   44   12   13  255   46   16   16  255   68   33   31  255   75   34   32  255   74   28   28  255   94   42   44  255   77   18   22  255   72   17   20  255   68   27   25  255   55   24   21  255   51   22   24  255   64   35   37  255   69   34   30  255   64   23   17  255   82   32   31  255   70   22   20  255   71   36   30  255   55   18   10  255  101   42   44  255   88   24   25  255   75   19   20  255   74   26   24  255   72   33   28  255   62   17   14  255   70    1    4  255   81    0    7  255
   91   23   22  255   88   24   25  255   79   24   27  255   68   13   16  255   75   13   14  255   84   14   14  255  114   38   40  255  105   23   27  255  101   16   21  255   96   16   19  255   79    9    9  255   78   18   18  255   68   18   21  255   62   12   13  255   78   22   21  255   83   18   16  255   88   12   14  255  103   27   29  255  102   34   33  255   97   29   26  255  116   38   38  255  101   21   22  255  108   37   35  255   83   18   16  255   73   14   10  255   75   10    8  255   80    0    0  255  160   63   72  255
  163   52   59  255  161   56   63  255  141   44   53  255  112   12   20  255  146   33   39  255  157   38   44  255  160   44   47  255  147   32   35  255  117    5    4  255  133   23   24  255  144   36   36  255  143   40   43  255  120   28   33  255  122   30   35  255  143   40   44  255  127   18   23  255  127   16   23  255  148   33   40  255  149   23   34  255  151   30   39  255  143   37   41  255  151   51   53  255  154   49   53  255  117   18   21  255  123   35   34  255  114   20   21  255  166   44   55  255  167   32   47  255
  202   68   79  255  196   66   76  255  170   44   56  255  160   30   42  255  185   43   55  255  203   57   67  255  194   55   62  255  196   61   65  255  181   53   54  255  167   39   40  255  168   35   40  255  166   35   41  255  158   34   42  255  163   39   49  255  179   48   56  255  194   60   69  255  207   77   85  255  191   55   65  255  199   47   62  255  183   35   47  255  134    8   12  255  153   32   37  255  157   30   37  255  163   38   46  255  182   69   73  255  125    5   14  255  186   44   60  255  203   50   70  255
  211   75   85  255  222   84   97  255  199   57   71  255  200   53   69  255  216   64   79  255  216   64   76  255  196   50   60  255  209   70   77  255  186   51   57  255  183   48   54  255  188   47   55  255  188   44   54  255  192   47   60  255  189   47   59  255  186   44   56  255  204   67   75  255  217   82   89  255  214   74   83  255  211   63   75  255  195   48   58  255  190   51   58  255  187   50   57  255  190   49   58  255  195   53   65  255  206   69   79  255  231   91  104  255  222   74   90  255  219   66   84  255
  223   89   98  255  228   91  101  255  223   75   91  255  225   73   88  255  237   82   98  255  243   92  107  255  239   97  109  255  223   86   94  255  211   75   85  255  210   75   82  255  210   73   81  255  212   68   78  255  207   55   70  255  202   50   65  255  209   63   74  255  220   80   89  255  233   96  104  255  214   74   83  255  212   64   76  255  202   54   66  255  199   58   66  255  212   73   80  255  216   75   84  255  214   72   84  255  226   84   98  255  224   84   97  255  231   90  106  255  231   93  108  255
  226  103  108  255  233  103  111  255  233   88  101  255  236   85  100  255  240   92  108  255  234   92  108  255  231   96  110  255  228   98  110  255  227   96  110  255  224   97  108  255  221   97  105  255  221   89  100  255  215   64   79  255  208   53   67  255  220   75   88  255  227   90  100  255  236   98  111  255  220   80   93  255  221   73   87  255  197   51   64  255  207   71   81  255  226   96  104  255  225   98  107  255  222   96  107  255  225  101  112  255  219   99  109  255  255  142  153  255  244  133  142  255
  242  136  138  255  250  134  137  255  238  102  112  255  228   86  100  255  232   94  109  255  234  106  119  255  240  125  138  255  247  140  150  255  249  139  150  255  240  133  143  255  244  143  149  255  241  130  136  255  213   76   86  255  199   53   66  255  211   75   85  255  231  104  113  255  250  128  139  255  235  111  122  255  233  101  115  255  213   82   96  255  221  104  113  255  240  133  139  255  243  138  143  255  242  138  145  255  241  140  148  255  233  133  143  255  255  171  178  255  255  173  179  255
  248  160  158  255  251  153  152  255  241  120  125  255  223   96  105  255  219   99  111  255  236  130  140  255  249  168  174  255  249  177  180  255  249  174  179  255  249  174  178  255  250  178  179  255  238  154  154  255  215  100  107  255  205   78   87  255  207   86   95  255  228  119  125  255  255  167  173  255  246  159  167  255  248  143  157  255  222  118  129  255  223  136  142  255  253  177  179  255  253  181  182  255  245  173  176  255  247  170  176  255  248  173  180  255  255  192  197  255  240  175  179  255
  228  163  159  255  235  157  155  255  228  125  129  255  216  106  115  255  222  126  137  255  248  173  180  255  255  208  210  255  246  205  203  255  237  187  190  255  241  189  193  255  246  198  198  255  248  186  187  255  221  130  135  255  207  103  110  255  213  118  126  255  243  164  169  255  255  208  211  255  250  200  201  255  246  179  186  255  228  159  164  255  236  177  179  255  255  212  209  255  252  201  200  255  232  181  180  255  231  176  181  255  239  187  191  255  255  213  216  255  233  191  193  255
  229  187  189  255  243  187  190  255  226  143  151  255  218  132  141  255  239  178  185  255  255  215  219  255  250  229  228  255  247  227  228  255  241  209  214  255  243  206  213  255  253  221  226  255  255  221  225  255  230  165  171  255  224  154  162  255  241  186  192  255  247  208  211  255  255  240  239  255  242  227  222  255  237  216  211  255  233  205  201  255  241  207  205  255  255  217  216  255  248  204  205  255  242  198  199  255  233  197  199  255  229  199  199  255  255  233  233  255  250  230  231  255
  251  224  229  255  255  223  229  255  252  187  195  255  245  180  188  255  253  217  221  255  253  235  235  255  246  238  236  255  249  239  240  255  255  231  237  255  255  232  239  255  255  235  240  255  255  233  237  255  246  207  210  255  255  218  221  255  255  236  243  255  242  227  232  255  248  244  241  255  240  241  235  255  246  241  235  255  246  233  227  255  250  224  223  255  253  219  218  255  250  209  213  255  251  212  215  255  254  225  227  255  249  229  230  255  254  242  242  255  251  243  241  255
  254  233  238  255  255  231  236  255  255  207  212  255  252  203  206  255  250  226  226  255  252  242  240  255  251  248  243  255  247  239  237  255  250  228  231  255  249  227  230  255  246  231  234  255  250  240  239  255  252  241  237  255  253  242  240  255  253  242  248  255  251  244  251  255  247  243  244  255  245  237  235  255  255  236  238  255  253  224  228  255  255  225  229  255  255  219  223  255  251  212  217  255  242  206  210  255  251  220  225  255  255  233  236  255  253  245  243  255  244  243  241  255
  252  226  229  255  255  228  232  255  250  195  200  255  237  185  189  255  244  220  218  255  255  245  241  255  255  241  238  255  246  222  222  255  242  203  208  255  238  199  204  255  244  218  219  255  251  233  231  255  255  242  236  255  255  245  241  255  254  242  244  255  255  242  247  255  255  245  246  255  253  228  231  255  255  215  221  255  242  191  198  255  243  186  193  255  238  185  191  255  246  201  206  255  255  214  218  255  249  204  209  255  239  203  207  255  252  232  233  255  247  237  236  255
  251  207  206  255  255  206  209  255  246  163  173  255  236  159  169  255  249  209  209  255  255  235  231  255  254  214  214  255  243  188  191  255  235  159  169  255  233  158  165  255  239  180  182  255  255  211  211  255  255  211  210  255  255  218  218  255  250  214  216  255  252  216  218  255  255  219  222  255  247  195  199  255  251  174  182  255  234  148  157  255  244  162  168  255  240  168  172  255  249  193  196  255  255  208  208  255  242  173  176  255  216  154  157  255  255  214  216  255  230  198  199  255
  237  165  166  255  244  162  166  255  227  121  135  255  222  124  137  255  253  193  195  255  255  218  214  255  241  179  180  255  228  149  154  255  221  119  130  255  224  120  131  255  225  136  142  255  249  170  173  255  248  176  179  255  244  178  180  255  243  178  182  255  240  175  179  255  246  177  180  255  227  145  151  255  233  126  136  255  219  103  114  255  235  128  136  255  253  158  164  255  250  171  174  255  247  167  170  255  228  132  136  255  204  112  117  255  255  191  196  255  237  182  188  255
  231  122  128  255  232  118  128  255  215   90  106  255  201   86   99  255  242  160  164  255  255  198  199  255  255  180  183  255  232  135  142  255  230  112  124  255  232  106  118  255  231  111  121  255  240  129  138  255  247  147  155  255  252  157  165  255  242  142  154  255  225  123  134  255  235  132  136  255  218  105  111  255  223   88  102  255  209   71   86  255  217   86  100  255  241  119  130  255  244  130  138  255  237  120  128  255  225   94  102  255  195   71   81  255  255  165  177  255  251  169  183  255
  220   90  100  255  227   95  106  255  201   65   79  255  203   75   88  255  233  126  134  255  246  147  150  255  237  136  140  255  233  122  128  255  230   98  109  255  228   88  101  255  227   89  102  255  233  101  112  255  249  129  138  255  255  141  150  255  243  121  134  255  224   98  110  255  222   92  100  255  216   81   88  255  218   67   82  255  207   55   70  255  207   65   79  255  228   92  104  255  232   96  108  255  224   84   95  255  217   65   77  255  189   47   59  255  255  141  158  255  255  157  172  255
  223   88   95  255  231   94  102  255  226   84   96  255  223   83   94  255  225   91  102  255  212   85   94  255  232  111  118  255  221   96  102  255  210   69   78  255  214   66   78  255  221   77   87  255  228   88   97  255  237  106  114  255  240  113  122  255  232  100  113  255  224   88  100  255  207   63   72  255  206   56   65  255  207   51   64  255  196   41   55  255  205   63   75  255  232   95  103  255  222   78   88  255  210   60   71  255  205   49   60  255  190   44   55  255  249  127  140  255  253  145  158  255
  236   96  105  255  231   94  102  255  183   46   54  255  218   78   89  255  204   59   72  255  201   59   71  255  192   56   66  255  207   70   78  255  201   57   67  255  203   57   68  255  200   56   66  255  225   88   96  255  216   91   97  255  192   69   74  255  207   73   84  255  208   71   81  255  201   62   69  255  190   47   53  255  203   49   61  255  190   38   51  255  198   57   66  255  219   79   88  255  197   53   63  255  198   50   62  255  193   43   54  255  181   37   47  255  231  101  113  255  234  110  121  255
  232   90  102  255  232   96  106  255  197   72   78  255  199   72   81  255  191   53   66  255  199   52   68  255  204   56   72  255  205   59   72  255  197   60   70  255  190   56   65  255  198   62   72  255  165   40   46  255  142   39   40  255  178   75   76  255  191   64   75  255  197   65   78  255  147   34   38  255  146   29   35  255  176   36   47  255  177   31   44  255  184   44   55  255  198   61   71  255  191   53   66  255  189   53   65  255  178   42   52  255  164   28   38  255  221   79   91  255  221   76   89  255
  179   51   64  255  174   54   64  255  152   47   52  255  113   10   14  255  154   40   48  255  156   32   42  255  173   41   55  255  159   31   44  255  124   13   20  255  139   34   39  255  140   33   39  255  139   40   43  255  112   34   32  255  124   44   43  255  148   41   49  255  131   20   29  255  111   19   22  255  131   35   39  255  154   30   40  255  158   24   35  255  159   32   43  255  169   48   57  255  165   49   60  255  126   15   24  255  134   27   33  255  129   14   21  255  208   71   81  255  211   63   75  255
  111   11   21  255  106   15   22  255   88   14   15  255   72    7    5  255   83   15   14  255   87   13   12  255  124   42   46  255  107   27   30  255   90   22   21  255   73   14   10  255   82   23   19  255   64    9    4  255   62   15    9  255   65   12    8  255   87   12   16  255   99   17   23  255   95   19   23  255  110   25   30  255  129   22   32  255  114    3   12  255  129   28   36  255  113   22   27  255  105   25   28  255   91   19   22  255   78   13   11  255   78    0    0  255  169   52   60  255  178   42   54  255
   79   14   20  255   80   24   25  255   62   21   17  255   55   18   12  255   89   45   42  255   77   29   25  255   74   25   21  255   97   49   47  255   66   25   21  255   62   27   21  255   56   27   21  255   53   26   19  255   54   25   19  255   67   32   28  255   74   28   28  255   76   22   22  255   81   23   22  255   92   24   25  255  114   33   39  255  118   36   42  255  119   47   50  255   87   23   23  255   81   23   22  255   70   21   17  255   84   45   40  255   66   12   10  255   87    0    2  255  140   33   41  255
   75   54   51  255   54   37   30  255   44   35   26  255   56   39   31  255   84   44   44  255   84   38   40  255   60   29   26  255   50   22   18  255   79   45   44  255   71   41   39  255   49   31   27  255   48   33   28  255   48   29   25  255   56   35   30  255   59   40   34  255   60   35   28  255   69   32   24  255   75   32   25  255   60   15   12  255   95   49   49  255   84   43   41  255   97   53   50  255   89   41   37  255   74   30   27  255   56   27   21  255   49   16   11  255   78   27   26  255   71    9   12  255
   30   30   22  255   39   40   32  255   28   36   23  255   47   40   32  255   60   21   22  255   64   19   22  255   59   35   31  255   43   26   19  255   63   33   35  255   52   26   27  255   51   37   34  255   54   45   40  255   62   47   44  255   46   31   28  255   43   36   28  255   46   36   26  255   58   34   22  255   65   35   24  255   58   29   23  255   49   21   17  255   56   28   24  255   51   18   13  255   86   42   39  255   68   27   23  255   47   22   17  255   47   23   19  255   99   65   63  255   53   13   13  255
