   28   28
   48   45   30  255   45   43   31  255    2    1    0  255   24   32   43  255   26   51   91  255   47   87  156  255   47  102  202  255   64  126  235  255   84  142  241  255  114  164  249  255  148  185  255  255  172  199  254  255  207  224  255  255  220  233  255  255  222  229  255  255  206  220  255  255  163  193  255  255  123  168  255  255   85  144  246  255   55  122  227  255   41  108  215  255   43   99  194  255   11   45  117  255   26   42   91  255   45   46   74  255    3    0    7  255   61   57   58  255   44   41   36  255
   45   42   35  255   47   46   42  255    0    1    0  255    0    5   22  255   14   38   84  255   10   50  122  255   79  134  235  255   80  142  251  255   93  151  251  255  110  160  247  255  149  186  255  255  161  187  244  255  175  196  239  255  214  228  255  255  222  233  255  255  180  198  238  255  133  164  231  255   98  144  230  255   56  113  216  255   36  100  208  255   33   95  204  255   30   84  180  255   44   81  152  255   25   46   93  255    0    0   25  255    5    2   13  255   41   39   42  255   49   48   46  255
   33   30   41  255    1    1   11  255   49   53   65  255    0    9   36  255   31   56  113  255   59   97  180  255   60  114  220  255   70  132  243  255   87  144  249  255  116  165  255  255  151  185  255  255  153  179  238  255  174  198  242  255  205  225  255  255  204  220  254  255  187  208  251  255  144  180  238  255  109  156  234  255   71  124  228  255   54  111  227  255   40   96  209  255   35   85  182  255   43   83  153  255   27   54  101  255    0    2   30  255   49   48   62  255    3    2   10  255   29   28   34  255
   14   12   34  255   47   50   69  255    7   14   32  255    5   20   53  255   23   51  116  255   34   74  162  255   33   88  191  255   62  122  232  255   85  139  247  255  120  166  255  255  147  183  255  255  150  179  237  255  178  205  248  255  193  217  253  255  181  203  242  255  194  221  255  255  183  218  255  255  134  178  251  255  102  154  255  255   76  131  247  255   47   98  213  255   46   95  197  255   49   92  171  255   23   56  110  255   12   26   53  255   13   19   33  255   25   31   45  255   14   20   32  255
   40   44   71  255   23   29   53  255   40   49   66  255   29   45   78  255   42   75  144  255   27   72  163  255   36   91  191  255   57  116  220  255   89  142  248  255  112  156  253  255  152  190  255  255  169  202  255  255  178  206  243  255  194  221  251  255  188  216  255  255  179  207  255  255  173  203  255  255  147  185  255  255  107  160  255  255   83  141  249  255   71  127  238  255   35   87  196  255   49   97  195  255   41   79  150  255   18   39   70  255   46   60   71  255   18   34   50  255   22   37   56  255
   47   52   81  255   30   37   63  255   30   41   63  255   15   35   70  255   43   78  146  255   28   78  165  255   36   94  193  255   59  118  222  255   89  140  247  255  124  168  255  255  149  187  255  255  167  200  254  255  182  210  247  255  192  219  249  255  184  212  252  255  179  206  255  255  171  200  255  255  147  184  255  255  107  160  254  255   89  148  252  255   67  125  233  255   30   86  195  255   43   96  202  255   36   81  162  255    7   35   72  255   36   55   70  255   27   45   65  255   27   45   65  255
   32   37   59  255   63   70   96  255   31   44   76  255   30   53   97  255   42   80  142  255   14   65  146  255   35   93  200  255   52  111  227  255   84  136  246  255  113  157  254  255  152  188  255  255  191  221  255  255  189  218  255  255  197  223  255  255  201  224  255  255  163  188  245  255  144  176  253  255  134  175  255  255  102  155  251  255   83  142  244  255   85  143  250  255   76  134  241  255   46  105  205  255   31   82  163  255   11   45   93  255   20   44   72  255   42   59   77  255   29   45   60  255
   34   39   58  255   31   39   62  255   56   66  101  255   41   63  110  255   26   66  127  255    0   48  128  255   32   93  200  255   43  104  221  255   59  113  222  255   96  142  240  255  116  153  234  255  156  186  248  255  180  205  246  255  202  222  255  255  209  226  255  255  166  187  244  255  140  175  255  255  103  149  243  255   71  125  225  255   52  109  212  255   56  114  221  255   37   96  200  255   25   84  178  255   29   78  157  255   30   62  119  255   44   64  101  255   36   51   70  255   44   54   64  255
   17   23   39  255   69   76   95  255   24   30   56  255   14   33   75  255   32   73  137  255   28   84  169  255   28   90  193  255   39   99  211  255   41   93  203  255   73  118  219  255  110  151  233  255  134  166  227  255  185  205  242  255  220  231  255  255  211  220  253  255  179  197  243  255  129  167  240  255   92  143  234  255   60  115  216  255   45  103  210  255   26   84  191  255   31   86  187  255   27   78  167  255   30   69  146  255    3   29   90  255   43   58  101  255   56   63   82  255   40   44   53  255
   40   43   58  255   42   45   62  255   13   18   38  255   18   36   72  255   24   65  131  255   46  102  189  255   60  119  219  255   59  120  226  255   71  125  233  255   97  145  245  255  133  178  255  255  169  203  255  255  206  225  255  255  222  230  249  255  226  231  251  255  211  224  255  255  166  202  255  255  116  167  248  255   84  139  239  255   62  120  228  255   48  106  216  255   40   94  194  255   21   66  147  255   28   62  126  255   23   43   96  255   22   31   70  255   33   38   57  255   41   41   51  255
   33   31   42  255   33   35   47  255   21   27   43  255    3   22   54  255   14   52  115  255   58  110  194  255   80  140  238  255   85  148  251  255   93  150  253  255  107  160  255  255  139  184  255  255  186  220  255  255  220  241  255  255  228  238  248  255  241  240  246  255  232  238  254  255  194  222  255  255  144  188  253  255  110  161  252  255   82  139  246  255   52  112  226  255   45   99  199  255   39   82  150  255   21   52   96  255   13   30   60  255   20   28   49  255   30   33   48  255   20   22   34  255
   40   37   46  255   17   17   27  255   31   35   46  255    5   20   51  255   13   47  111  255   54  101  189  255   50  108  205  255   70  132  233  255   81  140  244  255   91  145  245  255  106  156  245  255  143  182  249  255  188  211  245  255  216  226  236  255  237  235  236  255  238  241  248  255  200  220  253  255  146  182  242  255  111  158  246  255   90  144  250  255   69  127  237  255   64  118  218  255   63  105  177  255   25   53  100  255    7   23   48  255   20   28   39  255   28   30   42  255   34   34   44  255
   20   18   29  255   25   25   35  255   35   35   43  255    3   14   42  255   35   67  140  255   41   87  183  255   37   93  190  255   52  111  213  255   65  123  231  255   67  123  232  255   70  125  226  255  100  145  226  255  170  194  240  255  224  232  253  255  237  236  241  255  236  238  250  255  203  218  255  255  151  181  245  255  124  165  255  255  105  154  255  255   98  153  255  255   62  114  215  255   61  101  197  255   37   65  138  255    0   15   48  255   19   26   34  255   35   36   40  255   43   43   43  255
    5    6   11  255   53   54   59  255   43   42   48  255    0    7   34  255   28   58  128  255   37   81  176  255   31   83  182  255   43  100  205  255   52  110  220  255   48  108  220  255   49  109  219  255   87  136  228  255  168  194  251  255  232  243  255  255  238  241  250  255  234  238  249  255  197  211  250  255  157  185  250  255  129  170  255  255  109  161  255  255   98  153  254  255   34   86  185  255   55   98  193  255   33   61  135  255    0    2   32  255   55   56   61  255   36   34   35  255   45   44   40  255
   24   29   23  255   12   17   13  255   43   44   48  255    0    2   27  255   22   53  110  255   34   76  160  255   40   90  189  255   43  100  205  255   43  101  208  255   42  104  213  255   48  110  223  255   81  133  232  255  143  174  241  255  204  219  255  255  230  236  248  255  234  241  251  255  203  217  252  255  162  191  247  255  126  175  252  255  109  168  255  255   99  158  255  255   58  113  206  255   64  108  183  255   33   59  110  255    0    1   22  255   58   49   54  255    7    2    0  255   54   51   46  255
   39   41   28  255   24   27   20  255   13   14   16  255   29   41   63  255   15   47  104  255   33   78  159  255   36   86  185  255   46  100  208  255   52  111  215  255   56  115  219  255   64  118  224  255   98  143  234  255  142  168  229  255  194  208  243  255  229  236  252  255  226  235  250  255  197  215  253  255  151  183  240  255  125  177  253  255  101  162  253  255   90  152  255  255   82  138  233  255   25   72  142  255   19   48   92  255   25   26   46  255   25   14   18  255   22   14   11  255   50   46   37  255
   44   40   28  255   38   35   26  255   26   30   29  255   14   32   54  255   16   55  120  255   27   78  169  255   39   92  194  255   59  113  221  255   79  133  239  255  102  152  251  255  129  169  255  255  160  189  255  255  209  225  255  255  224  232  253  255  223  232  249  255  220  234  255  255  192  214  255  255  144  179  247  255  111  159  244  255   91  149  248  255   83  143  253  255   70  129  233  255   32   84  167  255   21   56  112  255   10   20   45  255   17   12   16  255   44   37   31  255   64   56   43  255
   62   53   46  255   33   29   26  255   23   26   31  255    0   11   39  255   18   61  129  255   25   80  171  255   30   85  186  255   60  114  220  255   90  143  247  255  118  164  255  255  151  187  255  255  177  200  254  255  211  222  250  255  225  232  248  255  218  229  249  255  197  216  249  255  156  185  243  255  118  157  234  255   98  147  240  255   85  139  245  255   69  129  241  255   49  107  215  255   52  106  194  255   19   57  120  255   10   25   56  255   19   19   29  255   46   42   39  255   40   36   27  255
   40   31   36  255   46   40   50  255   25   26   44  255   10   26   62  255    9   49  118  255   30   84  172  255   41   95  191  255   67  122  222  255   86  142  239  255  116  166  253  255  147  186  255  255  160  188  238  255  190  205  236  255  222  233  253  255  218  230  252  255  174  196  233  255  134  169  235  255  105  151  237  255   98  150  251  255   81  137  246  255   49  106  221  255   38   95  202  255   47   98  189  255   14   51  119  255   22   38   74  255   22   27   46  255   29   33   44  255   28   31   38  255
   38   35   46  255   39   37   51  255   51   53   76  255   16   31   74  255   32   72  144  255   41   95  185  255   54  108  206  255   76  131  231  255   89  145  242  255  112  164  250  255  149  192  255  255  179  209  255  255  205  221  254  255  222  233  253  255  223  234  252  255  202  221  253  255  157  192  248  255  120  166  244  255  108  159  251  255   94  148  254  255   74  132  242  255   61  118  225  255   53  104  196  255   29   67  138  255   18   37   79  255   44   52   75  255   19   25   41  255   37   43   55  255
   49   56   66  255   29   35   49  255   26   32   56  255   39   57  103  255   38   79  159  255   41   95  195  255   39   93  199  255   92  149  255  255   90  147  252  255  106  159  253  255  139  180  255  255  180  209  255  255  212  229  255  255  224  233  248  255  226  235  244  255  227  240  255  255  194  217  251  255  163  196  250  255  143  185  255  255  113  164  255  255   85  142  247  255   41  100  204  255   46  102  197  255   34   78  153  255   33   54   99  255   39   47   70  255   35   37   50  255   42   42   50  255
   35   46   52  255   26   36   46  255   19   27   46  255   41   60  103  255   21   62  144  255   40   92  194  255   60  114  222  255   90  146  255  255   85  143  250  255   96  150  250  255  114  155  245  255  151  182  249  255  198  216  252  255  226  238  254  255  230  239  248  255  230  242  254  255  218  234  255  255  191  215  255  255  166  203  255  255  115  162  250  255   65  123  223  255   38  100  203  255   44  100  197  255   23   69  146  255   10   33   77  255   30   38   61  255   29   31   43  255   35   34   40  255
   33   47   50  255   19   30   36  255   24   34   46  255   29   47   85  255   24   63  142  255   42   94  195  255   60  115  216  255   93  150  255  255   87  145  252  255   93  148  251  255  107  151  248  255  146  179  255  255  189  211  255  255  219  233  255  255  226  237  255  255  233  244  255  255  223  238  255  255  206  228  255  255  176  210  255  255  118  163  254  255   56  111  212  255   47  106  210  255   43   97  193  255   20   64  139  255   40   62  103  255   14   22   41  255   22   24   36  255   62   62   70  255
   21   30   29  255   54   62   64  255   36   40   49  255    1   14   46  255   26   60  132  255   33   82  175  255   54  108  204  255   81  139  239  255   86  148  251  255   90  147  250  255   92  142  241  255  114  154  239  255  153  182  240  255  195  217  255  255  206  223  253  255  199  215  248  255  189  212  255  255  166  196  255  255  121  162  244  255   94  143  238  255   69  124  227  255   44  102  202  255   50  103  195  255   19   59  129  255    0   17   52  255   56   64   77  255   25   30   36  255   10   11   15  255
   48   48   40  255   33   29   26  255    7    0    7  255    0    0   25  255   12   38   99  255   35   77  159  255   42   93  184  255   65  123  220  255   79  141  242  255   82  144  247  255   90  148  247  255   93  143  232  255  115  153  226  255  160  191  248  255  179  206  253  255  159  189  239  255  132  173  239  255  106  154  238  255   63  117  215  255   52  109  214  255   69  128  232  255   67  123  220  255   54  104  189  255   12   51  110  255    0    6   30  255    0    5    7  255   42   48   46  255   49   54   50  255
   31   32   27  255    3    1    2  255   34   27   35  255   44   48   77  255   32   61  121  255   33   78  161  255   49  102  194  255   67  125  224  255   81  143  246  255   89  151  252  255  100  156  253  255  102  152  239  255  125  163  234  255  169  200  255  255  189  216  255  255  173  203  253  255  139  181  253  255   99  150  239  255   68  123  226  255   52  110  218  255   75  132  239  255   29   83  181  255   68  116  201  255   28   64  126  255   31   49   73  255    0    2    5  255   25   31   31  255   42   46   45  255
    3   17   26  255   37   49   61  255   37   43   59  255    0   11   48  255   31   68  139  255   61  112  204  255   76  131  234  255   85  143  250  255   91  148  255  255  109  162  255  255  122  171  255  255  131  170  247  255  157  186  242  255  201  220  255  255  223  237  255  255  213  229  255  255  178  209  255  255  133  175  251  255  100  146  242  255   85  136  243  255   92  144  253  255   95  146  251  255  104  150  248  255   38   74  150  255    4   22   60  255    8   15   33  255   39   43   55  255   26   28   40  255
   43   65   79  255   52   71   86  255   34   45   67  255   23   42   84  255   45   87  163  255   16   70  168  255   32   90  198  255   60  118  228  255   79  136  243  255  116  168  255  255  147  191  255  255  166  200  255  255  193  216  255  255  219  234  255  255  224  231  250  255  201  213  237  255  177  200  250  255  145  182  253  255  128  169  255  255  105  152  255  255   96  147  255  255   73  124  231  255   51   95  200  255   45   80  162  255   14   31   77  255   47   53   77  255   69   71   92  255   39   40   58  255
