   28   28
   61   59   47  255   44   44   34  255   41   44   37  255   30   29   27  255   51   39   43  255   53   38   45  255   35   28   36  255   46   43   50  255   37   31   41  255   35   34   42  255   33   41   44  255   25   33   36  255   49   46   53  255   57   52   59  255   37   36   44  255   41   41   49  255   37   36   44  255   43   42   48  255   32   30   35  255   37   36   41  255   53   57   68  255   26   33   41  255   35   45   47  255   41   47   45  255   30   29   24  255   49   45   42  255   26   27   32  255   39   42   51  255
   27   23   12  255   50   47   38  255   30   31   26  255   45   45   45  255   50   43   50  255   42   34   45  255   28   28   38  255   47   49   61  255   68   68   80  255   34   37   46  255   33   40   46  255   30   38   41  255   36   37   42  255   13   12   17  255   23   24   29  255   43   44   49  255    9    8   14  255   22   21   26  255   53   51   56  255   47   46   52  255   25   29   38  255   45   52   60  255   39   48   55  255   25   30   34  255   44   44   44  255    9    9    9  255   42   46   55  255   29   35   47  255
   42   36   24  255   39   35   26  255   45   41   40  255   42   41   46  255   26   30   41  255   57   66   81  255   35   48   65  255   55   71   87  255   27   36   53  255   34   42   55  255   32   41   48  255   35   45   47  255   19   27   29  255    0    5    5  255   13   19   19  255   38   42   43  255   50   52   51  255    5    5    5  255   30   29   34  255   21   22   27  255   20   25   29  255   32   39   47  255   38   43   62  255   35   40   59  255    0    3   12  255    0    5   11  255    3   15   29  255   27   42   61  255
   51   42   33  255   38   31   25  255   26   22   21  255   19   20   24  255   49   57   68  255   25   42   60  255    0   19   45  255   17   41   69  255   51   71   98  255   27   43   69  255   31   49   73  255   15   31   54  255   31   48   66  255   26   39   55  255    9   21   35  255   39   49   61  255   11   21   33  255   24   33   48  255    6   14   33  255    5   16   36  255   16   29   48  255   29   43   69  255   43   53   89  255   31   41   77  255    0    4   30  255   45   61   86  255    4   27   61  255   14   42   81  255
   49   41   38  255   43   38   34  255   36   35   31  255   54   56   55  255   34   41   49  255   19   34   53  255   22   50   87  255   48   79  125  255   26   50   96  255   30   56  105  255   39   70  127  255   22   54  115  255   27   52  109  255   27   48  101  255   26   43   89  255   40   59  102  255   43   67  111  255   26   53  100  255   24   52  100  255   25   53  103  255   16   46  100  255   38   67  123  255   44   68  128  255   34   56  114  255   23   48  102  255   25   56  111  255   33   72  141  255   39   83  158  255
   47   39   36  255   40   35   31  255   36   35   31  255   37   39   38  255   49   53   62  255   11   24   43  255    8   33   73  255   59   91  142  255   46   76  138  255   64   97  168  255   54   95  175  255   37   79  163  255   33   69  153  255   49   80  160  255   32   62  134  255   39   70  137  255   49   84  150  255   33   72  141  255   20   60  132  255   24   65  144  255   44   89  170  255   53   95  177  255    1   39  122  255   53   90  170  255   39   78  155  255   36   81  162  255   46   97  188  255   42   96  192  255
   61   52   45  255   46   41   35  255   57   56   52  255   10   11   15  255   26   32   44  255   62   73   93  255   29   50   79  255   15   43   90  255   33   67  139  255   74  115  203  255   55  102  192  255   30   79  172  255   28   74  170  255   44   90  186  255   74  120  214  255   79  126  214  255   24   70  147  255   32   78  156  255   44   91  183  255   31   83  182  255   40   95  196  255   52  110  210  255   70  123  225  255   63  117  217  255   37   93  190  255   48  106  205  255   32   91  191  255   54  113  213  255
   46   41   35  255   43   40   35  255   39   38   36  255   45   44   49  255   45   47   60  255    0    1   19  255    0   15   38  255   27   52   93  255   68  105  185  255   70  119  214  255   63  117  215  255   93  148  248  255   74  129  230  255   69  126  229  255   76  133  236  255   81  137  234  255   91  142  231  255   68  118  207  255   58  110  212  255   62  116  225  255   60  120  230  255   76  136  246  255   90  148  255  255   92  150  255  255   63  124  231  255   65  126  233  255   86  144  252  255   79  137  244  255
   56   58   55  255   27   27   25  255   43   41   42  255   45   43   48  255   40   37   48  255   49   48   64  255   35   44   61  255   26   48   87  255   33   72  151  255   79  133  231  255   89  151  250  255   85  149  247  255   81  145  245  255   81  143  242  255   88  146  246  255   90  145  245  255   99  153  251  255   86  140  240  255   84  132  240  255   91  142  251  255   87  139  248  255   92  145  251  255   94  145  252  255   94  145  252  255   87  144  251  255   82  138  247  255   92  142  255  255   96  143  255  255
   37   39   34  255   32   34   31  255   43   41   42  255   25   23   28  255   17   14   25  255   35   36   56  255    0    5   30  255   44   67  111  255   43   81  162  255   76  128  227  255   94  153  253  255   97  161  255  255   83  145  246  255   87  146  246  255  104  158  255  255  112  165  255  255  115  169  255  255  114  167  255  255  120  164  255  255  120  164  255  255  118  165  255  255  117  164  254  255  106  151  244  255   98  146  244  255   86  141  244  255   93  147  255  255  116  159  255  255  124  164  255  255
   35   32   23  255   42   42   34  255   30   29   27  255   39   38   44  255   47   53   69  255   26   37   65  255    3   24   67  255   21   51  111  255   31   68  148  255   76  119  213  255   92  142  241  255   98  151  253  255   88  141  243  255   96  148  249  255  116  164  255  255  137  184  255  255  132  180  255  255  134  180  255  255  151  189  255  255  146  183  251  255  146  186  247  255  153  195  255  255  140  180  249  255  114  161  241  255   90  145  245  255  100  155  255  255  129  173  255  255  144  184  255  255
   47   45   33  255   43   40   31  255   38   34   31  255   40   39   45  255   50   59   76  255   28   45   75  255   45   72  119  255   46   80  143  255   33   70  151  255   75  118  212  255   87  133  231  255  109  157  255  255  108  157  252  255  105  150  241  255  120  160  247  255  139  176  254  255  150  189  255  255  146  185  242  255  178  208  255  255  170  198  245  255  159  191  232  255  178  210  251  255  178  211  255  255  144  182  244  255   96  146  235  255  102  153  245  255  133  172  249  255  148  183  249  255
   48   50   39  255   38   38   30  255   42   33   34  255   33   30   37  255   36   43   59  255   36   54   78  255   30   54   90  255   24   57  111  255   39   80  168  255   63  111  213  255   78  124  222  255  125  170  255  255  124  173  252  255  113  155  227  255  150  179  245  255  172  197  254  255  167  195  243  255  164  192  231  255  202  223  254  255  202  219  247  255  189  208  241  255  206  222  255  255  217  233  255  255  198  222  255  255  119  153  225  255  125  162  242  255  160  190  244  255  176  200  244  255
   46   47   39  255   41   41   33  255   50   42   40  255   45   40   44  255   26   32   44  255   17   32   51  255   22   42   69  255   33   63  113  255   62  108  196  255   83  134  239  255   89  135  233  255  134  180  255  255  157  204  255  255  155  194  253  255  191  214  255  255  208  226  255  255  206  225  255  255  205  222  248  255  224  237  255  255  225  236  255  255  220  231  255  255  222  232  255  255  225  233  244  255  224  236  255  255  164  190  247  255  167  197  255  255  205  224  255  255  214  231  255  255
   56   53   48  255   38   35   30  255   52   47   43  255   44   40   39  255   23   24   29  255    4   12   25  255   11   28   48  255   33   61  108  255   52   96  185  255   84  135  242  255   89  139  238  255  123  171  255  255  174  217  255  255  185  221  255  255  201  225  255  255  208  224  250  255  225  237  253  255  228  234  250  255  227  232  252  255  221  227  253  255  216  225  254  255  226  234  255  255  233  238  244  255  235  245  255  255  187  210  254  255  187  213  255  255  222  237  255  255  218  230  252  255
   43   38   34  255   44   39   35  255   44   40   37  255   43   41   42  255   34   35   39  255   15   23   34  255   14   30   56  255   22   52  104  255   42   88  176  255   81  134  238  255  105  159  255  255  118  168  255  255  146  186  255  255  154  187  240  255  180  206  243  255  202  219  245  255  222  233  255  255  229  237  255  255  219  230  255  255  197  211  248  255  179  196  239  255  204  220  253  255  230  240  252  255  231  244  255  255  164  191  238  255  173  200  253  255  213  231  255  255  203  217  246  255
   31   26   20  255   53   49   46  255   36   34   39  255   48   48   56  255   31   39   42  255   21   34   50  255   20   41   86  255   28   61  130  255   51   98  186  255   72  128  225  255  102  157  255  255  114  165  255  255  120  162  238  255  143  177  238  255  186  214  255  255  193  216  255  255  185  208  252  255  196  220  255  255  183  215  255  255  149  184  242  255  131  169  234  255  164  196  253  255  200  220  253  255  218  240  255  255  139  174  240  255  137  175  248  255  184  213  255  255  175  198  250  255
   40   33   27  255   61   55   55  255   27   24   33  255   51   54   63  255   29   40   42  255   24   43   60  255   19   42   96  255   27   59  134  255   21   66  147  255   95  147  233  255   91  144  240  255   99  148  240  255  132  171  246  255  165  199  255  255  175  207  255  255  149  179  241  255  155  186  251  255  154  189  255  255  138  180  252  255  112  159  237  255  103  151  236  255  124  167  245  255  157  188  242  255  202  233  255  255  108  150  232  255  109  155  243  255  134  171  249  255  152  185  255  255
   51   40   38  255   53   43   44  255   34   29   36  255   41   46   52  255   27   45   47  255   37   60   76  255   66   89  143  255   39   66  135  255   56   94  157  255  108  150  222  255  101  147  235  255  114  158  247  255  156  190  255  255  171  204  255  255  146  183  255  255  117  154  242  255  134  170  255  255  128  168  255  255  112  159  251  255   94  144  241  255  103  157  255  255  113  162  254  255  147  186  255  255  170  209  255  255   77  128  220  255   64  116  215  255   96  143  233  255  122  167  252  255
   51   41   40  255   42   33   34  255   33   27   31  255   45   46   50  255   26   42   41  255   18   40   51  255   37   56   98  255   57   79  136  255   17   49  106  255   49   89  158  255  100  146  234  255  121  166  255  255  152  189  255  255  151  187  255  255  118  162  255  255   98  143  246  255  118  162  255  255  115  161  255  255   95  146  253  255   84  138  247  255   79  136  243  255   89  144  245  255  115  162  254  255  121  168  255  255   56  109  211  255   54  111  214  255   89  143  243  255  100  152  251  255
   45   44   42  255   34   30   27  255   51   46   43  255   44   41   36  255   32   39   31  255   12   24   22  255   25   38   55  255   34   54   91  255   42   74  133  255   63  106  184  255   91  145  241  255  103  157  255  255  115  159  255  255  109  153  255  255   96  147  255  255   92  145  251  255  100  152  253  255   91  143  245  255   91  147  255  255   61  121  235  255   52  115  221  255   77  136  240  255   86  139  243  255   67  118  223  255   68  123  226  255   76  133  238  255   80  137  244  255   91  148  255  255
   36   36   34  255   28   27   23  255   51   46   40  255   36   31   25  255   31   32   24  255   36   40   39  255   31   38   48  255   26   41   70  255   50   81  136  255   34   77  155  255   90  145  236  255   76  131  232  255   84  133  238  255   72  121  226  255   85  138  242  255   73  128  228  255   76  127  218  255   82  133  225  255   53  106  210  255   45  102  209  255   44  104  202  255   57  115  214  255   67  121  229  255   46   98  207  255   66  119  221  255   80  133  235  255   91  147  255  255   80  138  248  255
   48   44   43  255   40   36   33  255   32   29   24  255   60   57   52  255   38   36   39  255   11   10   18  255   45   48   65  255   32   46   75  255   28   54  105  255   69  107  172  255   55  101  176  255   50  101  180  255   48   97  176  255   58  106  190  255   87  139  225  255   90  141  224  255   70  114  185  255   34   76  148  255   36   81  166  255   57  103  191  255   12   60  142  255   46   96  181  255   42   92  191  255   47   96  198  255   52   99  191  255   70  116  210  255   98  151  255  255   56  112  221  255
   40   32   30  255   60   55   52  255   28   27   23  255   44   43   41  255    5    3    8  255   33   31   42  255    0    1   19  255   24   33   62  255   32   51   94  255   42   70  120  255   41   73  130  255   21   57  115  255    8   45  100  255   21   60  117  255   34   75  137  255   15   55  114  255   17   49   96  255   19   50   97  255   26   56  116  255   26   57  121  255   32   69  124  255   38   76  138  255   35   74  153  255   26   64  145  255   36   69  138  255   27   60  129  255   32   75  154  255   38   84  170  255
   61   51   49  255   41   36   33  255   37   35   38  255   14   15   17  255   44   46   45  255    4    5    9  255   59   61   76  255   44   48   73  255   25   34   65  255   29   42   76  255   35   49   86  255   23   37   72  255   39   54   85  255   33   53   80  255   12   36   62  255    3   28   50  255    0   15   31  255    6   22   38  255    0   16   42  255    0   12   40  255   12   30   54  255   35   56   85  255   33   56   98  255   17   38   81  255    0    5   35  255   28   39   67  255    0   23   57  255   11   39   78  255
   32   25   17  255   50   45   39  255   59   58   56  255   36   36   36  255   41   43   42  255   39   40   42  255    9    8   16  255   50   50   62  255   15   18   35  255   54   60   82  255   34   40   64  255   38   43   65  255   32   34   47  255   17   20   29  255   38   47   52  255   37   47   49  255   42   46   45  255   18   19   21  255   29   32   39  255   17   21   32  255   31   38   46  255   29   39   51  255   51   63   85  255   23   34   54  255    2    1    9  255   59   60   65  255    2   12   24  255   44   62   76  255
   39   40   26  255   42   40   27  255   40   38   25  255   44   41   34  255   28   27   33  255   27   26   32  255   41   38   33  255   33   32   27  255   39   43   46  255   26   32   44  255   37   45   64  255   32   35   54  255   45   40   47  255   25   16   17  255   11    7    8  255   34   32   33  255   24   19   16  255    4    0    0  255   28   24   25  255   37   35   40  255   39   38   46  255   53   55   68  255   23   30   48  255   24   30   44  255   29   27   32  255    6    5   10  255   21   30   39  255   22   39   49  255
   44   47   30  255   42   43   25  255   44   41   22  255   58   54   43  255   43   40   49  255   44   41   50  255   44   40   29  255   47   45   30  255   38   40   37  255   42   49   57  255   42   51   68  255   34   37   54  255   51   42   45  255   65   51   50  255   44   34   33  255   44   36   34  255   44   33   31  255   47   37   35  255   15    7    5  255   35   31   32  255   39   33   43  255   36   36   48  255   37   40   55  255   37   41   52  255   50   45   51  255   42   40   43  255   13   22   29  255   31   45   54  255
