   28   28
   33   35   22  255   52   49   42  255   43   30   37  255   41   28   37  255   61   55   59  255   37   36   31  255   53   49   37  255   47   43   31  255   42   38   39  255   37   36   50  255   28   37   66  255   14   28   67  255    8   22   67  255    5   21   72  255    3   19   71  255    5   21   70  255    7   22   63  255   12   22   49  255   37   34   43  255   47   42   39  255   56   51   48  255   46   45   41  255   43   42   40  255   50   49   47  255   32   29   24  255   44   41   32  255   39   37   25  255   39   40   26  255
   38   40   26  255   41   38   29  255   65   55   56  255   33   22   26  255   32   28   27  255   51   50   46  255   39   38   33  255   31   33   32  255   37   41   53  255    0    9   33  255   20   40   77  255   53   77  123  255   43   66  116  255   54   79  133  255   47   74  129  255   47   74  127  255   53   79  128  255   23   42   82  255    9   17   38  255   49   52   61  255   32   30   33  255   41   40   36  255   32   31   29  255   44   43   39  255   29   26   21  255   40   37   30  255   38   36   24  255   61   61   49  255
   39   42   21  255   41   42   26  255   55   51   40  255   43   38   32  255   46   43   38  255   43   43   43  255   22   26   37  255   16   28   50  255   55   79  113  255  149  183  228  255   48   91  144  255  100  146  205  255   96  140  201  255   85  131  191  255   88  138  197  255   91  141  202  255   95  142  210  255   57   97  159  255   47   78  125  255   22   41   71  255   32   36   48  255   29   27   28  255   42   39   34  255   45   40   34  255   43   40   33  255   64   61   54  255   31   28   21  255   42   39   30  255
   48   47   29  255   26   24    9  255   51   47   36  255   35   32   25  255   42   41   36  255   31   34   41  255   28   40   66  255    6   29   70  255   48   88  137  255   86  139  193  255   99  159  219  255  135  196  255  255  138  195  255  255  140  197  255  255  137  198  255  255  128  191  255  255  137  197  255  255  106  158  231  255   99  143  204  255   25   54   98  255   34   42   65  255   55   52   59  255   49   41   38  255   45   38   30  255   45   42   35  255   27   26   21  255   47   46   41  255   31   31   23  255
   35   22   14  255   62   51   45  255   47   37   36  255   36   30   32  255   41   39   44  255   31   36   55  255   19   41   82  255   62   99  152  255  113  168  222  255  135  202  255  255  134  202  255  255  134  202  255  255  125  188  255  255  131  191  255  255  128  191  255  255  131  194  255  255  131  192  255  255  139  197  255  255  105  153  215  255   61   94  145  255   21   32   64  255   45   43   57  255   49   39   40  255   38   27   23  255   47   42   36  255   47   46   41  255   48   47   42  255   29   30   24  255
   58   44   35  255   38   25   19  255   55   43   45  255   47   37   45  255   30   27   38  255   19   26   52  255   56   82  133  255  113  157  220  255  139  199  255  255  127  196  255  255  128  194  255  255  126  191  255  255  128  193  255  255  131  196  255  255  127  192  255  255  125  189  251  255  134  195  255  255  137  197  255  255  106  159  225  255   46   86  145  255    7   28   71  255   41   47   73  255   41   38   45  255   41   33   31  255   49   44   40  255   30   27   22  255   42   41   37  255   45   44   42  255
   40   33   14  255   38   30   17  255   34   24   25  255   47   40   48  255   44   42   55  255   22   31   62  255   59   88  148  255   98  142  213  255  140  194  255  255  132  190  253  255  138  193  255  255  133  191  255  255  128  194  255  255  127  196  255  255  129  199  251  255  131  198  251  255  127  190  255  255  126  184  255  255   93  150  221  255   47   96  162  255    7   44   97  255   15   41   76  255   29   38   53  255   39   39   41  255   38   34   31  255   56   51   47  255   31   25   25  255   48   42   44  255
   48   47   26  255   47   45   30  255   43   37   37  255   46   41   48  255   33   33   45  255   15   29   58  255   49   81  142  255  106  150  223  255  142  195  255  255  138  191  255  255  138  188  255  255  134  187  255  255  135  196  255  255  130  199  255  255  124  191  243  255  133  199  251  255  137  196  255  255  101  157  231  255   86  142  216  255  105  157  230  255   59  108  174  255   16   56  107  255   18   39   70  255   10   19   34  255   27   26   31  255   51   45   45  255   37   28   31  255   49   40   43  255
   47   49   35  255   29   31   20  255   45   43   44  255   29   30   35  255   41   48   54  255   11   29   51  255   48   85  140  255  102  150  222  255  142  195  255  255  138  192  255  255  138  186  255  255  123  172  249  255  120  176  251  255  113  173  243  255  117  177  237  255  123  182  238  255  124  178  238  255  126  180  244  255  126  178  251  255  129  182  255  255   93  146  226  255   95  142  214  255   69  100  154  255   45   61   97  255   26   29   46  255   39   34   40  255   46   40   42  255   57   48   49  255
   49   49   39  255   47   48   40  255   35   34   32  255   40   41   45  255   38   46   49  255   13   31   51  255   54   87  141  255   97  141  212  255  126  176  247  255  123  173  244  255  103  147  220  255   65  105  177  255   64  104  173  255   69  110  174  255   74  113  168  255   66  103  155  255   72  109  161  255   68  107  162  255   68  108  170  255   63  106  174  255   71  118  190  255   70  110  179  255   85  116  171  255  109  129  166  255   23   28   47  255   36   33   40  255   49   43   43  255   33   28   24  255
   52   45   35  255   37   33   24  255   56   52   49  255   44   44   44  255   20   23   28  255   22   34   58  255   66   88  146  255   82  116  188  255   76  121  189  255   66  111  176  255   52   88  146  255   17   43   94  255   27   44   90  255   32   41   84  255   36   41   79  255   34   40   76  255   32   41   80  255   32   47   88  255   24   41   85  255   27   48   93  255   25   49   95  255   24   49   89  255   31   54   86  255   36   53   73  255   28   35   43  255   35   35   35  255   40   39   35  255   32   29   22  255
   53   46   36  255   46   39   29  255   45   40   36  255   40   36   35  255   36   35   40  255   27   29   50  255   39   49   98  255   55   75  134  255   62   93  148  255   20   53   98  255   13   36   70  255   30   40   65  255   82   77   97  255   78   61   77  255   72   49   65  255   81   60   75  255   66   55   72  255  100   95  115  255   37   35   59  255   46   48   73  255   25   30   52  255   26   33   52  255   15   27   41  255   17   28   34  255   49   53   52  255   31   32   24  255   49   49   39  255   45   43   31  255
   27   23   14  255   54   50   41  255   35   30   24  255   49   44   40  255   44   39   36  255   45   39   49  255   25   21   48  255   52   52   86  255   31   41   68  255   12   24   40  255   16   20   23  255   80   71   64  255  181  157  145  255  202  166  152  255  213  170  161  255  205  167  156  255  191  165  152  255  255  241  231  255  185  166  168  255  169  154  161  255   61   48   57  255   37   27   35  255   42   40   43  255   35   35   33  255   41   43   32  255   56   57   41  255   43   40   23  255   36   30   14  255
   40   37   30  255   57   52   46  255   40   32   29  255   61   53   50  255   42   34   31  255   55   49   49  255   35   27   38  255   21   15   27  255   26   23   34  255   33   29   30  255   26   18    7  255   86   68   48  255  186  152  125  255  213  169  142  255  248  198  173  255  242  195  169  255  234  198  166  255  242  212  186  255  255  236  225  255  212  184  180  255   66   42   42  255   36   18   18  255   60   51   46  255   44   40   31  255   40   41   27  255   38   39   23  255   44   40   28  255   46   40   28  255
   42   38   35  255   53   48   45  255   34   24   23  255   60   50   49  255   46   45   40  255   29   30   24  255   49   48   44  255   32   28   27  255   37   28   33  255   33   22   26  255   32   19   13  255   91   72   58  255  181  149  128  255  200  158  133  255  219  171  148  255  232  185  157  255  239  199  163  255  231  195  163  255  233  196  178  255  210  177  170  255   76   50   49  255   51   33   31  255   50   40   31  255   34   30   18  255   42   42   30  255   37   38   30  255   44   40   39  255   54   48   50  255
   51   47   46  255   40   35   32  255   36   26   25  255   43   33   31  255   38   38   30  255   30   33   22  255   52   54   41  255   43   40   31  255   40   31   32  255   32   21   27  255   31   22   27  255   47   35   35  255  126  107  101  255  176  148  137  255  182  146  132  255  201  163  142  255  217  181  149  255  217  182  152  255  223  190  173  255  136  107   99  255   54   34   33  255   57   43   42  255   50   42   31  255   45   41   29  255   43   43   33  255   40   39   35  255   51   46   52  255   37   30   38  255
   48   43   40  255   32   27   23  255   48   39   32  255   51   44   34  255   41   38   29  255   49   51   40  255   46   48   35  255   32   34   23  255   43   42   38  255   20   19   25  255   29   31   52  255   41   45   70  255   49   51   72  255   69   67   81  255   76   63   70  255   86   67   61  255   94   73   54  255   95   73   52  255   94   74   63  255   51   36   31  255   39   30   31  255   47   43   42  255   36   36   26  255   41   41   29  255   55   51   42  255   47   39   36  255   37   26   32  255   39   28   36  255
   51   43   41  255   36   29   23  255   56   49   39  255   38   32   20  255   47   44   37  255   38   39   31  255   38   41   30  255   34   40   30  255   29   33   32  255   19   25   37  255   43   52   83  255   98  110  150  255   63   75  113  255   35   41   73  255   46   42   65  255   42   32   41  255   25   12    4  255   27   13    0  255   37   26   20  255   43   35   32  255   42   40   43  255   40   42   41  255   29   32   23  255   32   32   20  255   58   51   43  255   39   28   24  255   62   50   52  255   37   24   31  255
   58   48   46  255   50   43   37  255   42   35   25  255   39   35   24  255   50   47   42  255   36   36   34  255   34   39   33  255   18   27   24  255   21   28   34  255   24   32   51  255   38   46   83  255   60   68  114  255  100  107  151  255   71   73  112  255   62   55   89  255   41   32   53  255   33   22   26  255   34   25   20  255   32   22   21  255   36   30   30  255   30   30   32  255   35   37   36  255   41   44   37  255   46   46   36  255   43   36   26  255   40   31   24  255   50   40   39  255   42   32   33  255
   47   39   36  255   51   44   38  255   38   34   25  255   48   45   38  255   34   32   33  255   28   28   30  255   30   34   35  255   17   22   26  255   20   24   35  255   35   38   57  255  100  101  131  255  179  178  210  255  193  188  218  255  185  176  203  255  195  181  206  255   97   84  102  255   18   11   18  255   32   28   29  255   32   27   24  255   29   25   22  255   23   23   23  255   27   29   26  255   30   33   24  255   27   27   17  255   37   33   24  255   58   51   45  255   40   30   29  255   52   43   44  255
   32   26   26  255   35   31   30  255   47   46   42  255   28   27   25  255   20   19   24  255   28   27   35  255   29   28   36  255   26   23   32  255   27   21   31  255   37   27   36  255  121  108  115  255  197  178  180  255  188  167  162  255  198  175  169  255  215  191  187  255  112   96   96  255   20   18   21  255   24   28   29  255   28   27   22  255   21   21   13  255   26   27   21  255   27   28   22  255   27   28   20  255   29   29   19  255   32   27   21  255   42   37   33  255   47   38   39  255   44   38   40  255
   50   46   47  255   30   26   25  255   27   28   23  255   23   25   22  255   33   32   37  255   23   22   28  255   18   15   24  255   36   31   38  255   35   25   33  255   34   22   24  255   97   78   72  255  218  196  182  255  214  192  169  255  126  105   86  255   57   40   33  255   38   29   32  255   18   22   33  255   19   28   37  255   29   34   30  255   25   26   18  255   30   31   25  255   27   28   22  255   22   23   15  255   26   26   18  255   31   28   23  255   28   23   20  255   49   43   43  255   47   41   43  255
   46   40   40  255   44   40   37  255   27   28   22  255   22   27   20  255   24   26   23  255   27   29   28  255   27   27   29  255   27   25   30  255   29   24   28  255   27   19   17  255   34   20   11  255   44   31   14  255   58   47   29  255   35   32   23  255   10   15   34  255    9   20   50  255   11   26   57  255    7   22   45  255   19   26   34  255   26   28   27  255   26   26   24  255   28   27   23  255   26   27   22  255   24   23   19  255   33   29   26  255   27   23   20  255   37   33   30  255   41   37   34  255
   45   40   36  255   24   21   16  255   25   26   18  255   28   31   22  255   24   27   20  255   28   30   27  255   26   28   27  255   27   28   32  255   21   21   29  255   17   16   22  255   81   77   76  255  195  194  189  255  103  108  104  255   14   26   40  255   42   66  110  255   33   62  118  255   43   65  114  255   20   36   72  255   15   22   40  255   30   30   38  255   24   24   26  255   27   25   26  255   29   29   29  255   24   24   24  255   31   30   28  255   27   23   20  255   36   33   28  255   26   23   16  255
   59   52   46  255   34   29   23  255   28   28   20  255   27   28   20  255   25   26   20  255   28   28   26  255   21   25   26  255   22   27   33  255   27   36   53  255   76   87  107  255   61   72   92  255    7   22   43  255   22   42   67  255   65   94  138  255   93  132  207  255   75  116  196  255   77  105  170  255   72   90  136  255   26   33   59  255   17   19   32  255   31   28   37  255   25   22   29  255   31   30   36  255   27   26   31  255   27   25   26  255   27   23   20  255   27   24   17  255   46   42   33  255
   47   42   36  255   27   22   16  255   26   23   18  255   30   26   23  255   30   26   25  255   30   28   29  255   23   24   26  255   18   25   33  255   29   41   63  255   64   81  111  255   98  116  152  255   98  120  159  255  104  129  170  255   97  130  184  255   95  136  216  255   94  135  217  255  109  138  204  255   79   97  143  255   33   40   66  255   20   22   35  255   28   25   34  255   24   21   28  255   26   25   33  255   25   26   31  255   27   27   27  255   28   24   21  255   34   29   25  255   47   42   36  255
   50   49   44  255   29   28   24  255   29   24   28  255   32   25   32  255   33   24   29  255   34   28   32  255   28   28   30  255   24   28   37  255   14   26   50  255   25   41   77  255   56   74  120  255   55   75  125  255   53   74  119  255   52   75  125  255   49   74  138  255   46   74  137  255   50   78  128  255   25   45   80  255   18   27   42  255   24   25   30  255   27   25   30  255   29   27   32  255   25   26   31  255   25   26   30  255   26   26   26  255   25   21   20  255   38   32   32  255   41   32   33  255
   55   56   51  255   35   34   32  255   30   25   32  255   30   23   31  255   30   18   28  255   32   23   28  255   27   25   28  255   22   26   35  255   15   27   51  255    2   20   58  255   13   30   82  255    3   23   76  255    2   20   68  255    5   23   71  255    3   23   76  255    2   23   76  255    2   26   72  255    0   19   50  255   15   25   35  255   25   26   28  255   26   24   25  255   30   28   31  255   26   27   31  255   23   24   28  255   30   30   30  255   30   26   25  255   50   44   48  255   47   38   43  255
