   28   28
   45   36   41  255   48   42   44  255   58   54   55  255   21   18   13  255   42   33   26  255   60   49   45  255   49   32   40  255   38   31   49  255   29   47   71  255    0   23   61  255    5   35   97  255   41   73  148  255   31   62  145  255   29   65  153  255   33   74  164  255   26   72  160  255   24   70  155  255    2   41  110  255    0   25   66  255   40   52   76  255   32   33   53  255   42   39   50  255   38   33   37  255   50   47   40  255   34   31   16  255   38   37   17  255   43   48   28  255   52   59   41  255
   45   36   37  255   39   33   33  255   60   56   53  255   50   47   42  255   52   45   39  255   47   38   39  255   33   27   41  255   22   26   51  255    6   31   62  255   41   78  122  255   63  101  163  255   94  132  207  255  127  163  247  255  105  145  232  255   14   60  148  255   55  105  190  255   91  142  223  255   53   98  165  255   46   77  123  255    9   28   60  255   27   34   60  255   32   33   51  255   28   27   33  255   43   39   36  255   41   37   25  255   71   68   53  255   20   21    7  255   38   40   27  255
   52   43   38  255   34   27   19  255   45   41   30  255   33   30   21  255   45   41   38  255   23   23   33  255   32   43   71  255   11   36   77  255   63  106  151  255   89  140  195  255  111  162  227  255  124  174  247  255   42   90  172  255   10   60  145  255   22   77  160  255   44  101  182  255  119  182  253  255  104  162  225  255   91  136  191  255   70  102  149  255   16   35   75  255   28   37   66  255   45   49   61  255   45   45   47  255   49   44   40  255   26   19   13  255   54   46   44  255   36   30   30  255
   35   26   19  255   55   48   38  255   48   44   32  255   33   30   21  255   43   41   44  255   39   46   65  255    9   33   77  255   58   99  155  255  110  162  220  255  141  201  255  255  135  195  255  255  143  202  255  255  120  178  252  255   76  132  209  255   78  135  212  255  116  176  248  255  134  199  255  255  133  197  255  255  145  199  255  255  117  159  217  255   60   90  142  255   17   35   73  255   24   32   51  255   31   32   37  255   40   34   34  255   63   53   52  255   48   38   39  255   35   26   29  255
   48   40   37  255   37   32   26  255   44   41   32  255   35   34   29  255   31   30   38  255   12   23   51  255   56   91  149  255  106  156  225  255  137  196  255  255  130  194  255  255  133  198  255  255  126  188  247  255  130  190  252  255  145  203  255  255  144  200  255  255  133  192  252  255  128  193  249  255  130  196  254  255  132  193  255  255  143  197  255  255  121  160  219  255   62   86  132  255   17   29   53  255   21   24   31  255   53   49   50  255   24   16   13  255   49   41   39  255   51   45   45  255
   37   32   29  255   27   24   19  255   37   34   27  255   48   47   43  255   41   40   48  255   18   31   63  255   50   88  153  255   96  149  227  255  134  194  255  255  133  197  255  255  133  198  255  255  130  192  249  255  132  194  253  255  133  193  253  255  130  186  245  255  141  197  254  255  131  194  248  255  127  192  250  255  126  191  255  255  139  198  255  255  101  145  208  255   49   79  129  255   20   34   61  255   43   46   55  255   44   40   41  255   58   53   49  255   29   26   21  255   38   37   32  255
   46   43   38  255   57   54   47  255   36   33   26  255   42   41   37  255   42   41   46  255   16   28   54  255   47   81  145  255   98  147  226  255  139  198  255  255  126  187  252  255  133  194  255  255  132  193  255  255  130  191  254  255  142  202  255  255  136  191  255  255  133  188  253  255  137  196  254  255  131  193  250  255  130  199  255  255  131  195  255  255   96  145  204  255   59   91  140  255    8   22   49  255   47   49   61  255   25   24   22  255   44   44   36  255   30   31   23  255   44   50   40  255
   50   45   41  255   31   28   23  255   42   41   36  255   36   37   32  255   43   44   46  255   17   29   51  255   61   92  149  255  100  144  217  255  140  197  255  255  134  195  255  255  125  186  253  255  116  177  244  255  113  178  244  255  112  175  242  255  120  178  251  255  120  177  248  255  117  174  241  255  125  186  249  255  125  193  255  255  136  200  255  255  105  155  216  255   52   84  133  255   19   30   60  255   40   40   52  255   37   36   34  255   39   39   29  255   45   51   39  255   44   52   39  255
   57   48   49  255   45   39   39  255   31   30   26  255   41   43   40  255   46   52   52  255   16   29   45  255   43   67  115  255   94  134  196  255  127  182  247  255  106  169  236  255  103  166  235  255   78  143  211  255   78  147  214  255   81  150  219  255   84  148  219  255   85  145  218  255   83  140  217  255  102  161  237  255  112  178  252  255  113  176  247  255   87  135  201  255   42   72  126  255   17   26   57  255   36   34   47  255   49   45   44  255   33   33   23  255   42   48   38  255   23   31   20  255
   48   36   40  255   47   38   41  255   61   57   56  255   39   39   37  255   24   29   32  255   10   23   39  255   11   30   70  255   50   83  137  255   87  138  201  255   90  151  218  255  100  159  229  255  123  183  255  255  113  177  248  255  117  180  249  255  119  177  250  255  127  181  255  255  126  177  255  255  106  161  241  255   86  147  227  255   77  133  208  255   47   90  158  255    2   28   79  255   16   21   50  255   30   24   34  255   63   55   52  255   37   33   24  255   37   38   32  255   27   32   26  255
   59   44   49  255   49   37   39  255   37   29   27  255   52   48   47  255   30   35   41  255   17   28   46  255   19   33   68  255   64   87  137  255  106  147  211  255  128  178  251  255  104  152  226  255   53  101  175  255   61  109  183  255   63  107  180  255   70  108  181  255   66  104  177  255   63  103  175  255  105  149  222  255  127  176  253  255  107  154  226  255   56   90  154  255   13   31   77  255   25   26   44  255   44   34   35  255   63   50   42  255   41   31   22  255   51   48   43  255   48   47   45  255
   36   22   22  255   37   23   20  255   47   32   25  255   27   16   12  255   27   26   31  255   19   25   39  255   28   35   61  255   65   81  117  255   81  108  161  255   76  110  171  255   49   83  144  255   16   48  107  255   20   49  105  255   25   48  102  255   25   42   96  255   31   48  100  255   20   45   99  255   55   86  141  255   73  107  168  255   72  104  163  255   62   84  134  255   25   36   68  255   24   19   26  255   32   18    9  255   38   20    8  255   51   34   24  255   34   24   22  255   31   25   25  255
   40   26   17  255   91   75   62  255   93   70   52  255  124  102   88  255   75   64   60  255   17   15   18  255   27   27   37  255   44   49   68  255   25   37   63  255   22   37   66  255   16   33   61  255    4   18   44  255    7   12   31  255   13   12   26  255   23   17   31  255   12   10   24  255   11   18   37  255   15   29   55  255   20   37   67  255   27   44   74  255   35   47   73  255   29   31   44  255   18    7    1  255   90   71   54  255  124   99   79  255   92   69   53  255   90   72   68  255   35   23   23  255
   26   13    0  255  190  172  152  255  184  152  127  255  255  225  202  255  194  175  161  255   72   61   57  255   21   15   19  255   42   39   46  255  101   98  105  255  124  123  129  255   83   86   95  255   56   55   60  255  140  127  119  255  120  102   88  255  130  108   95  255  142  123  116  255   65   56   57  255   76   75   81  255  117  120  127  255  102  106  115  255   35   38   47  255   19   15   16  255   79   65   52  255  199  174  154  255  255  223  200  255  177  146  126  255  192  169  161  255   32   13    9  255
   25   10    0  255  196  174  150  255  185  144  116  255  220  176  149  255  203  172  154  255  156  133  127  255   22    7   14  255   48   35   42  255  164  147  140  255  255  244  235  255  232  222  221  255  203  189  186  255  255  244  224  255  241  211  185  255  236  205  184  255  255  248  234  255  205  186  182  255  238  224  223  255  255  249  244  255  151  146  140  255   42   38   37  255   19   11    8  255  148  130  120  255  209  180  162  255  212  175  149  255  190  153  127  255  199  170  152  255   36   10    0  255
   45   34   14  255   91   73   51  255  112   72   47  255  190  145  122  255  167  134  119  255   82   61   58  255   53   40   57  255   49   38   54  255   64   46   42  255  166  146  135  255  221  202  198  255  228  205  197  255  207  176  155  255  193  159  132  255  196  161  139  255  206  174  159  255  228  203  198  255  221  202  198  255  159  146  140  255   60   52   49  255   48   44   45  255   55   49   51  255   75   60   57  255  160  136  126  255  183  148  129  255  105   69   47  255   98   69   51  255   46   20    5  255
   46   44   32  255   25   17    6  255   45   18    7  255  189  159  149  255  159  136  128  255   21    8   15  255   78   79  110  255   58   63   95  255   17   16   24  255   51   40   38  255  135  109  108  255  181  150  145  255  173  144  130  255  169  137  122  255  177  145  134  255  172  143  135  255  178  153  148  255  128  110  110  255   48   36   46  255   18   14   28  255   62   65   80  255   77   81   93  255   16   13   22  255  147  135  139  255  185  161  157  255   41   17    7  255   56   36   27  255   39   22   12  255
   52   55   48  255   37   34   27  255   47   32   29  255   84   64   63  255   72   58   55  255   23   20   27  255   37   46   75  255   24   35   67  255   30   33   48  255   48   43   49  255   52   31   40  255   81   56   62  255   75   55   57  255   78   59   61  255   74   53   60  255   75   55   64  255   70   57   64  255   44   34   42  255   48   42   56  255   35   32   49  255   30   36   50  255   38   44   56  255   22   24   37  255   67   62   69  255   83   69   68  255   50   33   26  255   41   26   19  255   49   36   28  255
   42   48   38  255   41   42   34  255   43   33   32  255   41   31   32  255   20   16   17  255   25   29   32  255   10   20   29  255    8   18   28  255   36   40   49  255   73   72   86  255   54   48   74  255   52   47   77  255   48   50   75  255   44   48   75  255   49   48   80  255   43   44   75  255   44   51   80  255   50   56   78  255   74   72   85  255   44   39   45  255   15   13   14  255   20   20   22  255   27   27   35  255   20   18   23  255   32   21   15  255   58   44   33  255   43   30   21  255   53   43   33  255
   23   27   13  255   42   43   35  255   46   42   41  255   30   28   33  255   23   27   38  255   14   23   32  255   32   42   43  255   88   94   90  255   13   13    3  255   30   28   29  255   51   51   75  255   72   76  111  255   73   86  121  255   59   73  110  255   58   70  108  255   75   88  123  255   70   85  116  255   37   48   68  255   27   25   28  255   14    7    1  255   97   92   86  255   40   40   40  255   14   16   28  255   24   24   36  255   38   30   28  255   48   38   29  255   52   39   31  255   52   39   31  255
   42   44   30  255   34   36   25  255   29   29   29  255   16   18   30  255   22   34   58  255   48   60   84  255   53   60   66  255   71   72   56  255  170  163  121  255  118  108   73  255   21   16   20  255   34   36   61  255   27   38   70  255   22   38   72  255   22   42   69  255   26   44   64  255   30   42   54  255   17   21   22  255  116  108   95  255  169  160  143  255   74   71   64  255   53   58   64  255   55   65   90  255   23   30   56  255   23   20   29  255   29   19   18  255   51   37   34  255   54   39   34  255
   50   50   38  255   42   43   35  255   17   18   20  255   16   23   39  255   14   33   66  255   51   71  106  255   38   51   70  255   56   61   55  255  228  223  183  255  159  151  114  255   16   10   10  255   27   25   46  255   20   26   52  255    8   20   44  255   12   29   47  255   10   27   37  255   16   26   28  255   14   16   11  255  150  146  134  255  224  222  210  255   50   60   62  255   33   52   69  255   48   70  107  255    9   27   63  255   23   26   43  255   31   25   29  255   53   39   39  255   47   32   29  255
   38   35   30  255   30   29   27  255   24   27   32  255   19   32   49  255   44   69  109  255   98  129  176  255   74  101  144  255   24   44   69  255   30   39   34  255   34   36   25  255   18   14   28  255   21   18   39  255   24   23   37  255   31   35   44  255   18   25   35  255   20   27   35  255   19   24   27  255   18   23   26  255   24   32   35  255   21   37   50  255   20   52   77  255   69  109  145  255   88  126  175  255   43   72  116  255   17   28   50  255   24   23   29  255   36   26   27  255   36   22   21  255
   59   55   54  255   26   24   27  255   19   22   29  255   17   30   49  255   71   94  135  255  163  195  244  255  155  188  239  255  136  165  207  255   94  115  136  255   90  102  118  255   67   69   94  255   50   48   69  255   27   26   32  255   24   24   24  255   23   24   28  255   21   21   29  255   51   54   61  255   64   72   83  255   88  103  122  255   89  116  143  255  129  169  205  255  147  191  236  255  155  195  246  255   66   95  137  255   16   31   52  255   24   27   34  255   28   24   25  255   49   41   38  255
   48   46   47  255   18   18   20  255   23   26   33  255   22   29   47  255   18   32   67  255  133  156  198  255  121  154  199  255  162  196  241  255   95  122  165  255   43   62  102  255   14   25   57  255   19   24   44  255   24   30   30  255   25   27   22  255   26   24   25  255   28   27   35  255   22   25   42  255   17   27   52  255   41   60   92  255   90  118  155  255  162  197  237  255  123  158  198  255  122  151  193  255   26   46   79  255   16   25   40  255   23   27   30  255   19   19   19  255   45   44   40  255
   55   56   51  255   23   25   22  255   25   26   31  255   17   20   35  255   20   24   53  255   13   24   56  255    8   31   62  255    4   33   65  255    2   28   65  255    6   24   60  255   17   27   54  255   20   26   40  255   21   27   25  255   25   30   23  255   31   30   28  255   34   31   38  255   26   25   43  255   10   16   42  255   16   31   60  255    5   28   59  255    6   31   61  255   13   34   63  255   11   26   55  255   10   21   41  255   23   27   36  255   22   24   23  255   35   35   33  255   33   33   31  255
   48   52   37  255   34   37   28  255   22   24   23  255   35   33   44  255   25   21   38  255   25   22   41  255   16   23   33  255   17   30   36  255   16   29   35  255   21   30   35  255   23   26   33  255   21   22   26  255   24   28   27  255   27   32   28  255   22   24   21  255   21   19   22  255   25   19   29  255   31   27   41  255   19   23   34  255   20   29   38  255   17   24   30  255   16   21   27  255   23   23   35  255   28   26   37  255   22   22   22  255   26   27   22  255   48   47   45  255   44   43   41  255
   29   37   16  255   21   27   13  255   37   39   36  255   22   19   26  255   32   21   35  255   36   26   37  255   25   23   24  255   19   24   17  255   24   30   20  255   23   29   19  255   30   29   25  255   30   29   27  255   25   29   28  255   23   29   25  255   25   27   24  255   33   33   31  255   37   27   35  255   34   27   34  255   21   19   22  255   24   24   22  255   34   33   28  255   25   22   17  255   34   25   30  255   28   22   26  255   33   29   26  255   40   39   34  255   36   35   33  255   42   41   39  255
