   28   28
   54   45   40  255   50   43   35  255   31   28   13  255   53   53   41  255   41   42   46  255   39   43   46  255   43   46   37  255   42   45   36  255   33   37   38  255   31   38   54  255   15   28   62  255    0   21   64  255    0   22   68  255    0   24   69  255    6   28   75  255    3   24   67  255    0   21   60  255   24   39   70  255   40   39   57  255   54   44   52  255   56   42   41  255   48   35   29  255   54   47   41  255   34   29   23  255   45   42   35  255   33   30   21  255   42   38   27  255   44   40   29  255
   41   33   31  255   59   54   48  255   33   31   19  255   43   43   33  255   41   39   42  255   38   36   39  255   50   50   42  255   23   25   20  255   24   30   44  255   10   24   51  255   20   41   84  255   48   76  126  255   46   78  129  255   41   74  127  255   40   72  123  255   44   74  124  255   46   77  123  255   21   47   84  255    5   16   44  255   32   33   51  255   59   54   60  255   51   46   43  255   33   30   25  255   31   28   21  255   67   67   57  255   25   25   15  255   61   58   49  255   39   35   26  255
   61   55   59  255   35   31   32  255   44   45   40  255   42   41   36  255   63   54   55  255   36   26   25  255   59   50   45  255   38   37   43  255   21   35   70  255   51   78  131  255   59   98  157  255   97  143  205  255   97  142  207  255   87  135  199  255   90  138  202  255   90  140  203  255   91  141  200  255   45   92  146  255  140  177  222  255   50   74  110  255   14   29   50  255   49   56   64  255   45   47   42  255   33   35   24  255   32   35   24  255   43   44   36  255   42   41   37  255   48   44   41  255
   28   23   27  255   40   38   39  255   61   63   58  255   40   41   35  255   43   33   32  255   55   41   41  255   52   40   40  255   46   45   61  255   32   54  104  255  103  142  209  255  104  158  222  255  140  200  255  255  133  190  255  255  141  198  255  255  132  192  255  255  134  195  255  255  142  203  255  255  101  160  220  255   88  139  196  255   52   94  142  255    8   36   73  255   17   34   54  255   50   60   62  255   27   32   25  255   38   44   34  255   47   50   43  255   35   33   34  255   61   56   60  255
   47   46   41  255   36   37   29  255   31   37   27  255   44   45   37  255   35   25   24  255   39   24   29  255   40   30   38  255   25   31   57  255   58   88  148  255  104  154  225  255  142  208  255  255  127  198  252  255  134  200  255  255  124  188  250  255  126  191  255  255  130  195  255  255  125  189  250  255  136  198  255  255  144  203  255  255  112  163  220  255   68  105  158  255   16   39   80  255    8   21   37  255   42   50   52  255   24   29   25  255   57   57   55  255   31   29   34  255   37   32   39  255
   40   36   27  255   50   47   38  255   38   40   27  255   53   54   46  255   48   42   46  255   50   42   55  255   31   29   50  255   21   35   72  255   53   90  158  255   99  155  230  255  128  198  255  255  119  192  245  255  125  194  251  255  134  198  255  255  128  192  254  255  128  192  254  255  137  199  255  255  130  192  251  255  132  192  254  255  140  194  255  255  108  149  213  255   61   91  143  255   13   30   58  255   31   40   49  255   44   46   43  255   36   35   30  255   46   40   40  255   46   40   42  255
   49   38   32  255   46   37   28  255   59   55   43  255   24   23   18  255   27   25   36  255   34   38   63  255   26   39   74  255   16   39   91  255   48   87  164  255   97  150  230  255  126  189  255  255  129  198  255  255  129  193  254  255  126  186  246  255  136  192  251  255  138  194  253  255  129  188  248  255  131  190  250  255  133  188  252  255  150  201  255  255  102  144  216  255   53   84  148  255   10   28   64  255   36   44   57  255   30   27   22  255   60   52   39  255   42   34   23  255   63   55   44  255
   48   39   34  255   44   35   28  255   57   53   44  255   35   35   37  255   16   24   47  255   22   37   78  255   24   51  104  255   71  109  172  255  111  154  232  255   82  135  215  255  101  161  231  255  133  197  255  255  138  199  255  255  134  192  255  255  140  192  252  255  141  193  253  255  137  192  255  255  135  190  254  255  138  193  255  255  141  192  255  255   98  142  217  255   52   86  150  255   11   30   70  255   36   42   58  255   45   38   32  255   62   49   33  255   38   26   12  255   47   37   25  255
   44   41   36  255   34   33   29  255   40   40   40  255   22   30   43  255   43   62  104  255   66   96  156  255   99  142  211  255   96  148  221  255  130  182  255  255  123  180  251  255  119  179  249  255  115  178  247  255  115  178  245  255  116  175  241  255  128  181  249  255  125  175  244  255  117  172  239  255  129  188  254  255  132  192  254  255  144  199  255  255   96  145  214  255   52   88  148  255   10   30   65  255   32   35   50  255   53   42   38  255   48   32   19  255   56   41   34  255   42   28   25  255
   40   39   37  255   39   39   39  255   37   36   41  255   22   29   47  255  104  123  166  255   88  120  179  255   73  117  182  255   62  111  177  255   71  117  176  255   63  108  167  255   70  115  180  255   66  111  176  255   62  111  170  255   70  116  175  255   63  101  164  255   71  109  172  255   62  108  170  255  101  151  214  255  123  177  239  255  125  176  241  255  103  148  216  255   47   79  138  255   15   31   64  255   23   25   38  255   50   40   38  255   47   33   24  255   54   40   39  255   43   31   33  255
   43   38   42  255   35   30   34  255   42   37   41  255   35   34   48  255   43   52   85  255   27   44   87  255   31   55  101  255   22   51   93  255   23   47   83  255   30   49   89  255   19   35   87  255   28   41   94  255   27   44   87  255   29   44   83  255   32   44   84  255   28   41   85  255   18   42   90  255   59   92  146  255   66  106  168  255   83  124  190  255   81  115  186  255   58   83  140  255   26   37   67  255   25   27   39  255   47   42   39  255   41   32   27  255   51   42   45  255   47   40   47  255
   40   36   37  255   37   33   32  255   36   30   30  255   46   43   50  255   22   23   43  255   17   23   49  255   12   22   47  255   21   32   52  255   53   57   69  255   34   31   48  255  112  101  131  255   68   55   85  255   72   60   80  255   69   58   72  255   82   69   86  255   79   72   90  255   27   31   56  255   27   40   75  255   24   46   95  255   67   94  149  255   59   81  139  255   39   56  102  255   19   27   48  255   48   49   54  255   39   38   34  255   49   46   41  255   29   25   26  255   47   45   50  255
   42   42   32  255   46   43   34  255   37   33   24  255   40   35   32  255   50   45   51  255   31   28   35  255   25   23   26  255   64   59   55  255  159  147  135  255  186  164  151  255  255  236  233  255  198  163  161  255  202  168  159  255  199  167  154  255  193  163  152  255  187  163  153  255   88   71   64  255   20   14   18  255   20   23   42  255   29   38   67  255   41   51   86  255   16   26   53  255   34   38   47  255   55   56   51  255   29   31   20  255   44   46   35  255   30   31   26  255   51   51   51  255
   53   51   38  255   34   32   19  255   42   35   25  255   42   35   27  255   57   52   49  255   36   31   28  255   32   25   17  255   62   49   33  255  216  191  169  255  255  232  207  255  248  203  182  255  237  189  169  255  246  200  176  255  246  202  177  255  212  172  146  255  181  149  124  255   93   66   47  255   36   18    8  255   34   25   28  255   31   29   40  255   19   22   37  255   28   32   43  255   42   44   43  255   43   43   35  255   33   33   21  255   33   33   21  255   49   50   44  255   46   47   42  255
   52   48   37  255   40   36   25  255   52   43   34  255   50   41   34  255   44   39   36  255   46   41   38  255   41   34   26  255   69   55   42  255  206  177  159  255  237  196  174  255  245  195  172  255  250  198  174  255  229  181  159  255  217  172  149  255  196  159  130  255  181  151  125  255   93   67   54  255   36   17   11  255   40   26   25  255   27   21   21  255   37   37   37  255   34   36   35  255   49   50   44  255   36   33   24  255   54   47   37  255   43   36   26  255   44   39   33  255   33   30   25  255
   52   48   37  255   45   38   28  255   54   45   38  255   47   38   33  255   31   23   21  255   54   49   45  255   39   35   26  255   49   37   23  255  135  109   94  255  225  190  171  255  220  177  158  255  222  177  158  255  202  163  148  255  179  146  131  255  177  151  134  255  126  108   94  255   49   34   37  255   27   16   22  255   34   24   23  255   40   33   27  255   42   37   31  255   43   40   33  255   46   45   40  255   39   36   29  255   60   56   45  255   41   34   24  255   45   37   34  255   40   32   30  255
   49   43   31  255   44   37   27  255   51   42   35  255   47   36   34  255   44   34   33  255   48   40   37  255   47   43   34  255   30   24   12  255   45   33   19  255   94   76   62  255   94   70   58  255   93   68   61  255   89   69   68  255   75   63   65  255   73   71   76  255   49   53   65  255   38   45   73  255   27   33   57  255   22   23   27  255   46   43   36  255   55   46   37  255   52   43   36  255   35   31   28  255   35   34   29  255   44   46   35  255   47   47   37  255   45   35   34  255   48   36   38  255
   25   18    8  255   58   51   43  255   37   27   25  255   57   47   46  255   50   42   40  255   44   39   35  255   37   34   25  255   53   51   39  255   43   39   28  255   31   22   15  255   25   14   10  255   30   18   20  255   35   25   34  255   49   47   61  255   38   43   65  255   62   73  103  255  102  116  155  255   45   58   92  255   16   23   33  255   35   36   31  255   54   45   40  255   43   34   27  255   49   44   41  255   43   44   39  255   32   34   23  255   45   45   35  255   61   53   51  255   26   14   18  255
   43   35   32  255   63   55   53  255   32   23   24  255   63   57   57  255   40   37   32  255   46   46   38  255   37   39   26  255   34   36   23  255   33   32   27  255   32   28   27  255   29   23   25  255   32   25   33  255   44   38   52  255   62   58   83  255   70   70  106  255   99  102  143  255   65   73  112  255   35   44   75  255   24   31   49  255   27   32   38  255   31   29   30  255   36   32   29  255   61   57   54  255   34   33   28  255   50   50   38  255   32   29   20  255   47   39   37  255   54   43   47  255
   49   40   41  255   53   44   45  255   36   30   32  255   45   41   42  255   30   29   25  255   36   37   31  255   26   29   18  255   24   27   18  255   25   25   23  255   31   29   30  255   30   25   29  255   16    9   16  255   95   85   96  255  195  182  200  255  193  180  208  255  198  187  219  255  176  172  197  255  104  105  125  255   34   40   56  255   20   27   37  255   22   23   27  255   27   27   25  255   35   36   31  255   24   23   18  255   50   47   38  255   44   39   33  255   42   33   34  255   58   49   52  255
   51   41   40  255   37   29   27  255   36   32   33  255   30   30   32  255   26   27   29  255   20   24   23  255   21   26   22  255   25   30   26  255   25   27   26  255   27   26   24  255   33   25   23  255   32   18   17  255  118   99   95  255  218  190  187  255  200  166  165  255  193  162  160  255  197  177  176  255  121  111  112  255   37   35   46  255   15   19   30  255   23   28   31  255   28   33   29  255   18   20   15  255   30   31   25  255   31   26   22  255   45   37   35  255   55   46   49  255   32   23   28  255
   49   42   36  255   43   40   35  255   27   27   25  255   19   21   20  255   32   36   39  255   22   26   29  255   19   23   24  255   26   28   27  255   22   24   23  255   33   33   35  255   24   22   27  255   22   13   18  255   50   34   35  255   59   33   32  255  136  102   92  255  232  199  184  255  223  197  182  255   95   78   70  255   23   18   25  255   22   26   35  255   20   28   30  255   20   29   24  255   23   28   22  255   23   24   19  255   32   27   24  255   42   33   34  255   31   22   27  255   39   30   35  255
   45   46   32  255   31   33   20  255   21   27   17  255   22   29   22  255   20   24   25  255   23   24   28  255   35   33   36  255   24   22   25  255   33   33   35  255   15   18   25  255   23   30   49  255   17   23   49  255   16   16   44  255   16   11   31  255   39   27   29  255   56   39   29  255   50   28   14  255   36   19    9  255   30   25   32  255   22   26   37  255   19   28   27  255   20   29   24  255   25   30   26  255   23   25   22  255   25   21   20  255   28   22   22  255   68   59   62  255   32   23   26  255
   58   60   47  255   29   33   19  255   15   23   12  255   24   31   24  255   27   28   32  255   26   25   31  255   31   26   32  255   30   25   29  255   24   25   30  255   18   28   40  255   20   36   70  255   41   62  107  255   45   62  114  255   48   63  106  255   20   28   49  255  105  106  111  255  202  192  190  255   87   77   76  255    8    7   21  255   17   23   37  255   26   34   37  255   17   26   23  255   25   29   28  255   27   27   25  255   28   24   23  255   32   27   24  255   30   24   24  255   48   42   42  255
   32   31   26  255   24   25   20  255   26   31   25  255   24   28   27  255   26   27   32  255   26   23   30  255   30   25   31  255   25   23   28  255   23   30   40  255   19   35   58  255   57   85  132  255   76  111  175  255   77  113  187  255   96  129  198  255   63   94  141  255   18   38   71  255   13   24   46  255   66   73   92  255   73   83  110  255   27   38   60  255   19   26   36  255   29   33   36  255   19   20   22  255   28   28   28  255   30   26   23  255   27   24   19  255   25   21   18  255   46   42   39  255
   35   31   30  255   25   24   22  255   26   26   26  255   23   24   26  255   26   25   30  255   27   25   30  255   31   26   30  255   26   25   31  255   15   23   34  255   22   42   69  255   72  104  153  255  102  141  208  255   94  133  210  255   98  136  209  255  103  135  192  255  107  134  179  255  101  121  158  255   96  112  146  255   68   83  116  255   29   41   67  255   15   19   31  255   24   25   29  255   30   29   34  255   26   26   28  255   26   25   20  255   24   24   16  255   30   27   22  255   45   42   37  255
   52   42   43  255   33   24   27  255   23   21   24  255   29   28   33  255   31   31   33  255   22   22   22  255   25   24   22  255   29   30   34  255   22   30   43  255    9   26   52  255   19   46   89  255   40   73  126  255   45   77  136  255   51   80  136  255   53   75  124  255   53   72  115  255   58   79  122  255   60   82  121  255   27   43   76  255   13   24   46  255   29   32   41  255   26   24   29  255   23   22   27  255   29   29   31  255   31   32   26  255   29   30   22  255   41   40   35  255   47   44   39  255
   53   41   43  255   46   35   39  255   33   28   34  255   26   24   29  255   26   26   26  255   27   27   25  255   30   29   25  255   23   24   26  255   18   25   41  255   14   30   56  255    1   26   66  255    0   29   75  255    0   24   74  255    0   22   70  255    6   20   65  255    8   23   66  255    0   21   68  255    0   23   65  255    6   25   57  255   20   31   51  255   21   21   31  255   24   22   25  255   35   32   39  255   20   20   22  255   25   28   21  255   23   25   14  255   41   40   35  255   37   34   29  255
