   29   29
   35   37   24  255   37   39   26  255   44   46   33  255   30   32   19  255   39   42   31  255   39   41   30  255   63   56   50  255   46   37   32  255   49   42   36  255   47   40   34  255   62   53   48  255   33   26   20  255   55   55   47  255   41   41   33  255   45   42   35  255   42   38   29  255   61   52   45  255   32   28   19  255   46   46   38  255   30   33   24  255   41   41   29  255   56   56   44  255   49   44   41  255   29   30   24  255   39   50   36  255   27   35   20  255   61   51   49  255   46   35   33  255   60   57   48  255
   25   25   15  255   61   61   51  255   43   43   33  255   43   43   33  255   58   55   48  255   45   40   34  255   32   27   21  255   52   45   39  255   37   29   26  255   50   43   37  255   52   45   39  255   40   35   29  255   44   44   36  255   44   44   36  255   38   33   27  255   57   50   44  255   48   41   35  255   36   31   25  255   49   48   43  255   39   40   32  255   46   43   34  255   42   38   29  255   34   29   25  255   38   37   32  255   42   48   36  255   29   31   20  255   68   58   56  255   55   44   42  255   41   41   31  255
   46   43   36  255   39   36   29  255   44   41   36  255   34   29   25  255   54   40   39  255   52   38   37  255   34   29   25  255   60   57   52  255   38   33   30  255   44   39   35  255   35   32   27  255   33   32   27  255   44   45   37  255   37   37   29  255   32   25   17  255   59   52   46  255   43   39   36  255   44   43   39  255   40   39   34  255   42   39   34  255   55   47   44  255   41   31   29  255   53   48   42  255   44   39   33  255   35   27   24  255   56   46   44  255   35   24   22  255   60   53   47  255   40   40   32  255
   60   50   48  255   46   38   35  255   58   50   48  255   51   41   40  255   53   39   39  255   47   35   35  255   45   41   38  255   42   43   38  255   47   42   39  255   52   47   44  255   36   33   28  255   46   47   41  255   45   46   38  255   45   45   37  255   62   55   49  255   47   40   34  255   34   30   27  255   44   43   39  255   55   52   47  255   46   41   37  255   36   26   25  255   37   27   25  255   44   39   33  255   58   53   47  255   53   41   41  255   43   31   31  255   50   43   37  255   44   39   33  255   34   33   28  255
   34   18   19  255   53   37   38  255   47   31   31  255   64   53   51  255   44   39   35  255   31   30   25  255   43   46   39  255   41   44   37  255   33   28   24  255   49   41   38  255   36   31   27  255   46   43   38  255   30   31   25  255   46   45   40  255   37   29   26  255   51   43   40  255   34   29   25  255   36   33   26  255   50   46   37  255   37   30   22  255   61   53   50  255   38   31   25  255   42   38   29  255   45   41   32  255   57   49   46  255   50   45   41  255   31   31   21  255   46   46   36  255   30   29   25  255
   58   44   43  255   64   50   49  255   54   39   36  255   52   38   35  255   47   36   30  255    9    0    0  255   14    0    0  255   17    0    0  255   18    0    0  255   76   55   52  255   55   37   35  255   50   41   36  255   33   32   27  255   45   44   39  255   46   38   36  255   38   28   26  255   51   44   38  255   51   44   34  255   35   28   18  255   51   44   34  255   39   30   25  255   44   37   31  255   61   54   46  255   45   41   32  255   48   43   37  255   45   42   35  255   30   30   20  255   32   32   22  255   51   48   43  255
   42   39   32  255   33   29   20  255   49   42   32  255   54   40   31  255   23    0    0  255   86   38   36  255  202  133  136  255  115   43   47  255  109   44   48  255   35    0    0  255   24    0    0  255   47   28   24  255   52   47   41  255   45   44   40  255   46   37   38  255   41   31   30  255   47   38   31  255   63   54   45  255   48   39   30  255   45   36   29  255   49   38   34  255   57   46   42  255   34   23   19  255   48   39   32  255   43   39   30  255   43   39   30  255   50   46   35  255   39   35   26  255   48   41   35  255
   44   45   37  255   33   33   23  255   59   57   45  255   42   22   13  255   41    0    0  255  160   73   79  255  174   62   74  255  241  125  136  255  229  129  137  255  122   40   44  255  111   45   47  255   34    0    0  255   21    0    0  255   46   28   26  255   40   26   26  255   50   38   38  255   48   41   35  255   48   41   33  255   47   43   34  255   47   38   31  255   52   37   32  255   54   36   32  255   42   29   23  255   61   52   45  255   35   28   20  255   63   56   48  255   44   37   29  255   46   39   31  255   50   41   36  255
   43   44   38  255   39   39   31  255   59   57   45  255   24    0    0  255  150   54   65  255  188   55   72  255  199   50   69  255  198   51   67  255  189   58   66  255  240  121  127  255  238  124  132  255  136   39   48  255  116   41   46  255   35    0    0  255   24    0    0  255   52   38   37  255   36   30   30  255   41   40   38  255   39   40   32  255   58   54   45  255  127  106  103  255   60   36   32  255   52   38   29  255   62   53   44  255   36   26   24  255   60   52   50  255   46   38   35  255   47   42   36  255   32   27   23  255
   36   35   31  255   48   47   42  255   47   44   35  255   25    0    0  255  137   32   46  255  197   51   70  255  207   48   68  255  207   49   64  255  199   52   62  255  199   55   64  255  196   51   64  255  248  113  127  255  232  122  131  255  132   45   53  255  103   41   42  255   31    0    0  255   22    0    0  255   71   51   50  255   45   38   30  255   39   31   20  255   64   37   30  255   53   26   19  255   53   39   30  255   51   38   29  255   54   28   27  255   57   31   30  255   54   40   37  255   46   41   35  255   46   46   38  255
   31   22   27  255   48   42   44  255   38   35   30  255   22    0    0  255  110   23   32  255  183   58   74  255  192   50   64  255  203   51   64  255  201   51   60  255  202   51   60  255  208   51   62  255  205   51   63  255  196   59   69  255  241  117  127  255  242  128  136  255  181   80   84  255  124   38   37  255   44    0    0  255   22    0    0  255   41   25   12  255  162  133  119  255   47   19    8  255   60   47   41  255   51   27   23  255   76   17   13  255  156   95   92  255   50   25   20  255   42   38   29  255   28   32   17  255
   53   44   49  255   45   39   41  255   42   37   34  255   62   38   38  255   42    0    0  255  131   40   49  255  146   32   42  255  184   57   66  255  190   55   62  255  199   52   62  255  210   50   62  255  208   46   61  255  204   50   62  255  196   50   61  255  193   51   63  255  248  118  126  255  217  109  107  255  118   39   32  255   89   52   36  255   21    0    0  255   25    0    0  255   67   35   20  255   59   41   31  255   55   28   21  255  185  124  119  255   85   26   20  255   61   36   29  255   60   56   45  255   40   42   28  255
   47   45   46  255   34   33   31  255   35   30   27  255   59   45   44  255   18    0    0  255   71   27   26  255   80   14   16  255  127   38   44  255  139   32   38  255  183   56   65  255  199   48   63  255  210   49   65  255  204   46   61  255  205   51   63  255  204   54   65  255  189   58   64  255  231  131  133  255  211  143  134  255  148  110   89  255  141  113   89  255  198  163  143  255   29    0    0  255   52   21    1  255   53   26    9  255   64   37   26  255   51   31   24  255   43   30   22  255   42   35   27  255   45   40   34  255
   32   33   28  255   46   45   40  255   49   44   40  255   33   23   21  255   64   55   50  255   16    0    0  255   25    0    0  255   75   20   23  255   95   18   24  255  130   30   40  255  152   26   40  255  195   50   67  255  202   50   65  255  201   49   62  255  195   50   57  255  243  122  127  255  215  135  138  255  151  102   97  255  195  166  150  255  179  157  136  255  179  153  138  255  141  115  100  255  195  168  149  255   59   40   23  255   39   29   19  255   57   52   46  255   40   36   27  255   50   43   35  255   64   56   53  255
   40   40   30  255   44   44   34  255   57   53   44  255   38   29   24  255   51   40   38  255   46   32   31  255   59   39   40  255   20    0    0  255   29    0    0  255   82   20   25  255  102   12   22  255  142   27   42  255  160   25   40  255  198   56   70  255  190   55   62  255  233  130  134  255  154  108  110  255  168  152  152  255  170  159  155  255  201  194  188  255  200  192  189  255  117  112  108  255    7    0    0  255   60   53   43  255   38   29   22  255   45   38   30  255   46   44   32  255   53   53   41  255   38   38   30  255
   46   42   31  255   60   56   45  255   42   38   29  255   49   42   36  255   47   37   35  255   64   52   52  255   31   21   20  255    9    0    0  255   14    0    0  255   63   29   30  255   74   19   24  255  119   39   48  255  137   29   42  255  182   57   71  255  185   59   70  255  225  128  135  255  145  106  107  255  163  157  157  255  165  159  163  255  192  187  193  255  192  193  195  255  122  122  120  255    4    0    0  255   48   37   31  255   54   35   29  255   55   36   30  255   59   52   44  255   46   46   38  255   41   41   33  255
   51   40   36  255   33   24   19  255   50   43   37  255   58   53   47  255   45   38   32  255   50   42   39  255   47   39   36  255   59   54   50  255   27   22   16  255    8    0    0  255   15    0    0  255   70   28   29  255   88   15   22  255  131   33   46  255  147   26   43  255  184   80   91  255  155  104  101  255  158  137  132  255  201  184  192  255    9    0    8  255   51   51   51  255  122  117  111  255   17    0    0  255  166  132  123  255   85   42   33  255  137  102   96  255   54   38   38  255   34   28   28  255   47   43   40  255
   65   54   52  255   46   36   34  255   43   38   32  255   44   41   34  255   48   45   38  255   33   28   22  255   41   34   28  255   41   36   30  255   62   62   54  255   40   40   32  255   32   29   20  255   12    0    0  255   27    0    0  255   80   18   23  255  105   15   27  255  122   37   44  255  154  101   93  255  186  156  145  255  206  185  184  255  200  186  186  255  165  158  150  255  173  159  146  255   28    0    0  255   79   32   16  255   69   27   13  255   72   39   30  255   36   20   20  255   35   29   29  255   44   38   38  255
   29   24   20  255   48   45   40  255   54   55   47  255   43   44   36  255   33   33   25  255   49   44   38  255   34   25   20  255   64   53   49  255   42   35   29  255   58   55   48  255   44   46   35  255   27   27   15  255   49   43   31  255   14    0    0  255   24    0    0  255   66   28   19  255  147  110   92  255  143  112   91  255  190  170  146  255  175  160  137  255  173  157  134  255   23    0    0  255  208  159  127  255   66   21    0  255   64   43   24  255   46   38   27  255   47   45   33  255   46   43   36  255   41   36   33  255
   49   48   43  255   41   40   35  255   43   44   36  255   30   31   23  255   35   32   25  255   51   44   38  255   42   28   25  255   66   52   49  255   35   26   21  255   44   41   34  255   36   39   30  255   51   57   45  255   47   49   36  255   29   25   13  255   58   44   33  255   17    0    0  255   23    0    0  255  159  134  114  255  130  116   89  255  133  119   90  255  193  169  141  255   57   24    0  255   91   51   15  255  172  135  106  255   61   42   27  255   37   28   19  255   32   28   17  255   46   42   33  255   60   53   47  255
   37   36   31  255   47   46   41  255   36   33   26  255   52   47   41  255   45   36   31  255   41   30   26  255   58   43   40  255   38   24   21  255   48   40   37  255   56   56   48  255   40   43   34  255   41   43   32  255   47   38   29  255   45   25   18  255   73   35   34  255   62   23   24  255   53   32   31  255    7    0    0  255   10    6    0  255    8    0    0  255   65   35   11  255   70   39   11  255   55   37   13  255   43   24    7  255   65   30   24  255   78   42   42  255   57   37   39  255   46   35   33  255   53   43   33  255
   49   44   40  255   34   29   25  255   39   36   29  255   44   39   33  255   61   54   48  255   47   38   33  255   45   31   28  255   52   41   37  255   51   41   39  255   29   24   20  255   45   45   37  255   45   42   35  255   50   37   31  255   65   41   37  255   64   25   26  255  140  106  107  255   43   26   32  255   34   29   33  255   37   36   32  255   65   52   43  255  170  134  118  255   58   23    4  255   51   39   25  255   64   54   45  255   51   17   16  255  142  106  110  255   52   33   35  255   52   42   40  255   40   32   19  255
   47   36   34  255   64   54   52  255   41   38   31  255   40   40   32  255   45   47   36  255   43   43   33  255   43   38   32  255   51   42   37  255   55   44   42  255   36   25   23  255   60   52   49  255   32   27   21  255   63   56   50  255   42   33   26  255   66   51   44  255   35   20   17  255   60   49   53  255   52   43   46  255   48   40   37  255   54   35   29  255   70   26   23  255   65   20   17  255   61   37   33  255   53   39   36  255   51   35   36  255   49   37   37  255   39   39   31  255   31   34   23  255   49   49   37  255
   43   27   27  255   46   35   33  255   50   47   40  255   29   30   22  255   38   41   30  255   42   44   33  255   57   54   47  255   46   39   33  255   47   36   34  255   52   41   39  255   62   52   50  255   34   26   23  255   58   53   49  255   45   40   34  255   46   42   33  255   47   40   32  255   63   55   53  255   32   24   22  255   51   44   36  255   44   27   20  255  140  101  102  255   81   40   44  255   61   37   37  255   38   27   25  255   53   44   45  255   31   27   24  255   53   56   45  255   37   43   29  255   56   56   46  255
   38   24   23  255   60   50   48  255   42   37   31  255   47   44   37  255   57   57   47  255   40   40   30  255   36   31   25  255   45   40   34  255   37   29   26  255   52   44   41  255   48   43   40  255   33   28   24  255   46   41   37  255   54   47   41  255   38   27   21  255   59   49   40  255   48   41   31  255   32   28   16  255   48   46   31  255   49   43   31  255   55   36   32  255   55   35   34  255   40   29   25  255   42   34   31  255   52   42   40  255   40   31   26  255   60   58   46  255   52   50   38  255   47   42   36  255
   51   40   38  255   47   37   35  255   45   40   34  255   30   27   20  255   42   39   30  255   46   43   34  255   32   27   21  255   64   59   53  255   33   28   24  255   44   41   36  255   38   34   31  255   41   37   34  255   52   47   43  255   31   26   22  255   39   30   25  255   60   51   44  255   45   41   30  255   46   44   31  255   39   40   26  255   46   44   32  255   48   41   35  255   40   32   29  255   52   44   42  255   45   37   34  255   36   25   21  255   57   46   40  255   28   21   11  255   58   54   45  255   43   38   34  255
   55   45   43  255   49   41   38  255   58   53   47  255   47   44   37  255   47   44   35  255   40   40   30  255   50   47   40  255   41   38   31  255   49   46   41  255   53   50   45  255   36   32   29  255   44   43   39  255   42   41   36  255   45   46   40  255   58   58   50  255   41   41   33  255   34   35   29  255   41   42   36  255   58   57   52  255   42   41   36  255   33   32   28  255   37   33   32  255   46   37   38  255   66   54   54  255   53   37   37  255   50   37   31  255   51   44   36  255   45   42   33  255   36   35   30  255
   62   54   51  255   36   28   25  255   44   39   33  255   43   40   33  255   26   26   16  255   57   57   47  255   43   40   33  255   32   29   22  255   46   43   38  255   37   34   29  255   35   31   28  255   48   47   43  255   35   34   29  255   27   28   22  255   39   40   32  255   47   48   42  255   31   32   27  255   45   44   42  255   41   36   32  255   46   43   38  255   53   52   48  255   42   42   40  255   49   43   45  255   43   33   34  255   52   38   35  255   48   35   29  255   51   47   38  255   40   40   32  255   32   33   25  255
   45   37   34  255   47   39   36  255   45   40   34  255   56   53   46  255   48   48   38  255   31   31   21  255   46   46   36  255   39   39   31  255   37   34   29  255   45   42   37  255   48   43   39  255   31   26   22  255   60   55   51  255   48   43   39  255   43   40   33  255   45   42   35  255   49   44   40  255   44   36   33  255   51   40   34  255   39   30   21  255   42   39   30  255   42   43   35  255   31   33   30  255   45   44   40  255   48   39   32  255   63   54   45  255   38   38   30  255   44   47   38  255   48   49   41  255
