   29   29
   46   46   38  255   47   42   36  255   53   35   33  255   54   38   38  255   45   41   38  255   42   43   38  255   36   28   26  255   48   41   35  255   33   26   20  255   47   38   31  255   60   41   37  255   46   17   13  255   55   17    6  255   64   17    7  255   66   10   11  255   65    9    8  255   64   12    1  255   52   16    4  255   50   39   37  255   53   53   53  255   42   38   39  255   37   31   31  255   47   42   39  255   38   33   30  255   41   32   33  255   48   39   40  255   39   31   29  255   36   32   31  255   40   41   45  255
   41   40   35  255   31   26   22  255   68   55   49  255   42   31   27  255   45   44   40  255   41   41   39  255   48   43   39  255   58   45   39  255   66   43   37  255   48   13    9  255   64   14   15  255  104   45   47  255  110   45   41  255  108   39   34  255  113   39   40  255  116   40   42  255  119   39   38  255  116   46   46  255   58    9   12  255   49   19   21  255   53   35   35  255   47   37   35  255   52   44   42  255   39   34   31  255   56   48   46  255   47   39   36  255   52   44   41  255   54   51   46  255   42   40   41  255
   56   54   55  255   36   32   29  255   43   39   28  255   48   46   34  255   27   29   24  255   60   62   59  255   43   40   33  255   57   34   28  255   63    3    2  255  122   36   39  255  140   30   41  255  178   57   72  255  180   64   75  255  222  109  115  255  139   29   30  255  145   28   34  255  190   57   76  255  186   50   72  255  145   25   37  255  127   36   41  255   59   14   11  255   58   39   35  255   40   30   29  255   37   31   31  255   49   41   38  255   34   27   19  255   33   29   17  255   44   40   29  255   63   56   50  255
   43   39   38  255   43   40   35  255   62   60   47  255   31   33   19  255   43   48   42  255   24   23   21  255   61   40   35  255   66   15   12  255  130   39   44  255  179   59   71  255  192   55   73  255  242   98  121  255  189   50   71  255  156   19   37  255  150   19   27  255  156   18   31  255  199   45   73  255  254   97  126  255  200   53   72  255  180   59   68  255  120   40   43  255   57   11   11  255   56   36   37  255   45   37   35  255   47   40   34  255   49   42   32  255   51   48   33  255   33   30   15  255   60   51   44  255
   44   39   33  255   46   42   33  255   43   40   25  255   45   46   32  255   39   46   39  255   57   43   42  255   66    6    8  255  128   31   40  255  179   58   75  255  228   96  119  255  231  101  125  255  227   97  123  255  232   98  125  255  194   56   82  255  193   54   75  255  190   51   72  255  240  100  126  255  230   93  119  255  225   96  118  255  227  102  120  255  183   61   74  255  129   33   44  255   55   15   16  255   48   37   35  255   58   53   49  255   40   37   28  255   43   40   25  255   49   43   29  255   58   50   47  255
   68   61   51  255   45   38   28  255   36   30   18  255   51   48   39  255   24   29   25  255   39   15   15  255  129   39   48  255  185   60   74  255  230   96  121  255  236  103  132  255  226  102  130  255  226  102  130  255  231  100  132  255  228   90  123  255  238   99  128  255  238  100  126  255  231  101  127  255  225   98  125  255  228  105  133  255  230  102  127  255  239   95  118  255  178   57   72  255  104   48   49  255   40   21   15  255   54   45   40  255   35   32   25  255   63   59   47  255   30   26   15  255   47   42   39  255
   41   37   26  255   45   41   32  255   52   45   39  255   44   39   36  255   46   44   45  255   51   16   20  255  137   31   41  255  188   51   67  255  228   98  124  255  228  100  133  255  223  100  131  255  220   97  128  255  230  100  134  255  228   97  129  255  232   99  130  255  229   96  127  255  226   97  127  255  231  104  134  255  222   94  129  255  230   96  129  255  239   95  122  255  182   61   76  255  109   44   42  255   47   17    7  255   40   25   18  255   53   46   40  255   25   25   17  255   46   47   41  255   54   55   50  255
   48   45   36  255   34   30   21  255   50   42   39  255   61   53   51  255   43   38   42  255   59   20   25  255  135   24   31  255  199   57   73  255  229   99  125  255  222   99  130  255  224  103  134  255  224  101  132  255  227   99  132  255  228   99  130  255  226   97  127  255  231  102  132  255  227  100  130  255  225  100  130  255  229  101  136  255  230   96  129  255  237   94  122  255  184   62   77  255  111   37   36  255   55   17    8  255   56   36   29  255   46   39   33  255   46   45   40  255   41   44   37  255   29   32   25  255
   45   45   37  255   46   41   35  255   48   37   33  255   52   42   40  255   36   30   32  255   52   16   18  255  140   31   37  255  191   53   66  255  228   98  122  255  227  104  132  255  215   96  124  255  226  106  134  255  231  101  135  255  225   94  126  255  229  103  127  255  226  102  126  255  225  102  130  255  220  100  127  255  222   99  127  255  231  101  129  255  236   94  118  255  184   59   73  255  119   39   40  255   61   14    8  255   59   36   30  255   46   39   31  255   40   41   33  255   42   45   36  255   30   31   23  255
   41   38   31  255   47   42   36  255   54   43   39  255   38   28   26  255   47   41   41  255   55   16   17  255  136   30   34  255  196   58   71  255  229  100  122  255  221   98  126  255  222  104  130  255  220  101  129  255  222   99  128  255  224  104  131  255  220  102  124  255  217  104  122  255  214  106  122  255  218  105  125  255  226  102  130  255  233   98  128  255  237   93  118  255  186   60   74  255  120   35   40  255   62   11   10  255   58   33   29  255   60   51   46  255   42   42   32  255   45   47   36  255   43   43   35  255
   58   53   47  255   45   40   34  255   33   25   22  255   43   35   32  255   45   40   37  255   55   15   15  255  136   27   32  255  191   53   66  255  230   98  122  255  230  105  135  255  219  100  128  255  180   66   92  255  167   59   82  255  168   67   85  255  169   71   86  255  161   68   78  255  162   71   76  255  166   64   77  255  230   99  133  255  237   91  130  255  243   96  125  255  186   59   78  255  121   34   43  255   62   10   12  255   62   36   39  255   47   35   35  255   50   43   37  255   48   43   37  255   35   30   26  255
   53   45   42  255   36   28   25  255   66   58   55  255   33   25   22  255   44   39   33  255   54   16   13  255  135   28   34  255  194   56   71  255  230  100  124  255  213   96  123  255  169   70   91  255   84    0   13  255   83    3   12  255   75    0    5  255   74    2    6  255   77    7    9  255   75    6    1  255   85    3    7  255  174   59   88  255  230   94  132  255  242   97  130  255  187   59   82  255  119   36   44  255   60   10   11  255   63   34   36  255   53   39   38  255   35   26   21  255   52   47   41  255   38   30   28  255
   32   27   24  255   52   44   42  255   35   24   22  255   29   20   15  255   34   31   22  255   52   17   13  255  133   27   37  255  192   57   74  255  225  103  124  255  210  113  132  255   64    7   13  255   55   17   14  255   58   22   10  255   64   26   13  255   60   16    7  255   60   16    5  255   64   20    7  255   67   14    8  255   81    3   16  255  215  108  134  255  228   89  122  255  181   53   78  255  117   41   45  255   58   15    8  255   51   20   15  255   36   19   12  255   33   28   22  255   57   58   52  255   44   39   35  255
   49   38   34  255   36   21   16  255   42   22   11  255  161  142  128  255  152  138  125  255   55   17    8  255  128   36   41  255  181   61   73  255  223  102  119  255  210  112  125  255   64    8   11  255   57   22   16  255   55   21   11  255   54   16    3  255   58   16    4  255   66   19    9  255   58   14    5  255   68   15   11  255   76    5   11  255  161   65   79  255  233  100  127  255  187   65   86  255  105   41   39  255   52   16    2  255  167  131  117  255  166  137  123  255   39   23    8  255   30   22   11  255   53   49   40  255
   41   19    8  255  169  142  125  255  172  135  109  255  229  190  161  255  189  153  131  255   58   12    0  255   79    8    4  255  129   33   37  255  185   61   71  255  181   59   70  255   89    0    6  255   82    5   15  255   73    0    9  255   75    4    8  255   83   13   13  255   75    3    4  255   81    6   13  255   84    1   11  255   93    0    4  255  172   63   68  255  188   63   71  255  131   26   30  255   62   15    5  255   49   24    4  255  192  147  124  255  242  192  167  255  179  135  110  255  165  137  116  255   28   21   11  255
   45   21    9  255  182  153  135  255  189  149  123  255  239  195  166  255  236  191  170  255  181  132  118  255   66    7    1  255  116   40   40  255  132   32   34  255  132   27   32  255  162   71   80  255  159   73   84  255  154   70   83  255  157   76   85  255  151   72   77  255  153   74   79  255  154   70   83  255  159   71   83  255  162   72   74  255  127   33   31  255  133   33   33  255  116   37   32  255   54   18    6  255  162  137  117  255  236  191  168  255  243  192  165  255  195  145  118  255  190  155  133  255   30   26   14  255
   40   21   14  255  161  141  130  255  164  138  123  255  180  151  135  255  186  150  138  255  179  132  126  255   67    7    9  255   71    9   12  255   61   12    7  255   63   16   10  255   99   45   43  255  104   44   46  255  112   41   45  255  112   40   44  255  109   40   43  255  112   43   46  255  111   40   44  255  110   42   43  255  106   45   44  255   68   13   10  255   63   10    6  255   58   13    7  255   52   15    7  255  170  138  125  255  186  151  132  255  187  152  130  255  170  135  115  255  162  139  121  255   28   29   13  255
   48   38   29  255   37   24   15  255   33   19   10  255   44   26   16  255   46   23   15  255   50   15    9  255  101   42   44  255   99   45   45  255   49   22   13  255   69   51   39  255   47   18   10  255   56   15   11  255   65   14   11  255   65   11   11  255   58    8    7  255   63   13   12  255   64   11    7  255   65   14   10  255   57   12    7  255   80   43   37  255   49   20   14  255   83   56   49  255   87   54   49  255   48   15    8  255   49   22   11  255   41   19    5  255   48   24   12  255   38   22    9  255   40   40   28  255
   45   41   29  255   49   43   31  255   53   43   33  255   48   39   30  255   44   40   29  255   42   25   15  255  102   53   49  255  100   45   42  255   52   19   10  255   40   21    7  255   78   56   45  255   78   54   44  255   74   47   40  255   71   44   37  255   85   58   49  255   76   49   38  255   77   49   37  255   79   47   36  255   88   49   42  255   52   14   11  255   48   20   16  255   78   53   49  255   84   52   53  255   49   21   20  255   65   50   45  255   45   34   28  255   43   25   21  255   67   54   48  255   44   39   33  255
   58   56   43  255   44   40   28  255   34   27   19  255   53   48   42  255   27   32   25  255   29   26   17  255   48   17   12  255   55   16    9  255   46   17   11  255   86   59   50  255   47   17    9  255   49   15    6  255   56   19   13  255   58   20   11  255   54   12    0  255   55   13    0  255   61   21   11  255   54   14    6  255   59   14    9  255   90   50   48  255   40   21   15  255   39   26   20  255   41   19   21  255   42   22   24  255   34   24   23  255   60   55   52  255   41   31   30  255   45   37   35  255   50   45   41  255
   33   29   20  255   53   49   40  255   39   34   30  255   34   30   27  255   25   26   28  255   26   30   29  255   25   26   20  255   35   28   22  255   41   21   20  255   83   47   47  255  104   48   47  255  114   43   41  255  119   38   35  255  127   38   32  255  131   35   23  255  132   38   28  255  118   33   30  255  113   39   40  255  108   44   44  255   93   52   50  255   30   26   15  255   23   31   20  255   31   27   24  255   33   24   25  255   29   20   21  255   46   40   40  255   39   38   34  255   55   56   51  255   30   29   24  255
   53   46   38  255   33   28   22  255   49   45   42  255   30   24   24  255   30   19   23  255   35   26   27  255   29   26   19  255   62   66   52  255   25   34   17  255   32   24   11  255   62   17   14  255  108   40   41  255  106   28   28  255  119   34   31  255  128   38   30  255  123   34   26  255  111   33   31  255  112   48   48  255   57   12    6  255   41   23    9  255   16   31   10  255   54   71   52  255   38   20   16  255   41   15   16  255   37   26   24  255   27   23   20  255   35   37   32  255   42   44   39  255   36   35   31  255
   47   41   27  255   50   46   35  255   33   29   28  255   31   19   21  255   52   21   19  255   86   45   41  255   91   54   45  255   36   30    4  255   52  105   51  255   50  107   56  255   25   29   14  255   42   20   22  255   44   19   22  255   49   23   24  255   46   18   17  255   45   20   15  255   38   18   11  255   33   25   12  255   18   32    7  255   67   98   64  255   57  102   59  255   15   30    0  255  111   52   48  255  109   38   42  255   45   21   17  255   24   24   16  255   27   26   22  255   33   32   30  255   35   34   30  255
   36   34   21  255   42   39   30  255   31   27   26  255   41   22   24  255   61   12   15  255  109   44   42  255  116   38   34  255   61   16    0  255   67   95   46  255   58  102   53  255   25   29   14  255   35   23   25  255   30   25   29  255   25   24   29  255   23   27   28  255   28   30   27  255   28   28   20  255   29   33   18  255   19   35    9  255   69   90   57  255   71   92   53  255   47   27    0  255  124   28   30  255  136   32   41  255   57   13   10  255   38   28   19  255   29   26   21  255   44   45   40  255   45   46   41  255
   31   36   30  255   23   26   19  255   30   27   22  255   42   21   20  255   65    9   18  255  158   70   82  255  181   61   71  255  143   28   33  255   76    7    2  255   58   11    5  255   63   15   13  255   52   13   14  255   39   22   28  255   29   27   30  255   26   28   27  255   28   27   23  255   40   22   20  255   46   16   14  255   52   17   11  255   59   14    8  255   65    5    0  255  130   42   41  255  187   59   72  255  182   60   73  255  112   40   41  255   52   22   14  255   27   25   12  255   21   31   20  255   28   35   27  255
   39   41   38  255   31   31   29  255   30   26   23  255   38   20   20  255   58   17   25  255  107   33   46  255  180   64   77  255  184   58   70  255  167   65   78  255  156   76   85  255  105   46   50  255   86   50   50  255   38   23   26  255   26   24   27  255   23   25   22  255   29   25   22  255   42   22   23  255   86   50   54  255   99   50   53  255  146   81   85  255  158   73   78  255  164   60   69  255  178   62   75  255  133   29   38  255  106   40   42  255   50   17   12  255   29   27   15  255   20   32   20  255   38   45   38  255
   60   52   49  255   32   24   22  255   27   22   26  255   30   24   28  255   33   24   25  255   43   15   14  255  110   45   49  255  117   38   41  255  112   42   42  255   98   44   44  255   43   14   16  255   39   29   30  255   23   25   24  255   25   29   28  255   33   34   29  255   27   23   20  255   32   23   24  255   39   23   26  255   43   14   16  255   87   47   47  255  104   48   47  255  108   47   46  255  106   46   45  255   61   11   10  255   50   20   18  255   36   22   21  255   30   30   28  255   22   27   23  255   44   43   41  255
   64   53   51  255   29   19   18  255   34   29   33  255   26   27   29  255   22   28   24  255   35   32   27  255   44   16   13  255   54   14   12  255   56   15   11  255   49   20   14  255   35   27   25  255   23   27   26  255   20   29   26  255   18   24   20  255   28   29   24  255   30   29   25  255   28   26   27  255   34   28   30  255   37   23   23  255   42   21   18  255   47   16   13  255   48   17   12  255   39   14    9  255   44   26   22  255   33   25   22  255   29   25   24  255   25   25   27  255   58   56   59  255   44   35   36  255
   45   35   34  255   62   53   54  255   26   24   25  255   27   29   26  255   27   32   26  255   25   26   20  255   31   23   21  255   38   24   23  255   36   25   21  255   29   22   16  255   26   28   23  255   20   29   24  255   24   30   26  255   30   35   31  255   24   24   22  255   26   25   23  255   29   25   26  255   28   22   22  255   33   23   24  255   40   28   30  255   35   23   23  255   36   24   24  255   37   27   26  255   29   23   23  255   24   24   24  255   31   31   31  255   33   27   29  255   34   24   25  255   54   39   42  255
