   25   25
   46   36   37  255   47   39   37  255   47   44   39  255   54   54   44  255   28   28   18  255   46   46   34  255   36   36   24  255   38   34   25  255   55   41   38  255   47   33   32  255   54   46   44  255   42   38   35  255   48   45   40  255   42   41   36  255   36   37   29  255   36   38   27  255   43   36   28  255   44   37   27  255   46   39   29  255   35   31   20  255   41   38   29  255   49   46   37  255   51   47   38  255   40   36   27  255   52   45   39  255
   49   43   43  255   43   37   37  255   50   47   42  255   37   34   27  255   49   46   37  255   38   35   26  255   43   40   31  255   49   42   36  255   55   41   40  255   50   39   37  255   38   34   31  255   49   48   43  255   36   31   27  255   46   41   35  255   35   35   25  255   51   48   39  255   45   38   30  255   46   39   31  255   49   45   36  255   50   46   37  255   55   52   43  255   32   29   20  255   41   36   30  255   57   52   46  255   36   29   23  255
   43   43   43  255   38   37   35  255   41   37   34  255   47   42   38  255   45   40   36  255   52   47   41  255   32   24   21  255   52   42   40  255   53   41   41  255   47   39   37  255   41   44   37  255   49   52   45  255   31   24   16  255   63   54   45  255   47   39   28  255   39   33   21  255   51   44   38  255   48   43   39  255   49   44   38  255   32   29   22  255   48   45   38  255   39   36   29  255   49   46   41  255   54   51   44  255   55   50   44  255
   37   37   35  255   44   43   41  255   37   32   29  255   55   45   43  255   44   33   29  255   51   40   36  255   54   40   39  255   56   40   40  255   42   26   26  255   52   42   40  255   45   46   40  255   36   39   30  255   44   37   31  255   54   41   33  255   49   39   29  255   39   30   21  255   55   47   44  255   40   35   32  255   52   47   43  255   38   35   30  255   39   36   31  255   54   51   46  255   35   32   27  255   41   38   33  255   46   43   36  255
   52   47   43  255   35   30   26  255   40   33   27  255   58   47   41  255   30   13    6  255   16    0    0  255   24    0    0  255   40   16   14  255   64   40   40  255   52   34   32  255   53   48   44  255   36   33   28  255   44   34   32  255   43   32   30  255   51   37   34  255   50   39   35  255   48   38   36  255   48   40   37  255   40   32   29  255   58   53   49  255   40   35   31  255   46   41   37  255   43   40   35  255   36   33   28  255   42   39   34  255
   56   51   47  255   42   35   29  255   44   33   27  255   33   12    7  255   46    6    6  255  189  139  140  255   74   22   24  255   74   22   24  255   38    0    0  255   57   22   20  255   55   34   31  255   44   33   29  255   53   43   41  255   52   42   41  255   42   30   32  255   44   32   32  255   38   30   27  255   49   44   38  255   57   52   46  255   40   35   29  255   38   33   27  255   40   35   29  255   37   34   29  255   55   52   47  255   35   34   29  255
   29   25   22  255   38   30   27  255   59   41   37  255   49    7    8  255  130   53   61  255  157   60   71  255  246  144  155  255  219  122  129  255  124   39   44  255   82   16   17  255   32    0    0  255   50   25   21  255   52   41   37  255   39   31   29  255   45   34   38  255   49   39   40  255   59   54   48  255   33   31   19  255   43   40   31  255   43   40   31  255   43   40   31  255   44   41   32  255   46   43   36  255   29   26   19  255   34   31   26  255
   31   31   29  255   51   43   41  255   35   14   13  255   79   27   31  255  168   67   81  255  185   58   77  255  178   45   62  255  191   63   76  255  244  128  137  255  194   95  100  255  148   72   74  255   63    7    6  255   30    0    0  255   49   28   25  255   41   21   22  255   50   36   35  255   38   29   22  255   55   51   40  255   33   26   16  255   48   41   31  255   49   42   32  255   56   49   41  255   32   28   19  255   44   39   33  255   38   35   28  255
   44   45   47  255   52   46   48  255   40   15   18  255   70   13   22  255  167   60   78  255  194   58   80  255  194   51   71  255  191   49   65  255  183   43   56  255  212   80   91  255  233  112  121  255  184   80   87  255  162   86   88  255   55    0    0  255   46    6    4  255   46   18   14  255   47   28   22  255   81   66   61  255   55   40   35  255   59   44   39  255   48   35   29  255   46   33   27  255   44   33   27  255   39   32   24  255   47   43   34  255
   41   41   41  255   34   28   28  255   48   28   29  255   46    0    5  255  126   35   50  255  164   45   64  255  194   63   81  255  197   56   72  255  200   53   69  255  194   46   60  255  188   43   56  255  218   88   98  255  209  102  108  255  180   95   98  255  127   66   63  255   57   14    8  255   35    8    1  255   78   58   51  255   65   45   38  255   38   19   12  255   79   60   53  255  101   84   76  255   48   35   27  255   43   34   25  255   47   43   32  255
   46   41   37  255   51   44   38  255   54   45   38  255   30    6    2  255   71   21   24  255   94   17   25  255  146   46   58  255  163   42   57  255  196   57   76  255  198   51   69  255  198   53   70  255  193   55   70  255  175   48   59  255  203   94  100  255  215  131  131  255  159  100   94  255  102   69   54  255  136  115   98  255   23    2    0  255   43   21    7  255   80   58   45  255   79   61   49  255   57   43   32  255   46   38   27  255   37   33   22  255
   38   29   20  255   52   45   35  255   45   41   30  255   40   30   21  255   32    7    3  255   39    0    0  255   85   19   23  255  111   21   31  255  151   36   51  255  179   48   66  255  192   55   73  255  189   51   67  255  189   56   73  255  236  122  132  255  214  134  133  255  175  125  116  255  180  152  138  255  187  170  152  255  119  102   86  255  184  167  151  255   42   23    9  255   45   29   16  255   58   44   33  255   48   40   29  255   47   43   32  255
   40   30   18  255   53   45   32  255   34   28   16  255   52   43   34  255   42   32   23  255   43   24   18  255   25    0    0  255   44    0    0  255   90   13   21  255  121   20   34  255  144   25   44  255  180   53   72  255  184   61   81  255  223  126  137  255  156  107  102  255  181  161  150  255  200  190  180  255  209  202  192  255  133  124  115  255    8    0    0  255   43   30   22  255   46   33   25  255   47   37   28  255   45   36   27  255   35   31   20  255
   56   48   37  255   43   35   24  255   46   39   29  255   47   40   32  255   49   42   36  255   66   59   53  255    9    0    0  255   25    4    0  255   60   16   17  255   94   25   30  255  124   30   44  255  157   50   66  255  168   61   77  255  216  133  143  255  149  114  108  255  170  160  150  255  160  156  147  255  177  172  166  255  131  123  120  255   11    2    0  255   65   54   50  255   50   39   35  255   48   39   32  255   56   49   41  255   45   41   30  255
   41   38   33  255   38   35   30  255   37   34   29  255   48   43   40  255   37   27   26  255   43   33   31  255   58   53   47  255   43   34   27  255   28    9    2  255   42    5    0  255   64    5    7  255  104   29   34  255  105   22   32  255  151   78   85  255  155  115  113  255  195  176  169  255  107   96   90  255   60   51   44  255  151  140  136  255   18    5    0  255  117  104   98  255   46   33   27  255   41   30   24  255   44   37   29  255   46   43   34  255
   36   35   31  255   44   43   39  255   46   45   41  255   38   34   31  255   54   44   43  255   52   42   41  255   41   38   33  255   41   38   29  255   55   48   38  255   41   24   16  255   41    8    3  255   45    0    0  255   57    1    4  255   98   43   48  255  161  126  124  255  183  160  154  255  209  192  182  255  191  177  166  255  102   85   75  255  103   84   77  255   41   24   17  255   44   29   24  255   53   42   36  255   51   44   36  255   49   49   39  255
   41   42   36  255   51   52   46  255   41   40   35  255   37   34   29  255   53   48   44  255   35   27   24  255   52   47   43  255   46   41   35  255   40   33   27  255   39   28   24  255   54   36   32  255   46   25   22  255   50   22   21  255   29    1    0  255   93   72   69  255  169  150  143  255  159  138  121  255  211  189  168  255   36   10    0  255  135  112   96  255  118   95   87  255   42   23   17  255   59   45   42  255   53   46   40  255   43   40   31  255
   44   44   36  255   32   32   24  255   44   44   36  255   52   49   42  255   47   42   38  255   43   38   34  255   65   57   54  255   30   22   19  255   49   41   38  255   43   35   32  255   49   41   38  255   51   41   39  255   42   31   27  255   32   18   15  255   35   21   18  255   32   15    7  255   28    9    0  255   62   40   17  255   60   35   15  255   49   26   10  255   81   58   50  255   59   40   36  255   50   39   37  255   42   37   33  255   40   37   28  255
   58   55   48  255   42   39   32  255   45   42   35  255   49   44   38  255   35   30   26  255   43   35   32  255   38   30   27  255   59   51   48  255   40   35   31  255   48   43   39  255   39   34   28  255   46   39   33  255   35   28   22  255   38   29   24  255   54   43   39  255   44   31   23  255   38   26   12  255  142  129  113  255   74   58   42  255   48   30   18  255   52   35   28  255   54   40   39  255   44   36   34  255   24   21   16  255   41   41   29  255
   32   27   21  255   48   43   37  255   59   54   48  255   32   27   21  255   48   40   37  255   34   26   23  255   64   56   53  255   44   39   35  255   55   50   46  255   29   24   20  255   43   38   32  255   53   48   42  255   49   44   38  255   46   39   33  255   49   40   35  255   45   36   29  255   39   32   22  255   40   34   22  255   42   32   22  255   38   25   16  255   45   34   30  255   51   41   40  255   45   40   37  255   46   43   38  255   44   44   32  255
   51   44   38  255   48   41   35  255   41   34   28  255   45   38   32  255   44   36   33  255   35   27   24  255   54   49   45  255   35   30   26  255   44   39   35  255   57   54   49  255   52   49   42  255   32   29   22  255   46   43   36  255   47   42   36  255   50   46   37  255   46   42   33  255   46   46   38  255   37   37   27  255   35   31   22  255   63   56   48  255   47   37   35  255   45   37   35  255   36   32   29  255   37   36   31  255   56   56   44  255
   45   38   32  255   45   38   32  255   34   27   21  255   60   53   47  255   37   29   26  255   54   49   45  255   35   30   26  255   47   44   39  255   48   45   40  255   38   35   30  255   43   43   35  255   32   32   24  255   41   38   31  255   43   40   33  255   38   34   25  255   47   44   35  255   39   40   32  255   48   49   41  255   44   39   33  255   43   36   30  255   42   34   31  255   49   41   38  255   54   51   46  255   40   40   32  255   33   33   21  255
   46   41   35  255   43   38   32  255   50   43   37  255   50   43   37  255   47   42   38  255   36   31   27  255   49   44   40  255   43   40   35  255   39   36   29  255   43   43   35  255   44   44   36  255   48   48   40  255   54   51   42  255   39   36   27  255   43   39   30  255   41   38   29  255   46   46   36  255   47   47   37  255   29   22   14  255   53   44   37  255   52   43   36  255   51   42   37  255   41   36   30  255   37   37   27  255   45   45   33  255
   40   35   29  255   48   43   37  255   42   37   31  255   38   33   27  255   48   43   39  255   56   53   48  255   45   42   37  255   42   39   34  255   48   48   40  255   42   42   34  255   44   44   36  255   43   43   35  255   47   44   35  255   41   37   28  255   60   56   47  255   36   32   23  255   38   35   26  255   39   36   27  255   62   53   44  255   46   36   27  255   48   38   29  255   40   31   22  255   48   44   35  255   44   42   30  255   58   58   48  255
   29   26   19  255   46   43   36  255   49   46   39  255   51   48   41  255   31   28   23  255   47   44   39  255   44   41   36  255   35   34   29  255   43   43   35  255   37   37   29  255   42   42   34  255   44   41   34  255   33   29   20  255   53   46   38  255   37   28   21  255   48   39   32  255   40   36   25  255   57   53   42  255   35   25   16  255   52   39   31  255   49   36   28  255   59   49   39  255   38   31   21  255   43   41   29  255   35   35   25  255
