   25   25
   38   32   32  255   42   38   35  255   38   38   30  255   36   38   25  255   38   39   25  255   55   56   40  255   39   39   27  255   43   40   31  255   55   43   43  255   44   34   35  255   47   45   48  255   43   45   44  255   41   40   38  255   38   37   32  255   52   49   40  255   37   37   25  255   37   39   28  255   35   37   26  255   58   55   48  255   46   41   35  255   40   32   29  255   39   34   30  255   52   49   42  255   41   41   33  255   55   56   48  255
   32   26   26  255   61   57   54  255   42   39   32  255   48   48   38  255   51   51   39  255   22   22   10  255   52   52   42  255   37   34   27  255   53   43   42  255   44   34   35  255   39   37   38  255   42   42   40  255   34   30   27  255   56   53   46  255   38   35   26  255   41   41   29  255   38   40   29  255   51   51   43  255   39   34   30  255   36   28   25  255   46   36   34  255   41   33   30  255   46   43   38  255   55   55   47  255   39   40   32  255
   53   49   46  255   37   34   29  255   43   38   34  255   45   40   36  255   40   37   32  255   37   36   31  255   55   56   51  255   37   33   30  255   42   32   31  255   45   35   34  255   43   42   38  255   39   38   33  255   45   36   31  255   56   47   40  255   41   39   27  255   43   43   31  255   45   42   37  255   43   38   35  255   37   27   26  255   56   44   44  255   50   38   38  255   45   35   34  255   36   31   27  255   50   49   44  255   36   37   29  255
   33   30   23  255   44   39   33  255   57   47   45  255   53   43   41  255   45   35   34  255   51   43   41  255   52   42   41  255   45   35   34  255   52   38   37  255   40   30   28  255   43   43   35  255   44   44   34  255   47   38   31  255   48   39   32  255   32   25   17  255   49   45   36  255   44   39   35  255   47   39   36  255   43   31   31  255   45   31   31  255   56   44   44  255   56   46   44  255   43   38   34  255   40   37   32  255   30   30   22  255
   53   44   35  255   58   49   40  255   47   36   30  255   57   44   38  255   25    5    4  255   17    0    0  255   20    0    0  255   37   11   12  255   72   48   46  255   57   44   38  255   30   32   21  255   36   42   30  255   44   41   34  255   40   32   29  255   55   41   40  255   46   32   31  255   44   35   28  255   46   37   28  255   40   29   23  255   63   52   46  255   48   39   32  255   51   44   36  255   37   32   26  255   35   32   25  255   46   41   37  255
   44   35   28  255   38   28   19  255   56   41   34  255   40   15   10  255   52    8    9  255  190  135  138  255   83   27   30  255   75   20   23  255   37    0    0  255   41   10    7  255   54   41   33  255   51   48   39  255   39   36   29  255   36   28   25  255   56   42   42  255   58   44   43  255   43   34   27  255   42   36   24  255   57   49   38  255   33   25   14  255   47   38   29  255   43   36   26  255   41   38   29  255   41   38   31  255   48   43   37  255
   49   44   41  255   43   32   28  255   68   44   40  255   41    0    0  255  133   51   57  255  166   66   74  255  237  136  142  255  215  123  128  255  122   42   45  255   79   15   16  255   35    0    0  255   42   17   13  255   35   24   20  255   52   47   43  255   49   41   39  255   46   41   37  255   46   42   33  255   44   40   29  255   49   42   32  255   42   33   24  255   55   46   37  255   51   44   34  255   49   47   35  255   38   38   28  255   43   43   35  255
   40   38   39  255   55   45   44  255   46   20   19  255   85   29   30  255  176   72   81  255  181   55   67  255  180   53   62  255  191   67   75  255  246  132  140  255  192   95  102  255  146   67   72  255   70   11   15  255   32    0    0  255   45   24   21  255   42   24   20  255   51   38   32  255   49   42   34  255  107  100   90  255   52   39   31  255   55   38   30  255   62   45   37  255   43   29   20  255   53   45   34  255   45   41   30  255   30   32   21  255
   32   31   36  255   54   45   48  255   36   14   16  255   68   13   18  255  163   58   72  255  193   61   75  255  191   49   63  255  196   51   64  255  190   48   60  255  210   76   87  255  230  110  120  255  188   87   95  255  156   80   82  255   70   12   10  255   57   12    7  255   54   24   16  255   35   16    9  255   90   73   66  255   46   21   16  255   64   35   29  255   56   23   18  255   71   42   36  255   63   43   34  255   49   36   27  255   42   39   30  255
   34   34   36  255   47   41   41  255   45   29   29  255   48    6    8  255  129   43   54  255  159   42   58  255  192   61   75  255  195   53   67  255  200   49   64  255  199   47   62  255  193   48   63  255  213   81   94  255  216  107  113  255  207  118  120  255  132   64   61  255   52    5    0  255   33    4    0  255   72   49   43  255   56   25   20  255   77   42   36  255   75   36   31  255  123   88   82  255   74   47   38  255   57   40   32  255   40   33   23  255
   53   48   42  255   34   30   21  255   48   41   33  255   39   18   13  255   67   18   21  255   92   19   26  255  147   51   62  255  161   45   58  255  191   53   68  255  209   61   77  255  196   44   59  255  199   53   66  255  186   50   62  255  200   85   92  255  216  130  131  255  166  105  102  255  108   71   63  255  139  110  102  255   36    3    0  255   46   12    2  255   73   39   29  255   85   55   44  255   49   25   15  255   53   36   26  255   47   36   30  255
   38   32   18  255   47   43   31  255   34   32   20  255   50   41   34  255   37   13   11  255   34    0    0  255   87   25   30  255  108   22   31  255  150   38   50  255  171   40   54  255  201   59   73  255  195   50   65  255  186   45   61  255  248  128  138  255  206  124  126  255  181  128  124  255  184  151  144  255  189  164  157  255  120   93   84  255  184  157  146  255   46   20    7  255   51   29   16  255   58   40   28  255   46   33   24  255   62   53   46  255
   44   41   24  255   49   46   31  255   57   53   41  255   40   31   24  255   44   30   27  255   66   45   44  255   27    0    0  255   45    0    0  255   90   15   20  255  118   21   30  255  144   30   40  255  181   59   72  255  178   56   71  255  232  132  142  255  162  106  105  255  178  149  143  255  203  185  181  255  221  208  202  255  131  116  109  255   13    0    0  255   59   47   35  255   45   36   21  255   45   39   25  255   56   52   40  255   41   38   29  255
   45   41   29  255   52   48   37  255   42   38   29  255   45   38   32  255   66   56   54  255   36   25   21  255   14    0    0  255   30    5    1  255   61   17   16  255   92   28   29  255  118   31   39  255  155   55   67  255  169   64   78  255  208  125  133  255  155  114  110  255  179  162  154  255  163  154  149  255  176  168  165  255  139  128  122  255   10    0    0  255   69   56   47  255   51   41   29  255   60   54   42  255   49   47   35  255   40   40   32  255
   55   49   49  255   32   26   26  255   53   47   47  255   52   47   44  255   42   32   30  255   45   36   31  255   61   58   51  255   35   28   18  255   24    5    0  255   38    3    0  255   63    4    6  255  103   28   35  255  111   28   38  255  149   78   84  255  154  114  112  255  196  177  170  255  106   97   90  255   62   53   48  255  157  140  133  255   24    1    0  255  131  106   99  255   84   59   52  255   78   61   53  255   32   21   15  255   44   41   36  255
   42   36   40  255   49   43   45  255   47   43   42  255   44   40   37  255   41   33   30  255   36   29   23  255   48   48   38  255   55   55   45  255   52   45   35  255   38   19   12  255   41    6    4  255   52    2    5  255   62    1    8  255   99   44   47  255  158  125  120  255  181  163  153  255  205  192  183  255  190  178  166  255  108   86   75  255  101   72   64  255   46   16    8  255   66   37   31  255   45   25   18  255   48   35   29  255   43   35   32  255
   44   36   34  255   48   43   40  255   41   40   35  255   32   31   26  255   47   42   36  255   32   25   17  255   64   57   49  255   34   27   19  255   50   43   35  255   52   42   33  255   63   44   38  255   35   10    6  255   54   20   19  255   33    2    0  255   92   69   63  255  163  147  134  255  156  139  121  255  208  187  166  255   32    5    0  255  139  111   97  255  117   91   78  255   53   31   18  255   44   27   17  255   50   37   28  255   56   45   39  255
   42   34   31  255   48   43   39  255   42   42   34  255   38   38   30  255   39   36   27  255   52   45   37  255   38   29   22  255   50   41   34  255   55   48   40  255   44   40   31  255   49   40   33  255   38   25   19  255   62   43   39  255   31   12    6  255   39   22   15  255   38   22    9  255   27    9    0  255   68   46   23  255   65   38   19  255   62   35   18  255   70   47   33  255   51   33   19  255   49   37   25  255   43   33   23  255   57   44   36  255
   52   44   41  255   27   22   18  255   40   40   32  255   55   55   47  255   43   40   31  255   38   31   23  255   52   43   36  255   43   36   28  255   34   29   23  255   44   39   33  255   51   42   37  255   58   47   41  255   45   27   23  255  133  116  109  255   31   16    9  255   33   19    8  255   52   35   19  255  154  133  116  255   51   25   10  255   61   35   22  255   56   34   23  255   87   70   60  255   88   75   66  255   54   44   35  255   41   30   24  255
   44   36   33  255   57   52   48  255   34   34   26  255   40   40   32  255   47   44   35  255   46   42   33  255   52   45   37  255   48   41   33  255   43   38   32  255   43   40   33  255   54   47   41  255   39   30   25  255   69   55   52  255   24    9    4  255   66   53   47  255   57   44   35  255   51   34   24  255   55   35   24  255   52   30   19  255   61   38   30  255   53   34   27  255   47   33   24  255   44   34   25  255   34   25   18  255   56   47   40  255
   37   29   26  255   52   47   43  255   43   40   33  255   38   38   30  255   39   36   27  255   56   52   43  255   44   37   31  255   40   35   29  255   51   48   43  255   42   39   34  255   47   42   38  255   56   49   43  255   41   30   26  255   56   45   39  255   53   44   37  255   38   27   21  255   46   33   25  255  105   88   81  255   68   49   43  255   54   35   31  255   49   31   27  255   44   31   25  255   58   49   42  255   51   44   38  255   57   50   44  255
   36   28   25  255   48   43   39  255   37   34   27  255   48   45   38  255   51   48   39  255   28   24   15  255   55   50   44  255   32   27   21  255   47   44   39  255   34   33   28  255   44   41   36  255   41   36   32  255   34   24   22  255   61   52   47  255   45   38   32  255   40   33   27  255   50   39   35  255   49   35   34  255   48   32   32  255   43   28   25  255   47   33   30  255   47   36   32  255   43   36   30  255   53   48   42  255   45   40   34  255
   55   47   44  255   47   39   36  255   49   44   38  255   39   36   29  255   41   38   29  255   42   39   30  255   49   46   39  255   45   42   35  255   43   42   37  255   38   37   32  255   47   43   40  255   42   37   33  255   55   50   46  255   47   40   34  255   38   33   27  255   58   51   45  255   48   40   38  255   43   33   32  255   41   29   29  255   56   45   43  255   52   42   40  255   43   35   32  255   39   34   28  255   52   49   42  255   39   36   29  255
   58   50   47  255   43   35   32  255   44   39   33  255   36   31   25  255   52   49   40  255   46   43   34  255   31   28   21  255   48   45   38  255   36   35   30  255   39   38   33  255   40   36   33  255   32   28   25  255   46   43   38  255   47   42   38  255   37   32   28  255   45   40   36  255   48   43   40  255   51   43   41  255   45   37   35  255   51   43   40  255   50   42   39  255   39   34   28  255   50   47   40  255   42   39   32  255   31   31   23  255
   45   37   34  255   45   37   34  255   51   44   38  255   54   49   43  255   36   33   24  255   46   43   34  255   37   37   29  255   36   36   28  255   44   43   38  255   34   33   29  255   47   46   42  255   47   46   42  255   39   38   34  255   46   43   38  255   45   42   37  255   43   40   35  255   38   35   30  255   42   37   33  255   45   40   36  255   36   31   25  255   45   40   34  255   52   48   39  255   47   44   35  255   43   43   33  255   46   48   37  255
