   25   25
   53   35   33  255   43   29   26  255   54   46   44  255   42   38   35  255   43   42   38  255   61   56   52  255   45   34   28  255   58   38   31  255   54   16   15  255   67   18   21  255   65    4   12  255   73    5   18  255   76    4   18  255   70    0    9  255   76    7   12  255   63    9    9  255   69   34   40  255   54   40   40  255   38   38   28  255   44   48   34  255   37   35   22  255   47   38   29  255   50   37   31  255   55   41   38  255   37   29   27  255
   50   39   35  255   49   40   35  255   47   42   39  255   45   41   38  255   50   45   42  255   45   34   30  255   57   33   29  255   56   18   17  255   87   31   34  255   98   27   35  255  128   46   60  255  131   42   60  255  136   45   63  255  130   42   56  255  133   50   58  255  100   29   33  255   62    9   15  255   55   25   27  255   47   40   32  255   30   34   20  255   45   42   33  255   54   47   39  255   58   47   43  255   43   32   28  255   46   41   37  255
   32   32   22  255   44   44   36  255   35   31   28  255   44   39   36  255   45   34   32  255   49   23   22  255   66   18   18  255  106   35   41  255  180   84   96  255  175   59   78  255  207   79  104  255  204   71  100  255  204   78  102  255  203   81  102  255  202   85  101  255  170   66   77  255  140   50   60  255   75   14   19  255   55   34   31  255   38   38   30  255   52   53   47  255   27   26   21  255   47   40   34  255   44   37   31  255   41   43   32  255
   35   37   26  255   46   47   39  255   40   36   33  255   50   40   39  255   58   37   36  255   52   10   12  255   95   22   29  255  153   56   67  255  205   88  106  255  222   90  114  255  247  104  134  255  241   96  125  255  235   97  122  255  237  104  125  255  231   99  120  255  223   98  114  255  187   75   89  255  114   31   39  255   58   23   21  255   42   33   28  255   42   41   37  255   46   45   41  255   54   46   43  255   36   32   23  255   46   50   36  255
   53   46   36  255   35   31   22  255   41   36   33  255   45   31   31  255   51   19   20  255   91   30   35  255  156   59   70  255  222  105  121  255  227  108  128  255  227  105  128  255  219   95  119  255  224   98  120  255  227  101  122  255  230  103  124  255  228   96  119  255  235  103  126  255  204   79   95  255  139   42   51  255   50    2    2  255   56   37   33  255   43   33   31  255   54   49   46  255   40   30   28  255   50   43   35  255   32   34   21  255
   41   35   23  255   49   45   34  255   40   35   31  255   59   41   41  255   57   17   18  255  104   31   38  255  183   71   85  255  234  105  125  255  220   98  121  255  218   98  123  255  219   97  122  255  226  104  127  255  227  104  124  255  225   98  119  255  235   98  126  255  235   96  125  255  216   80  100  255  139   27   39  255   69    0    2  255   81   39   40  255   60   32   31  255   51   33   31  255   48   34   31  255   41   34   28  255   42   43   35  255
   34   38   21  255   47   49   35  255   51   46   42  255   48   28   29  255   60   16   17  255  102   25   31  255  180   63   79  255  237  104  125  255  230  101  129  255  233  104  135  255  234  101  132  255  227   92  122  255  229   97  121  255  239  102  128  255  239   98  133  255  219   73  109  255  187   45   71  255  194   67   86  255  134   34   44  255   78    3    7  255   58    4    4  255   47   12   10  255   54   36   34  255   48   40   37  255   42   43   38  255
   40   47   29  255   46   48   34  255   45   40   34  255   56   35   34  255   58   12   14  255  110   31   37  255  185   64   79  255  240  102  125  255  231  101  129  255  224   97  127  255  220   91  121  255  223   95  120  255  220   97  117  255  220   97  118  255  223   92  124  255  227   93  126  255  230   98  122  255  228  105  123  255  179   72   82  255  164   75   79  255  111   45   46  255   68   27   25  255   50   31   27  255   38   34   31  255   50   50   48  255
   48   50   36  255   30   30   18  255   53   45   42  255   66   45   44  255   62   16   18  255  103   24   30  255  191   66   84  255  227   88  111  255  217   88  116  255  181   63   89  255  159   48   67  255  155   53   66  255  145   53   56  255  146   54   59  255  151   48   65  255  159   53   73  255  151   51   63  255  153   56   65  255  150   58   63  255  142   62   63  255  139   78   77  255   92   53   48  255   37   24   18  255   46   47   42  255   28   30   27  255
   44   44   32  255   39   36   27  255   40   35   31  255   51   33   31  255   53   15   14  255  105   39   41  255  156   50   62  255  177   59   75  255  151   46   63  255  126   32   46  255   88    1    7  255   84    4    3  255   84   14    4  255   82   14    3  255   86   12   11  255   75    1    2  255   81   13   10  255   77   12    8  255   83   15   12  255   89   28   25  255   77   28   24  255   52   21   16  255   40   31   24  255   46   49   42  255   35   37   32  255
   29   29   19  255   53   53   45  255   44   43   38  255   48   41   35  255   45   25   18  255   58   19   12  255  109   43   44  255  123   51   52  255   74   14   13  255   58    3    0  255  119   59   49  255  165  106   88  255  138   82   57  255  137   86   59  255  131   83   61  255  182  139  120  255   92   57   37  255  109   78   60  255   54   22   11  255   60   31   25  255   42   17   13  255   62   44   40  255   42   37   31  255   28   29   21  255   49   46   39  255
   51   50   45  255   36   35   30  255   34   33   28  255   48   43   37  255   49   39   29  255   45   23   12  255   58   21   13  255   56   18    9  255   52   20    9  255   42    9    0  255  148  105   86  255  197  149  126  255  241  192  160  255  237  191  158  255  227  183  154  255  255  225  199  255  255  238  213  255  199  181  159  255   35   22    6  255   56   43   35  255   56   42   39  255   45   35   33  255   43   38   32  255   47   44   35  255   49   42   34  255
   24   25   20  255   48   47   42  255   45   40   36  255   46   37   30  255   58   48   39  255   57   45   33  255   39   21   11  255   48   28   17  255   46   24   13  255   36   10    0  255  133   98   78  255  191  149  124  255  242  195  165  255  247  194  163  255  250  190  166  255  247  190  171  255  238  197  179  255  212  185  168  255   38   22    9  255   33   22   16  255   44   33   31  255   54   44   42  255   53   46   40  255   38   31   23  255   46   37   30  255
   32   34   29  255   47   46   41  255   50   43   37  255   46   35   29  255   50   40   31  255   44   35   26  255   50   41   32  255   34   24   15  255   46   27   20  255   42   15    4  255  116   80   64  255  177  135  113  255  192  144  121  255  202  150  126  255  251  194  174  255  242  189  173  255  240  198  184  255  185  157  146  255   37   25   13  255   57   50   40  255   51   44   38  255   45   38   32  255   49   40   35  255   39   30   25  255   49   40   33  255
   55   56   51  255   31   30   25  255   43   36   28  255   44   34   25  255   61   50   44  255   44   33   27  255   53   43   41  255   53   39   38  255   37   16   13  255   51   17   15  255   57   12    6  255  130   80   69  255  141   94   78  255  133   92   74  255  135  107   85  255  137  112   92  255  139  112  103  255   52   32   25  255   45   39   27  255   47   48   34  255   33   31   18  255   41   37   26  255   45   38   32  255   57   49   46  255   47   39   36  255
   35   36   30  255   39   40   32  255   38   35   26  255   42   35   25  255   52   42   33  255   38   27   21  255   59   51   49  255   43   31   31  255   41   13   12  255   87   46   44  255  120   62   58  255   80   17    8  255   75   15    5  255   65   21    8  255   30   13    0  255   21   14    0  255   31   17    8  255   46   33   27  255   57   55   43  255   42   44   31  255   37   37   25  255   47   44   35  255   47   42   38  255   42   37   33  255   41   36   32  255
   30   33   22  255   45   51   39  255   40   48   33  255   41   43   30  255   44   34   24  255   58   48   39  255   37   34   29  255   37   26   22  255   55   24   21  255   80   27   19  255  118   44   31  255  114   31   17  255  112   29   21  255   91   31   21  255   39   21    7  255   26   27   13  255   36   29   21  255   40   33   27  255   34   31   26  255   36   37   32  255   49   48   46  255   48   47   43  255   38   37   33  255   32   29   24  255   44   41   36  255
   44   41   32  255   42   44   33  255   42   50   37  255   37   43   31  255   31   24   14  255   34   27   19  255   27   28   23  255   32   22   20  255   60   25   23  255  159  102   95  255  252  179  164  255  249  170  155  255  244  167  159  255  203  148  141  255   21    4    0  255   27   28   20  255   29   26   19  255   30   27   22  255   33   29   28  255   31   29   30  255   28   28   30  255   37   37   37  255   48   47   45  255   46   45   40  255   50   47   42  255
   58   40   38  255   43   29   28  255   37   33   30  255   21   22   17  255   33   32   28  255   23   24   19  255   22   28   28  255   28   22   24  255   55   19   23  255  158  107  104  255  206  152  140  255  204  152  138  255  207  163  154  255  182  151  146  255   22   12   10  255   26   25   21  255   29   26   21  255   26   23   18  255   29   25   24  255   25   23   24  255   20   20   22  255   26   26   26  255   39   38   36  255   43   42   37  255   29   26   21  255
   52   32   33  255   46   30   31  255   27   21   23  255   27   27   29  255   23   25   24  255   30   34   33  255   20   24   27  255   35   29   31  255   42   12   14  255  111   72   67  255  215  182  165  255  192  161  143  255   34    0    0  255   27    0    0  255   40   18   20  255   33   19   19  255   34   24   22  255   30   27   22  255   29   25   24  255   28   26   27  255   29   29   31  255   25   25   25  255   26   25   23  255   37   36   31  255   47   44   39  255
   52   42   41  255   31   25   25  255   28   27   32  255   26   29   34  255   23   27   30  255   25   26   28  255   29   27   30  255   32   22   23  255   31   14    7  255   40   22    8  255   42   30    4  255   31    9    0  255   67   17   10  255   76   16   18  255   75   20   25  255   56   17   18  255   38   20   16  255   29   26   21  255   30   26   25  255   27   25   26  255   29   27   30  255   27   25   26  255   25   24   22  255   36   35   30  255   37   34   29  255
   46   45   40  255   26   26   24  255   19   20   24  255   27   30   35  255   22   27   30  255   26   27   29  255   31   22   25  255   43   25   25  255   66   41   34  255   73   47   32  255   83   58   36  255   65   24    6  255  134   56   56  255  143   52   59  255  114   33   39  255   92   36   37  255   48   24   20  255   27   24   19  255   31   27   26  255   26   24   25  255   23   21   24  255   29   27   28  255   26   25   23  255   23   22   17  255   43   38   34  255
   36   42   30  255   22   27   20  255   28   28   30  255   22   23   28  255   26   34   36  255   17   21   20  255   36   22   22  255   57   25   26  255  114   63   60  255  129   66   61  255  106   39   30  255  148   65   59  255  187   71   82  255  186   64   77  255  152   51   55  255  132   64   63  255   58   30   26  255   29   26   21  255   32   28   27  255   30   28   29  255   28   26   29  255   31   29   30  255   27   26   24  255   25   24   19  255   54   49   45  255
   46   55   38  255   26   32   20  255   28   26   27  255   27   26   31  255   20   28   30  255   26   30   29  255   37   25   25  255   42   11    9  255   92   36   37  255  127   57   57  255  130   55   52  255  139   50   52  255  144   36   49  255  149   39   52  255  142   52   54  255   96   35   32  255   47   24   18  255   26   21   17  255   28   24   23  255   28   26   27  255   31   29   32  255   27   25   26  255   25   24   22  255   47   44   39  255   43   38   34  255
   46   54   33  255   34   38   24  255   26   25   23  255   26   25   30  255   26   30   33  255   24   28   29  255   27   26   24  255   40   25   22  255   47   12   10  255   57   12    9  255   60   12   10  255   58    8    7  255   70   13   20  255   62    7   13  255   62   14   14  255   53   18   14  255   37   22   17  255   32   27   23  255   30   26   25  255   30   26   27  255   24   22   25  255   25   23   24  255   29   25   24  255   44   41   36  255   48   43   39  255
