   25   25
   42   43   37  255   34   35   29  255   32   32   30  255   49   50   44  255   46   46   34  255   47   47   35  255   27   28   22  255   37   41   44  255   38   43   62  255   27   36   69  255   13   25   75  255    3   18   75  255   13   29   80  255    6   27   72  255    1   23   62  255   17   36   66  255   28   39   59  255   33   37   46  255   42   46   47  255   39   40   34  255   39   35   24  255   45   41   29  255   50   52   41  255   43   47   32  255   42   46   23  255
   41   40   35  255   36   35   30  255   38   34   31  255   60   55   51  255   33   30   23  255   37   36   32  255   39   42   49  255   35   44   61  255   12   29   57  255   40   61  104  255   64   86  144  255   82  106  170  255   47   71  131  255   49   76  131  255   69   99  149  255   29   56   99  255   11   32   63  255   19   34   53  255   36   45   54  255   30   32   31  255   48   43   37  255   61   54   46  255   28   25   18  255   41   41   31  255   32   33   17  255
   49   44   38  255   51   44   38  255   45   31   30  255   57   43   43  255   44   32   34  255   47   43   57  255   13   24   52  255   24   49   90  255   60   97  149  255   85  129  192  255   92  136  211  255  107  149  231  255   27   68  147  255   34   78  153  255   99  146  218  255   87  132  197  255   59   98  153  255   19   51   92  255   11   31   56  255   49   55   67  255   31   22   23  255   52   36   36  255   45   33   37  255   57   48   51  255   35   32   27  255
   52   44   41  255   45   35   33  255   58   42   42  255   48   33   36  255   56   46   57  255   24   28   53  255   24   46   93  255   83  122  181  255  118  172  236  255  133  192  255  255  121  178  255  255   50  105  187  255   48  101  181  255   49  105  182  255  124  181  255  255  127  183  255  255  121  172  237  255   81  122  176  255   17   45   85  255   23   35   61  255   44   38   48  255   51   36   39  255   52   37   44  255   43   32   38  255   53   49   48  255
   55   50   47  255   40   35   32  255   47   37   36  255   44   38   42  255   21   24   43  255   27   45   81  255   84  123  180  255  135  188  254  255  134  199  255  255  126  194  255  255  133  194  255  255  120  179  247  255  116  173  240  255  122  183  248  255  132  200  255  255  129  193  255  255  142  196  255  255  137  182  241  255   88  119  173  255   34   51   94  255   29   32   51  255   43   38   45  255   44   38   42  255   42   38   39  255   32   31   27  255
   43   42   37  255   40   39   34  255   43   38   34  255   23   24   28  255   19   30   52  255   40   68  108  255   98  143  208  255  136  196  255  255  126  196  255  255  126  196  255  255  132  194  253  255  134  195  252  255  133  193  253  255  134  196  255  255  124  193  252  255  128  194  254  255  136  195  255  255  147  195  255  255   97  133  195  255   37   61  109  255   12   20   43  255   39   40   45  255   32   31   29  255   40   39   34  255   46   46   38  255
   33   37   20  255   22   26   11  255   42   42   30  255   51   57   57  255    5   20   43  255   32   60  107  255   88  133  200  255  137  196  255  255  130  196  254  255  128  195  247  255  134  196  247  255  131  191  245  255  137  196  254  255  131  190  250  255  135  195  255  255  130  192  253  255  130  190  250  255  138  194  255  255   93  137  202  255   29   59  109  255   18   31   48  255   41   43   40  255   46   46   36  255   35   33   20  255   41   42   28  255
   44   47   30  255   44   47   30  255   34   36   22  255   39   45   45  255   13   29   54  255   29   60  106  255   92  136  207  255  138  194  255  255  129  190  247  255  136  198  247  255  140  198  248  255  136  189  243  255  147  199  255  255  136  190  252  255  135  189  249  255  138  197  255  255  133  195  252  255  135  194  252  255   89  137  203  255   31   62  116  255   17   30   49  255   41   43   40  255   42   40   28  255   39   37   22  255   48   46   34  255
   47   43   34  255   38   35   26  255   38   36   24  255   37   41   42  255   18   34   57  255   32   65  110  255   85  132  202  255  141  197  255  255  134  189  253  255  135  187  244  255  128  174  233  255  125  170  229  255  134  178  241  255  130  176  236  255  123  174  231  255  132  187  241  255  133  195  246  255  141  201  255  255   85  133  199  255   27   58  113  255   20   30   57  255   41   38   45  255   38   30   28  255   50   43   37  255   52   49   42  255
   53   43   41  255   49   39   37  255   46   37   30  255   46   46   48  255    6   21   44  255   32   63  109  255   91  135  206  255  145  194  255  255  141  187  247  255   76  116  167  255   35   66  113  255   41   68  115  255   41   69  117  255   46   77  124  255   28   63  105  255   74  119  161  255  132  190  236  255  142  202  255  255   89  134  199  255   30   59  115  255   13   20   48  255   46   40   50  255   52   43   44  255   39   32   26  255   32   31   26  255
   61   45   46  255   51   35   35  255   45   30   27  255   18   11   18  255   12   22   49  255   30   54  102  255   97  135  206  255  151  194  255  255  111  143  192  255    7   30   62  255   12   18   42  255   21   22   40  255   19   20   40  255   10   15   34  255   18   29   49  255    8   34   61  255  104  152  198  255  148  203  255  255   88  134  196  255   34   64  114  255   10   18   39  255   21   16   20  255   32   25   19  255   45   41   32  255   42   45   36  255
   47   27   26  255   15    0    0  255   71   48   42  255  149  133  134  255   37   38   58  255   50   68  108  255  104  135  199  255  171  206  255  255  104  131  178  255    0   11   44  255   25   27   48  255   31   29   43  255   32   30   44  255   32   31   47  255   18   21   38  255    2   19   49  255   52   92  144  255  150  199  255  255  103  139  197  255   40   62  103  255   42   40   51  255  150  135  128  255   65   47   35  255   19    5    0  255   37   35   23  255
   46   23   17  255  180  153  144  255  197  165  150  255  220  193  182  255   65   53   57  255    3    7   32  255   50   72  122  255  108  138  198  255   66   93  146  255    0   20   67  255   10   25   68  255    4   18   57  255    9   25   61  255    9   25   61  255   10   24   61  255    2   20   68  255   57   90  157  255  107  140  207  255   47   71  119  255    8   12   37  255   73   53   46  255  227  191  169  255  204  166  145  255  181  150  132  255   41   25   12  255
   43   23   12  255  195  172  158  255  205  174  154  255  231  202  186  255  197  182  177  255   32   30   44  255   47   61  100  255   31   53  103  255   61   81  131  255  112  133  180  255  110  128  176  255  115  136  181  255  108  131  175  255  105  126  169  255  116  129  173  255  123  137  186  255   62   86  146  255   31   53  110  255   48   64  100  255   28   26   40  255  209  182  171  255  241  200  178  255  221  180  160  255  198  165  146  255   45   27   15  255
   47   35   23  255  122  106   93  255  127  104   90  255  132  110   99  255  123  112  110  255   45   41   55  255   25   30   62  255   13   22   61  255   36   42   76  255   41   47   79  255   42   52   87  255   31   45   80  255   33   52   85  255   36   50   85  255   46   50   88  255   41   45   82  255   26   39   73  255    6   23   51  255   24   36   58  255   41   44   53  255  128  110  108  255  139  112  101  255  122   96   83  255  130  111   97  255   32   29   14  255
   48   40   29  255   33   23   13  255   35   18    8  255   36   21   14  255   21   13   11  255   70   67   76  255   73   75  100  255   16   20   49  255   38   40   63  255   35   37   60  255   34   40   66  255   31   41   68  255   28   39   69  255   32   41   72  255   33   32   66  255   37   36   67  255   34   41   60  255   11   23   37  255   71   81   93  255   69   72   81  255   17    7    8  255   38   23   20  255   35   20   13  255   25   15    5  255   31   32   18  255
   42   35   25  255   41   34   26  255   52   43   38  255   37   29   26  255   29   25   22  255   39   38   44  255   41   42   62  255   22   26   51  255   42   47   67  255   29   34   54  255   25   31   53  255   28   34   58  255   31   34   65  255   25   28   61  255   30   29   63  255   31   31   59  255   44   51   69  255   22   30   43  255   32   38   50  255   38   41   50  255   30   28   33  255   40   34   34  255   50   42   39  255   52   45   39  255   42   40   28  255
   44   40   31  255   43   40   33  255   46   45   43  255   41   39   40  255   22   20   21  255   28   28   30  255    9    8   14  255   36   36   44  255   75   78   87  255   51   57   71  255   57   63   87  255   51   58   87  255   53   57   94  255   54   58   95  255   55   55   89  255   60   60   86  255   74   74   84  255   31   32   36  255   14   18   27  255   15   19   28  255   24   27   34  255   32   33   37  255   34   30   31  255   51   43   40  255   48   39   32  255
   38   40   27  255   52   55   46  255   20   26   26  255   25   30   36  255   25   25   35  255   12   10   11  255  139  132  113  255   11    5    0  255   18   16    3  255   50   53   58  255   83   94  124  255   59   74  117  255   62   76  121  255   65   78  120  255   90   94  131  255   47   44   65  255   21   12    5  255   18   10    0  255  127  128  130  255   10   17   27  255   17   25   36  255   23   27   36  255   30   25   29  255   55   44   42  255   52   37   34  255
   57   59   48  255   30   35   29  255   20   29   34  255   11   23   37  255   53   60   86  255   70   76   90  255   17   18    2  255  230  228  203  255  143  141  126  255   12   13   17  255    9   16   45  255   10   24   63  255    1   17   53  255   10   23   57  255   11   16   46  255   17   15   29  255  148  140  129  255  236  230  218  255   11   18   26  255   65   80   99  255   46   64   86  255   10   23   40  255   22   23   28  255   43   33   34  255   55   37   37  255
   32   24   22  255   35   33   34  255   17   27   36  255    0   19   43  255   49   72  116  255   75   98  140  255   17   36   53  255  142  156  159  255   92   97  100  255   18   18   26  255   26   25   43  255   18   19   40  255   26   30   42  255   22   26   37  255   22   26   37  255   12   15   22  255   95   96   98  255  144  151  161  255   13   34   65  255   70   98  138  255   43   75  114  255    9   34   64  255   18   28   40  255   35   30   34  255   63   48   51  255
   50   40   39  255   28   24   25  255   22   31   38  255    2   20   44  255   64   91  138  255  111  138  191  255   75  101  138  255   40   60   85  255   48   57   74  255   42   44   56  255   37   33   47  255   29   23   33  255   27   25   26  255   27   29   26  255   27   33   33  255   41   48   54  255   50   57   73  255   42   56   83  255   78  101  145  255  106  136  186  255   71  102  146  255   26   51   81  255   21   33   45  255   24   24   26  255   44   34   35  255
   44   37   31  255   30   26   23  255   23   27   28  255   14   26   40  255    9   28   61  255   71   94  138  255   82  104  151  255   86  105  145  255   73   85  111  255   39   42   59  255   35   31   45  255   29   22   30  255   30   26   25  255   20   22   19  255   31   41   42  255   33   46   55  255   67   78  106  255   93  105  145  255   80   98  146  255   71   92  137  255   24   44   79  255   17   34   54  255   16   25   30  255   21   23   18  255   55   50   46  255
   44   41   34  255   32   31   27  255   23   25   24  255   22   26   35  255   19   30   50  255   14   29   58  255   13   28   69  255   20   35   74  255   20   30   55  255   17   23   39  255   25   23   34  255   25   20   24  255   34   33   29  255   25   27   24  255   18   28   29  255   16   30   41  255   19   30   60  255   18   30   68  255   24   36   76  255   14   24   59  255   16   27   47  255   20   29   38  255   24   30   28  255   21   24   15  255   46   45   40  255
   45   44   42  255   30   30   30  255   28   27   32  255   26   27   32  255   20   23   28  255   22   26   35  255   20   26   42  255   17   22   41  255   19   25   39  255   22   26   35  255   21   25   28  255   29   31   28  255   19   22   15  255   23   28   22  255   23   28   32  255   15   23   34  255   16   27   47  255   17   24   50  255   19   24   44  255   26   28   41  255   22   23   27  255   24   24   22  255   21   22   16  255   39   42   33  255   35   38   31  255
