   25   25
   44   29   36  255   50   40   41  255   39   34   30  255   49   45   36  255   49   38   36  255   56   42   41  255   47   35   35  255   41   40   46  255   19   34   55  255   16   41   71  255    5   31   68  255    1   24   66  255   12   24   76  255   11   21   74  255   14   24   73  255   10   18   55  255   31   31   55  255   40   39   45  255   47   53   43  255   43   50   32  255   43   44   26  255   44   41   26  255   47   36   30  255   43   32   26  255   45   39   27  255
   49   37   41  255   48   40   38  255   54   51   44  255   27   24   17  255   52   43   44  255   45   39   43  255   32   31   39  255   40   47   65  255   24   47   78  255   30   64  102  255   49   86  130  255   60   94  142  255   61   86  143  255   56   78  136  255   65   90  146  255   44   65  112  255   16   24   60  255   45   50   69  255   26   32   30  255   33   37   23  255   40   41   27  255   39   35   23  255   40   32   29  255   44   36   33  255   56   53   44  255
   45   40   36  255   39   36   29  255   46   46   36  255   39   40   34  255   37   38   43  255   30   37   53  255    8   24   50  255   42   70  107  255  119  159  210  255   76  127  184  255  112  166  226  255  102  157  221  255  105  158  226  255  110  160  231  255  109  162  230  255   80  125  190  255   68   97  155  255   14   29   72  255   37   45   58  255   40   41   36  255   38   35   26  255   48   45   38  255   47   45   46  255   36   37   41  255   33   35   34  255
   36   37   23  255   40   41   27  255   41   41   29  255   39   41   38  255   36   44   55  255   15   31   57  255   19   48   90  255   78  119  171  255  114  164  225  255  125  183  247  255  135  199  255  255  133  198  255  255  126  193  255  255  137  204  255  255  130  195  255  255  126  185  253  255  110  152  224  255   35   61  118  255   31   41   68  255   45   44   50  255   46   41   37  255   43   38   32  255   39   39   41  255   38   41   46  255   27   31   32  255
   43   47   24  255   39   40   22  255   44   42   30  255   34   34   36  255   21   29   50  255   24   46   85  255   86  123  178  255  137  185  247  255  142  196  255  255  138  197  255  255  134  195  252  255  126  191  247  255  125  191  249  255  123  189  247  255  132  197  255  255  137  197  255  255  109  159  232  255   51   89  152  255    4   20   54  255   52   54   67  255   39   31   29  255   42   33   26  255   39   35   32  255   44   44   44  255   39   41   40  255
   27   31    8  255   35   36   18  255   39   35   26  255   40   39   47  255   18   27   56  255   41   65  111  255   91  132  194  255  143  196  255  255  136  192  253  255  134  193  249  255  129  188  244  255  134  195  252  255  134  199  255  255  134  201  255  255  125  190  248  255  141  202  255  255   99  157  230  255   34   82  148  255    0   20   65  255   34   44   71  255   44   41   50  255   52   43   44  255   46   41   38  255   37   33   30  255   42   41   39  255
   52   53   37  255   39   37   25  255   48   40   38  255   46   42   56  255   15   26   58  255   29   57  105  255   93  138  203  255  137  194  255  255  132  191  249  255  135  194  250  255  137  193  254  255  134  192  255  255  134  195  255  255  128  191  255  255  133  196  255  255   99  164  232  255   66  133  203  255   93  153  216  255   37   82  139  255    0   22   65  255   12   19   47  255   22   18   32  255   46   37   40  255   46   36   35  255   46   37   38  255
   46   44   31  255   38   34   25  255   43   34   35  255   41   37   51  255   18   29   59  255   25   53  101  255   99  144  211  255  144  198  255  255  141  197  255  255  130  184  244  255  130  179  246  255  130  179  248  255  126  176  247  255  130  184  254  255  128  183  250  255  125  183  247  255  130  190  253  255  133  191  254  255   91  139  201  255  105  138  192  255   57   71  110  255   36   36   60  255   41   31   39  255   45   33   33  255   58   49   50  255
   50   48   36  255   46   43   34  255   43   38   34  255   44   44   52  255   17   29   55  255   36   63  110  255   93  131  204  255  127  174  254  255  127  175  247  255   91  136  204  255   62  100  171  255   66  100  171  255   76  111  177  255   62  100  162  255   68  109  165  255   68  111  164  255   67  108  162  255   67  106  165  255   77  112  178  255   78  107  167  255  106  120  167  255   69   73  102  255   24   18   30  255   54   44   45  255   35   29   29  255
   51   48   41  255   40   37   30  255   51   48   41  255   35   36   38  255   10   21   39  255   48   67  107  255   68   96  161  255   92  125  196  255   61   95  156  255   42   72  126  255   17   39   89  255   13   27   74  255   22   33   78  255   18   30   68  255   18   34   68  255   12   31   64  255   16   35   75  255   16   37   82  255   18   39   92  255   23   43   93  255   29   43   80  255   40   46   70  255   35   32   39  255   38   33   30  255   38   34   31  255
   38   32   36  255   49   45   44  255   42   39   32  255   38   39   34  255   33   38   44  255   24   32   53  255   60   74  113  255   65   80  121  255   20   36   62  255   13   22   37  255   73   72   78  255  129  119  120  255  113   93   94  255  115   93   95  255  111   91   93  255  154  138  148  255   64   60   75  255   77   78   99  255   18   23   45  255   35   42   61  255   13   21   34  255   25   33   36  255   49   51   46  255   46   46   36  255   43   40   31  255
   36   27   32  255   50   44   44  255   36   33   24  255   45   45   37  255   55   55   55  255   22   22   32  255   29   32   51  255   24   27   46  255   21   24   29  255   21   18   11  255  124  109   90  255  182  158  132  255  226  190  166  255  227  186  164  255  228  187  169  255  255  224  214  255  255  238  238  255  200  185  190  255   29   17   21  255   30   24   24  255   50   51   46  255   37   43   33  255   40   43   32  255   42   44   33  255   31   27   18  255
   48   38   36  255   59   50   45  255   50   43   33  255   53   49   38  255   41   36   33  255   42   38   39  255   27   22   29  255   34   29   33  255   35   32   27  255   21   14    0  255  123  106   78  255  185  159  124  255  233  197  163  255  248  205  173  255  239  195  166  255  236  195  173  255  238  201  193  255  208  177  174  255   39   15    5  255   62   44   32  255   57   50   34  255   35   33   18  255   39   39   27  255   42   42   34  255   57   49   46  255
   51   42   35  255   41   32   25  255   38   31   21  255   47   43   34  255   38   33   29  255   57   52   49  255   42   36   36  255   31   26   23  255   28   24   21  255   24   17    9  255  103   90   74  255  166  145  126  255  177  146  125  255  191  155  131  255  234  197  170  255  230  194  170  255  236  200  188  255  184  151  142  255   50   24   11  255   61   44   28  255   43   35   16  255   43   40   23  255   44   41   32  255   44   41   36  255   49   40   41  255
   57   50   44  255   32   27   21  255   46   43   36  255   41   38   33  255   36   35   33  255   47   46   44  255   39   40   35  255   41   41   43  255   23   22   36  255   34   31   52  255   26   18   39  255   98   87  104  255  116   98  112  255  118   96   99  255  134  110   98  255  134  111   95  255  142  118  108  255   48   28   19  255   47   37   27  255   55   51   39  255   38   36   23  255   50   48   36  255   51   46   40  255   39   33   33  255   36   30   34  255
   41   38   29  255   38   35   26  255   47   42   36  255   44   41   36  255   45   43   44  255   44   44   44  255   31   33   28  255   31   36   39  255   13   18   40  255   61   64   99  255   94   96  137  255   40   38   77  255   37   28   59  255   44   31   49  255   18    7    5  255   22    9    0  255   31   18   10  255   42   31   25  255   44   41   32  255   39   41   30  255   29   31   20  255   47   47   37  255   43   38   34  255   51   43   41  255   37   28   31  255
   55   55   43  255   45   43   31  255   42   33   24  255   46   37   32  255   47   41   45  255   39   37   42  255   24   28   27  255   24   34   36  255   23   34   56  255   35   45   81  255   85   93  139  255   92   96  141  255   58   54   87  255   56   51   71  255   23   21   22  255   27   27   19  255   32   29   24  255   32   29   24  255   34   33   28  255   38   39   31  255   45   45   37  255   40   40   32  255   37   32   26  255   47   40   34  255   43   33   31  255
   35   35   23  255   46   44   32  255   47   38   31  255   46   36   34  255   28   22   26  255   33   32   37  255   22   26   27  255   14   22   25  255   29   34   53  255  127  131  158  255  191  192  222  255  199  196  223  255  200  191  212  255  167  159  172  255   11    9   12  255   26   26   24  255   26   26   24  255   27   28   23  255   22   23   18  255   28   29   23  255   29   28   23  255   31   31   23  255   48   45   38  255   42   37   31  255   52   43   38  255
   35   30   26  255   42   37   33  255   37   33   32  255   25   23   24  255   28   27   32  255   23   24   28  255   24   25   27  255   24   23   28  255   43   33   44  255  137  120  130  255  185  164  159  255  190  166  156  255  192  168  158  255  171  150  145  255   23    9    9  255   33   24   27  255   30   28   29  255   22   24   23  255   27   29   28  255   30   32   29  255   27   28   23  255   30   29   24  255   38   35   30  255   43   38   32  255   46   37   32  255
   50   41   44  255   34   28   30  255   23   21   22  255   28   30   29  255   22   24   23  255   23   27   26  255   27   31   32  255   28   28   30  255   24   13   17  255   98   79   75  255  207  182  162  255  181  156  134  255   21    1    0  255   17    2    5  255   24   18   30  255   23   21   35  255   27   28   33  255   23   24   26  255   27   28   30  255   23   25   24  255   24   24   22  255   23   24   19  255   21   20   16  255   43   40   35  255   49   42   36  255
   47   35   45  255   40   34   38  255   25   26   21  255   25   28   19  255   27   30   19  255   24   29   22  255   18   27   26  255   24   30   30  255   18   20   15  255   43   41   29  255   69   64   45  255   20   17   10  255   24   28   53  255   21   35   72  255   21   40   80  255   13   32   62  255   18   26   39  255   31   32   37  255   26   27   32  255   25   26   30  255   27   29   28  255   26   26   24  255   31   30   26  255   37   34   29  255   35   30   24  255
   51   41   49  255   27   23   24  255   30   31   26  255   25   28   19  255   27   29   16  255   22   25   16  255   25   33   35  255   17   28   32  255   43   52   57  255   85   94   99  255  123  132  137  255   32   45   64  255   71   92  147  255   75  104  170  255   56   92  152  255   41   70  114  255   20   31   51  255   21   21   29  255   25   26   31  255   27   28   32  255   25   26   28  255   28   28   28  255   26   25   23  255   24   20   17  255   36   31   27  255
   49   48   43  255   26   25   21  255   21   20   25  255   27   27   29  255   31   28   23  255   31   30   25  255   19   24   27  255   26   35   50  255   78   91  125  255   78   92  137  255   53   71  119  255   79  103  163  255  105  136  219  255   89  125  213  255   93  132  209  255   79  110  165  255   34   44   69  255   21   21   29  255   29   30   35  255   26   27   31  255   25   25   27  255   30   30   30  255   22   21   19  255   33   29   26  255   48   43   39  255
   48   50   39  255   22   23   18  255   31   30   38  255   28   25   34  255   32   28   27  255   28   27   23  255   23   27   30  255   23   30   48  255   37   49   91  255   71   86  141  255   69   89  148  255   60   85  152  255   62   88  172  255   57   88  170  255   59   93  157  255   41   68  113  255   18   26   45  255   27   28   33  255   27   26   32  255   24   23   28  255   27   27   29  255   28   26   27  255   27   23   22  255   34   28   28  255   43   35   33  255
   50   52   47  255   33   33   31  255   27   26   32  255   25   22   29  255   26   26   28  255   25   25   25  255   25   26   30  255   22   24   37  255   16   21   51  255   17   26   65  255   13   27   66  255   12   27   70  255    7   20   72  255   12   26   71  255   12   32   59  255   11   27   42  255   18   23   29  255   26   25   30  255   26   24   29  255   29   27   30  255   26   24   27  255   25   23   24  255   29   25   24  255   44   38   38  255   47   39   37  255
