   22   42
    0    0    0    0    0    0    0    0    0    0    0    0    0    0    0    0    0    0    0    0    0    0    0    0    0    0    0    0    0    0    0    0    0    0    0    0    0    0    0    0    0    0    0    0    0    0    0    0    0    0    0    0    0    0    0    0    0    0    0    0    0    0    0    0    0    0    0    0    0    0    0    0    0    0    0    0    0    0    0    0    0    0    0    0    0    0    0    0
    0    0    0    0    0    0    0    0    0    0    0    0    0    0    0    0    0    0    0    0    0    0    0    0    0    0    0    0    0    0    0    0    0    0    0    0   31   31   31  255   31   31   31  255   31   31   31  255   31   31   31  255    0    0    0    0    0    0    0    0    0    0    0    0    0    0    0    0    0    0    0    0    0    0    0    0    0    0    0    0    0    0    0    0    0    0    0    0
    0    0    0    0    0    0    0    0    0    0    0    0    0    0    0    0    0    0    0    0   31   31   31  255   31   31   31  255   31   31   31  255   31   31   31  255  118  118  118  255  118  118  118  255  118  118  118  255  118  118  118  255   31   31   31  255   31   31   31  255   31   31   31  255   31   31   31  255    0    0    0    0    0    0    0    0    0    0    0    0    0    0    0    0    0    0    0    0
    0    0    0    0    0    0    0    0    0    0    0    0   31   31   31  255   31   31   31  255  118  118  118  255  118  118  118  255  118  118  118  255  118  118  118  255  118  118  118  255  118  118  118  255  118  118  118  255  118  118  118  255  118  118  118  255  118  118  118  255  118  118  118  255  118  118  118  255   31   31   31  255   31   31   31  255    0    0    0    0    0    0    0    0    0    0    0    0
    0    0    0    0    0    0    0    0   31   31   31  255  118  118  118  255  118  118  118  255  118  118  118  255   31   31   31  255   31   31   31  255   31   31   31  255   31   31   31  255   31   31   31  255   31   31   31  255   31   31   31  255   31   31   31  255   31   31   31  255   31   31   31  255  118  118  118  255  118  118  118  255  118  118  118  255   31   31   31  255    0    0    0    0    0    0    0    0
    0    0    0    0   31   31   31  255  118  118  118  255  118  118  118  255  118  118  118  255   31   31   31  255    0    0    0    0    0    0    0    0    0    0    0    0    0    0    0    0    0    0    0    0    0    0    0    0    0    0    0    0    0    0    0    0    0    0    0    0   31   31   31  255   31   31   31  255  118  118  118  255  118  118  118  255  118  118  118  255   31   31   31  255    0    0    0    0
    0    0    0    0    0    0    0    0   31   31   31  255  118  118  118  255  118  118  118  255  118  118  118  255   31   31   31  255   31   31   31  255   31   31   31  255   31   31   31  255   31   31   31  255   31   31   31  255   31   31   31  255   31   31   31  255   31   31   31  255   31   31   31  255  118  118  118  255  118  118  118  255  118  118  118  255   31   31   31  255    0    0    0    0    0    0    0    0
    0    0    0    0    0    0    0    0    0    0    0    0   31   31   31  255   31   31   31  255  118  118  118  255  118  118  118  255  118  118  118  255  118  118  118  255  118  118  118  255  118  118  118  255  118  118  118  255  118  118  118  255  118  118  118  255  118  118  118  255  118  118  118  255  118  118  118  255   31   31   31  255   31   31   31  255    0    0    0    0    0    0    0    0    0    0    0    0
    0    0    0    0    0    0    0    0    0    0    0    0    0    0    0    0    0    0    0    0   31   31   31  255   31   31   31  255   31   31   31  255   31   31   31  255  118  118  118  255  118  118  118  255  118  118  118  255  118  118  118  255   31   31   31  255   31   31   31  255   31   31   31  255    0    0    0    0    0    0    0    0    0    0    0    0    0    0    0    0    0    0    0    0    0    0    0    0
    0    0    0    0    0    0    0    0    0    0    0    0    0    0    0    0    0    0    0    0    0    0    0    0   31   31   31  255   31   31   31  255  101  101  101  255   31   31   31  255   31   31   31  255   31   31   31  255   31   31   31  255  101  101  101  255   31   31   31  255   31   31   31  255    0    0    0    0    0    0    0    0    0    0    0    0    0    0    0    0    0    0    0    0    0    0    0    0
    0    0    0    0    0    0    0    0    0    0    0    0    0    0    0    0    0    0    0    0   31   31   31  255  101  101  101  255  101  101  101  255  154  154  154  255  154  154  154  255  194  194  194  255  101  101  101  255  154  154  154  255  154  154  154  255  101  101  101  255  101  101  101  255   31   31   31  255    0    0    0    0    0    0    0    0    0    0    0    0    0    0    0    0    0    0    0    0
    0    0    0    0    0    0    0    0    0    0    0    0    0    0    0    0   31   31   31  255  101  101  101  255  154  154  154  255  154  154  154  255  194  194  194  255  154  154  154  255  101  101  101  255  101  101  101  255  154  154  154  255  194  194  194  255  154  154  154  255  154  154  154  255  101  101  101  255   31   31   31  255    0    0    0    0    0    0    0    0    0    0    0    0    0    0    0    0
    0    0    0    0    0    0    0    0    0    0    0    0   31   31   31  255  101  101  101  255  154  154  154  255  194  194  194  255  194  194  194  255  194  194  194  255  194  194  194  255  154  154  154  255  154  154  154  255  194  194  194  255  194  194  194  255  194  194  194  255  194  194  194  255  154  154  154  255  101  101  101  255   31   31   31  255    0    0    0    0    0    0    0    0    0    0    0    0
    0    0    0    0    0    0    0    0   31   31   31  255  101  101  101  255  154  154  154  255  194  194  194  255  194  194  194  255  194  194  194  255  194  194  194  255  194  194  194  255  194  194  194  255  194  194  194  255  194  194  194  255  194  194  194  255  194  194  194  255  194  194  194  255  194  194  194  255  154  154  154  255  101  101  101  255   31   31   31  255    0    0    0    0    0    0    0    0
    0    0    0    0    0    0    0    0   31   31   31  255  101  101  101  255  154  154  154  255  194  194  194  255  194  194  194  255  194  194  194  255  194  194  194  255  194  194  194  255  194  194  194  255  194  194  194  255  194  194  194  255  194  194  194  255  194  194  194  255  194  194  194  255  194  194  194  255  154  154  154  255  101  101  101  255   31   31   31  255    0    0    0    0    0    0    0    0
    0    0    0    0    0    0    0    0   31   31   31  255  101  101  101  255  154  154  154  255  194  194  194  255  194  194  194  255  194  194  194  255  194  194  194  255  194  194  194  255  194  194  194  255  194  194  194  255  194  194  194  255  194  194  194  255  194  194  194  255  194  194  194  255  194  194  194  255  154  154  154  255  101  101  101  255   31   31   31  255    0    0    0    0    0    0    0    0
    0    0    0    0    0    0    0    0   31   31   31  255  101  101  101  255  154  154  154  255  194  194  194  255  194  194  194  255  194  194  194  255  194  194  194  255  194  194  194  255  194  194  194  255  194  194  194  255  194  194  194  255  194  194  194  255  194  194  194  255  194  194  194  255  194  194  194  255  154  154  154  255  101  101  101  255   31   31   31  255    0    0    0    0    0    0    0    0
    0    0    0    0    0    0    0    0   31   31   31  255  101  101  101  255  154  154  154  255  194  194  194  255  194  194  194  255  194  194  194  255  154  154  154  255  154  154  154  255  154  154  154  255  154  154  154  255  154  154  154  255  154  154  154  255  194  194  194  255  194  194  194  255  194  194  194  255  154  154  154  255  101  101  101  255   31   31   31  255    0    0    0    0    0    0    0    0
    0    0    0    0    0    0    0    0    0    0    0    0   31   31   31  255  101  101  101  255  154  154  154  255  154  154  154  255  154  154  154  255  194  194  194  255  194  194  194  255  194  194  194  255  194  194  194  255  194  194  194  255  194  194  194  255  154  154  154  255  154  154  154  255  154  154  154  255  101  101  101  255   31   31   31  255    0    0    0    0    0    0    0    0    0    0    0    0
    0    0    0    0    0    0    0    0    0    0    0    0   31   31   31  255  101  101  101  255  154  154  154  255  194  194  194  255  194  194  194  255  154  154  154  255  154  154  154  255  154  154  154  255  154  154  154  255  154  154  154  255  154  154  154  255  194  194  194  255  194  194  194  255  154  154  154  255  101  101  101  255   31   31   31  255    0    0    0    0    0    0    0    0    0    0    0    0
    0    0    0    0    0    0    0    0    0    0    0    0   31   31   31  255  101  101  101  255  154  154  154  255  154  154  154  255  154  154  154  255  101  101  101  255  101  101  101  255  101  101  101  255  101  101  101  255  101  101  101  255  101  101  101  255  154  154  154  255  154  154  154  255  154  154  154  255  101  101  101  255   31   31   31  255    0    0    0    0    0    0    0    0    0    0    0    0
    0    0    0    0    0    0    0    0    0    0    0    0   31   31   31  255  101  101  101  255  101  101  101  255  101  101  101  255  101  101  101  255   31   31   31  255   31   31   31  255   31   31   31  255   31   31   31  255   31   31   31  255   31   31   31  255  101  101  101  255  101  101  101  255  101  101  101  255  101  101  101  255   31   31   31  255    0    0    0    0    0    0    0    0    0    0    0    0
    0    0    0    0    0    0    0    0    0    0    0    0   31   31   31  255   31   31   31  255   31   31   31  255   31   31   31  255   31   31   31  255   33   33   33  255   33   33   33  255   33   33   33  255   33   33   33  255   33   33   33  255   33   33   33  255   31   31   31  255   31   31   31  255   31   31   31  255   31   31   31  255   31   31   31  255    0    0    0    0    0    0    0    0    0    0    0    0
    0    0    0    0    0    0    0    0    0    0    0    0   31   31   31  255   33   33   33  255  158  158  158  255  202  202  202  255  255  255  255  255  255  255  255  255  255  255  255  255  202  202  202  255  202  202  202  255  255  255  255  255  255  255  255  255  255  255  255  255  202  202  202  255  158  158  158  255   33   33   33  255   31   31   31  255    0    0    0    0    0    0    0    0    0    0    0    0
    0    0    0    0    0    0    0    0    0    0    0    0    0    0    0    0   31   31   31  255   58   58   58  255  202  202  202  255  255  255  255  255   31   31   31  255  255  255  255  255  202  202  202  255  202  202  202  255  255  255  255  255   31   31   31  255  255  255  255  255  202  202  202  255   58   58   58  255   31   31   31  255    0    0    0    0    0    0    0    0    0    0    0    0    0    0    0    0
    0    0    0    0    0    0    0    0    0    0    0    0    0    0    0    0    0    0    0    0   31   31   31  255   58   58   58  255  142  142  142  255  158  158  158  255  158  158  158  255  142  142  142  255  142  142  142  255  158  158  158  255  158  158  158  255  142  142  142  255   58   58   58  255   31   31   31  255    0    0    0    0    0    0    0    0    0    0    0    0    0    0    0    0    0    0    0    0
    0    0    0    0    0    0    0    0    0    0    0    0    0    0    0    0    0    0    0    0   31   31   31  255   31   31   31  255   58   58   58  255  142  142  142  255  142  142  142  255  142  142  142  255  142  142  142  255  142  142  142  255  142  142  142  255   58   58   58  255   31   31   31  255   31   31   31  255    0    0    0    0    0    0    0    0    0    0    0    0    0    0    0    0    0    0    0    0
    0    0    0    0    0    0    0    0    0    0    0    0    0    0    0    0   31   31   31  255  101  101  101  255  101  101  101  255   31   31   31  255   31   31   31  255   31   31   31  255   31   31   31  255   31   31   31  255   31   31   31  255   31   31   31  255   31   31   31  255  101  101  101  255  101  101  101  255   31   31   31  255    0    0    0    0    0    0    0    0    0    0    0    0    0    0    0    0
    0    0    0    0    0    0    0    0    0    0    0    0    0    0    0    0   31   31   31  255  101  101  101  255  101  101  101  255  101  101  101  255  101  101  101  255  101  101  101  255  101  101  101  255  101  101  101  255  101  101  101  255  101  101  101  255  101  101  101  255  101  101  101  255  101  101  101  255   31   31   31  255    0    0    0    0    0    0    0    0    0    0    0    0    0    0    0    0
    0    0    0    0    0    0    0    0    0    0    0    0    0    0    0    0   31   31   31  255  101  101  101  255   31   31   31  255   31   31   31  255  101  101  101  255  121  121  121  255  101  101  101  255  101  101  101  255  121  121  121  255  101  101  101  255   31   31   31  255   31   31   31  255  101  101  101  255   31   31   31  255    0    0    0    0    0    0    0    0    0    0    0    0    0    0    0    0
    0    0    0    0    0    0    0    0    0    0    0    0    0    0    0    0   31   31   31  255  101  101  101  255   31   31   31  255   31   31   31  255   31   31   31  255   31   31   31  255   31   31   31  255   31   31   31  255   31   31   31  255   31   31   31  255   31   31   31  255   31   31   31  255  101  101  101  255   31   31   31  255    0    0    0    0    0    0    0    0    0    0    0    0    0    0    0    0
    0    0    0    0    0    0    0    0    0    0    0    0    0    0    0    0   31   31   31  255  202  202  202  255   31   31   31  255   93   93   93  255   31   31   31  255   31   31   31  255   31   31   31  255   31   31   31  255   31   31   31  255   31   31   31  255   93   93   93  255   31   31   31  255  202  202  202  255   31   31   31  255    0    0    0    0    0    0    0    0    0    0    0    0    0    0    0    0
    0    0    0    0    0    0    0    0    0    0    0    0    0    0    0    0   31   31   31  255  202  202  202  255  101  101  101  255   31   31   31  255  118  118  118  255  118  118  118  255   31   31   31  255   31   31   31  255  118  118  118  255  118  118  118  255   31   31   31  255  101  101  101  255  202  202  202  255   31   31   31  255    0    0    0    0    0    0    0    0    0    0    0    0    0    0    0    0
    0    0    0    0    0    0    0    0    0    0    0    0    0    0    0    0   31   31   31  255  142  142  142  255  101  101  101  255   31   31   31  255  118  118  118  255  118  118  118  255   31   31   31  255   31   31   31  255  118  118  118  255  118  118  118  255   31   31   31  255  101  101  101  255  142  142  142  255   31   31   31  255    0    0    0    0    0    0    0    0    0    0    0    0    0    0    0    0
    0    0    0    0    0    0    0    0    0    0    0    0    0    0    0    0   31   31   31  255  142  142  142  255  101  101  101  255  101  101  101  255   31   31   31  255   31   31   31  255   31   31   31  255   31   31   31  255   31   31   31  255   31   31   31  255  101  101  101  255  101  101  101  255  142  142  142  255   31   31   31  255    0    0    0    0    0    0    0    0    0    0    0    0    0    0    0    0
    0    0    0    0    0    0    0    0    0    0    0    0    0    0    0    0    0    0    0    0   31   31   31  255  101  101  101  255  194  194  194  255  154  154  154  255  101  101  101  255   31   31   31  255   31   31   31  255  101  101  101  255  154  154  154  255  194  194  194  255  101  101  101  255   31   31   31  255    0    0    0    0    0    0    0    0    0    0    0    0    0    0    0    0    0    0    0    0
    0    0    0    0    0    0    0    0    0    0    0    0    0    0    0    0    0    0    0    0   31   31   31  255  101  101  101  255  154  154  154  255  154  154  154  255  101  101  101  255   31   31   31  255   31   31   31  255  101  101  101  255  154  154  154  255  154  154  154  255  101  101  101  255   31   31   31  255    0    0    0    0    0    0    0    0    0    0    0    0    0    0    0    0    0    0    0    0
    0    0    0    0    0    0    0    0    0    0    0    0    0    0    0    0    0    0    0    0   31   31   31  255  101  101  101  255  194  194  194  255  154  154  154  255  101  101  101  255   31   31   31  255   31   31   31  255  101  101  101  255  154  154  154  255  194  194  194  255  101  101  101  255   31   31   31  255    0    0    0    0    0    0    0    0    0    0    0    0    0    0    0    0    0    0    0    0
    0    0    0    0    0    0    0    0    0    0    0    0    0    0    0    0    0    0    0    0   31   31   31  255  101  101  101  255  154  154  154  255  154  154  154  255  101  101  101  255   31   31   31  255   31   31   31  255  101  101  101  255  154  154  154  255  154  154  154  255  101  101  101  255   31   31   31  255    0    0    0    0    0    0    0    0    0    0    0    0    0    0    0    0    0    0    0    0
    0    0    0    0    0    0    0    0    0    0    0    0    0    0    0    0    0    0    0    0   31   31   31  255   31   31   31  255  101  101  101  255  101  101  101  255   31   31   31  255    0    0    0    0    0    0    0    0   31   31   31  255  101  101  101  255  101  101  101  255   31   31   31  255    0    0    0    0    0    0    0    0    0    0    0    0    0    0    0    0    0    0    0    0    0    0    0    0
    0    0    0    0    0    0    0    0    0    0    0    0    0    0    0    0    0    0    0    0    0    0    0    0    0    0    0    0   31   31   31  255   31   31   31  255    0    0    0    0    0    0    0    0    0    0    0    0    0    0    0    0   31   31   31  255   31   31   31  255    0    0    0    0    0    0    0    0    0    0    0    0    0    0    0    0    0    0    0    0    0    0    0    0    0    0    0    0
    0    0    0    0    0    0    0    0    0    0    0    0    0    0    0    0    0    0    0    0    0    0    0    0    0    0    0    0    0    0    0    0    0    0    0    0    0    0    0    0    0    0    0    0    0    0    0    0    0    0    0    0    0    0    0    0    0    0    0    0    0    0    0    0    0    0    0    0    0    0    0    0    0    0    0    0    0    0    0    0    0    0    0    0    0    0    0    0
