   29   29
   48   38   29  255   37   28   21  255   64   55   56  255   33   28   25  255   58   51   43  255   42   38   27  255   60   55   51  255   41   38   33  255   46   46   36  255   37   28   19  255   55   27   23  255   58   19   14  255   56   11    5  255   64   14    7  255   65   11   11  255   65    9   10  255   67    7    9  255   61   15   18  255   44   21   31  255   56   51   58  255   40   42   41  255   37   39   34  255   53   45   42  255   46   35   33  255   48   39   34  255   44   35   30  255   52   41   39  255   48   39   34  255   35   32   25  255
   50   46   37  255   40   35   29  255   56   50   50  255   33   27   27  255   61   56   50  255   43   40   31  255   43   40   33  255   49   40   35  255   45   24   21  255   56   21   19  255   64    9   14  255  105   39   43  255  115   43   44  255  115   39   41  255  117   38   44  255  115   36   42  255  119   38   44  255  114   43   49  255   57    4   14  255   49   18   24  255   46   41   38  255   40   43   36  255   32   27   21  255   48   39   34  255   46   37   32  255   66   57   52  255   44   35   30  255   50   43   37  255   43   40   33  255
   30   36   26  255   44   47   40  255   45   39   41  255   43   37   39  255   39   38   33  255   45   46   38  255   34   34   26  255   60   39   36  255   68    7   15  255  202  111  128  255  134   22   46  255  182   60   83  255  182   55   74  255  185   58   75  255  183   56   75  255  187   62   80  255  182   60   75  255  182   61   76  255  143   27   38  255  120   35   40  255   45   21   17  255   40   43   34  255   43   43   31  255   59   55   44  255   49   40   33  255   34   27   19  255   49   46   37  255   34   34   26  255   45   42   35  255
   24   30   18  255   46   47   39  255   35   31   30  255   38   32   34  255   50   46   43  255   35   28   20  255   49   28   23  255   55    7    7  255  124   31   49  255  181   59   84  255  191   56   88  255  240   97  127  255  245   98  126  255  238   91  117  255  244   97  125  255  236   94  118  255  233   96  116  255  237   99  115  255  201   55   68  255  175   60   67  255   57   13   10  255   47   40   30  255   31   29   16  255   46   44   32  255   50   43   35  255   34   27   21  255   58   60   49  255   30   31   23  255   47   47   39  255
   51   43   30  255   55   48   38  255   35   32   27  255   49   45   42  255   47   38   33  255   67   39   35  255   68    6    7  255  129   38   45  255  177   58   80  255  234  104  132  255  222   98  126  255  224   97  126  255  228   95  126  255  233   98  130  255  233   98  130  255  231   98  127  255  231  104  125  255  229   98  116  255  235   92  112  255  185   63   76  255  107   42   40  255   48   19   11  255   49   39   30  255   44   41   34  255   46   38   35  255   51   46   42  255   40   41   33  255   36   39   30  255   47   48   40  255
   54   40   31  255   41   32   23  255   32   32   24  255   49   48   43  255   39   30   25  255   50   15   13  255  123   37   40  255  179   62   71  255  229   97  120  255  231   98  125  255  221  101  128  255  222  105  132  255  226  103  132  255  224   96  129  255  226   99  129  255  228  101  130  255  220   98  123  255  230  100  124  255  241   94  122  255  188   57   75  255  122   36   39  255   61   10    6  255   55   34   31  255   39   31   28  255   62   54   51  255   43   38   32  255   34   35   27  255   47   48   40  255   31   31   23  255
   45   31   28  255   50   41   36  255   46   45   41  255   29   30   25  255   56   55   51  255   50   19   16  255  129   33   35  255  191   61   71  255  233  102  120  255  228  100  123  255  221  101  126  255  214   97  123  255  221  102  130  255  223  103  131  255  225  101  129  255  226  102  130  255  225  102  131  255  229   98  130  255  241   90  123  255  201   59   83  255  132   25   33  255   78    8   10  255   75   43   46  255   48   36   36  255   37   28   21  255   48   44   33  255   40   37   28  255   36   31   27  255   52   42   43  255
   48   39   34  255   46   39   33  255   57   54   49  255   33   32   28  255   40   42   37  255   48   17   15  255  133   28   33  255  193   56   66  255  231   98  117  255  228  100  123  255  225  101  127  255  227  104  132  255  224  101  129  255  222   98  124  255  229  101  124  255  229   99  125  255  228   97  129  255  236   97  130  255  200   49   82  255  197   48   77  255  187   58   76  255  131   29   40  255   74    7   14  255   56   16   17  255   44   21   15  255   37   24   16  255   53   46   40  255   46   41   37  255   48   38   39  255
   45   43   30  255   57   53   42  255   44   37   29  255   48   43   39  255   38   37   35  255   50   14   16  255  142   31   40  255  195   53   69  255  229   95  119  255  230  100  128  255  232   99  130  255  230   95  127  255  235   98  126  255  234   96  119  255  239   98  117  255  242   96  117  255  244   94  123  255  243   92  123  255  239   90  119  255  243   95  121  255  242   92  119  255  197   56   75  255  180   59   68  255  128   36   39  255   63    9    9  255   65   39   38  255   38   30   27  255   41   42   37  255   55   58   49  255
   41   43   30  255   31   29   17  255   48   39   32  255   57   48   43  255   47   42   39  255   56   17   18  255  136   26   35  255  197   55   71  255  237   99  122  255  231   97  124  255  229   95  128  255  188   59   89  255  184   58   80  255  186   61   77  255  185   59   73  255  186   55   71  255  189   56   75  255  190   58   79  255  189   64   82  255  178   53   71  255  193   59   83  255  191   56   73  255  182   57   63  255  169   66   67  255  144   84   84  255   46   16   16  255   38   30   28  255   40   42   37  255   21   27   17  255
   55   58   51  255   41   40   35  255   51   42   37  255   49   38   32  255   47   43   34  255   55   20   14  255  128   30   29  255  191   56   63  255  197   54   72  255  193   55   80  255  178   58   83  255  131   28   49  255  121   34   43  255  116   34   38  255  125   40   47  255  120   35   42  255  117   35   39  255  117   37   40  255  114   35   40  255  119   40   45  255  117   38   44  255  118   39   42  255  118   40   36  255  110   45   39  255   93   48   43  255   44   19   15  255   48   40   37  255   56   57   52  255   46   45   41  255
   29   31   28  255   35   36   31  255   34   27   21  255   52   43   36  255   47   43   34  255   42   15    8  255  117   42   37  255  139   33   35  255  180   62   74  255  135   24   40  255  126   38   54  255   77    4   13  255   69    8    3  255   72   14    3  255   67    7    0  255   73   14    8  255   68   15    7  255   62   14    4  255   56   11    6  255   62   17   14  255   57   12    7  255   53    8    2  255   59   19   11  255   51   17    8  255   47   18   12  255   46   27   21  255   51   46   40  255   36   35   31  255   32   27   24  255
   33   34   29  255   56   57   51  255   49   46   39  255   48   45   38  255   28   27   23  255   47   33   30  255   55   14   12  255   98   40   39  255  106   44   47  255   69   13   16  255   50   11   12  255   52   18    9  255  175  130  107  255  199  148  117  255  183  127  100  255  179  127  103  255  177  130  110  255  172  135  117  255  255  248  239  255   44   19   12  255  166  133  124  255   56   28   17  255   66   49   41  255   34   23   17  255   64   51   45  255   51   40   36  255   32   31   26  255   32   33   27  255   60   55   49  255
   47   48   43  255   40   39   34  255   31   28   19  255   47   44   37  255   53   52   48  255   49   41   38  255   41   23   19  255   49   24   19  255   48   17   14  255   49   21   17  255   37   24   18  255   44   27   11  255  176  140  108  255  194  146  108  255  248  195  161  255  245  192  160  255  239  192  164  255  232  192  167  255  255  248  230  255  255  250  234  255  179  153  138  255   39   19    8  255   47   42   36  255   41   42   37  255   60   52   49  255   35   27   24  255   51   48   43  255   46   46   38  255   44   39   33  255
   29   29   27  255   45   42   37  255   64   55   48  255   29   20   13  255   63   56   50  255   43   39   30  255   52   46   34  255   38   26   14  255   49   27   16  255   48   25   17  255   42   29   21  255   35   18    2  255  174  138  106  255  197  149  111  255  243  188  158  255  247  190  161  255  245  186  156  255  250  194  161  255  243  195  159  255  229  190  159  255  183  154  136  255   41   23   13  255   34   29   23  255   37   33   30  255   50   38   38  255   55   44   42  255   47   40   34  255   37   30   22  255   48   41   35  255
   31   31   29  255   46   42   39  255   48   39   34  255   54   44   35  255   46   37   28  255   48   41   31  255   42   40   27  255   47   41   29  255   39   22   14  255   44   25   18  255   38   23   18  255   44   24   13  255  170  136  109  255  176  132  103  255  195  147  125  255  198  146  124  255  249  193  166  255  239  186  152  255  242  192  157  255  236  195  165  255  180  154  137  255   36   22   13  255   58   53   47  255   46   42   39  255   49   38   36  255   53   39   36  255   54   43   37  255   36   27   18  255   49   40   35  255
   56   55   53  255   42   38   35  255   37   32   26  255   54   45   38  255   36   28   17  255   60   52   41  255   47   40   30  255   56   52   43  255   45   37   34  255   38   26   26  255   41   23   23  255   40   15   11  255   54   22    9  255  168  132  116  255  170  134  120  255  172  136  122  255  184  152  131  255  183  153  129  255  186  155  135  255  175  149  134  255   41   24   16  255   50   41   36  255   52   49   44  255   35   32   27  255   50   41   36  255   40   29   23  255   49   36   28  255   62   52   43  255   52   45   39  255
   45   46   41  255   35   34   30  255   33   30   25  255   49   45   36  255   39   33   21  255   64   58   46  255   30   23   15  255   47   42   38  255   49   45   46  255   32   20   22  255   44   15   17  255   95   53   54  255   98   45   39  255   63    8    1  255   65   12    4  255   53   13    3  255   41   20    3  255   39   26    9  255   42   25   15  255   36   21   14  255   51   42   37  255   51   46   42  255   42   41   37  255   33   30   25  255   48   41   35  255   49   40   33  255   51   40   34  255   52   43   36  255   36   29   23  255
   25   28   21  255   49   50   44  255   44   44   36  255   31   28   19  255   47   44   35  255   32   29   20  255   49   44   38  255   58   53   50  255   37   33   34  255   42   23   25  255   61   15   17  255  149   75   76  255  133   35   34  255  137   32   29  255  136   39   33  255  111   43   34  255   48   24   12  255   31   29   17  255   30   23   15  255   49   42   36  255   43   35   32  255   57   52   48  255   49   46   41  255   45   42   37  255   43   40   35  255   50   45   39  255   47   40   34  255   36   27   22  255   53   46   40  255
   36   37   29  255   40   41   33  255   52   52   44  255   44   44   36  255   45   45   37  255   40   39   34  255   48   47   43  255   25   24   20  255   32   31   29  255   40   20   19  255  103   45   44  255   88    0    0  255  173   66   60  255  141   29   18  255  136   32   19  255  114   40   27  255   40   17   11  255   28   29   24  255   31   27   24  255   27   23   20  255   34   29   25  255   28   23   19  255   31   28   23  255   42   41   36  255   57   54   49  255   41   38   33  255   32   27   23  255   41   36   32  255   45   37   34  255
   46   42   33  255   47   44   37  255   43   42   37  255   43   42   38  255   28   27   23  255   27   28   23  255   25   25   23  255   29   31   26  255   25   28   21  255   42   23   17  255  104   39   37  255  255  188  181  255  255  193  170  255  255  193  166  255  255  191  163  255  249  197  176  255   43   24   20  255   26   24   27  255   27   22   26  255   31   27   26  255   28   27   23  255   30   29   25  255   30   29   25  255   30   29   25  255   30   26   23  255   47   43   40  255   60   56   53  255   44   40   37  255   51   48   43  255
   51   42   35  255   35   28   22  255   39   38   34  255   29   29   27  255   25   24   22  255   31   29   30  255   24   26   25  255   24   29   25  255   25   30   24  255   38   23   16  255  104   49   44  255  206  138  127  255  199  145  119  255  195  150  119  255  190  146  117  255  187  156  136  255   36   25   23  255   28   26   31  255   32   27   31  255   30   26   27  255   28   27   25  255   25   26   21  255   26   27   22  255   23   23   21  255   29   28   26  255   27   26   24  255   37   36   34  255   45   44   40  255   27   26   22  255
   49   34   29  255   54   43   39  255   27   26   22  255   24   24   24  255   33   28   32  255   30   25   29  255   29   29   31  255   24   25   27  255   27   29   28  255   30   23   17  255   50   21   15  255  185  145  135  255  238  201  183  255  185  154  136  255   40   23    7  255   32   24   13  255   29   26   21  255   28   27   25  255   29   25   24  255   30   26   25  255   28   24   23  255   30   29   27  255   28   28   26  255   28   30   29  255   25   27   26  255   24   26   25  255   30   32   29  255   38   39   34  255   46   45   41  255
   52   37   34  255   37   26   24  255   30   29   27  255   24   24   26  255   30   25   31  255   28   26   31  255   26   27   31  255   28   28   30  255   30   26   27  255   37   27   25  255   35   21   10  255   44   27   11  255   42   23    6  255   43   20    6  255   49   20   16  255   49   17   18  255   47   17   17  255   45   21   19  255   34   23   19  255   32   27   23  255   27   26   22  255   29   28   26  255   26   24   25  255   27   27   27  255   25   29   28  255   22   28   26  255   25   30   26  255   40   41   36  255   37   32   28  255
   61   50   48  255   37   29   27  255   28   26   27  255   24   25   27  255   28   29   33  255   24   28   31  255   21   30   29  255   27   27   27  255   42   23   25  255   38   17   14  255   34   25    8  255   86   85   57  255   85   88   57  255   48   26    5  255  112   33   39  255  133   30   47  255  125   33   44  255  109   40   43  255   47   16   11  255   37   28   21  255   26   27   22  255   23   25   24  255   35   29   33  255   27   22   26  255   23   24   26  255   26   32   30  255   22   27   21  255   26   27   21  255   48   38   36  255
   43   38   34  255   27   23   20  255   27   25   26  255   26   27   29  255   27   31   34  255   22   28   28  255   22   28   26  255   27   26   24  255   40   15   18  255   95   61   59  255  103   71   58  255   51   23    1  255   43   19    0  255   99   46   30  255  179   63   76  255  193   54   77  255  147   19   34  255  131   34   41  255   93   48   43  255   33   20   12  255   26   29   22  255   24   28   27  255   31   24   31  255   33   23   31  255   30   30   32  255   23   27   26  255   20   25   19  255   29   28   23  255   48   37   33  255
   39   45   35  255   28   31   24  255   27   27   27  255   25   26   28  255   24   30   30  255   23   27   28  255   26   26   26  255   34   25   26  255   45   23   25  255   86   42   43  255  153   73   74  255  156   58   55  255  166   67   61  255  187   75   73  255  192   56   68  255  200   53   71  255  198   57   73  255  173   63   72  255   99   48   44  255   39   25   16  255   28   30   25  255   25   31   29  255   30   23   30  255   32   22   30  255   30   25   29  255   26   26   24  255   27   28   22  255   33   33   25  255   64   53   49  255
   47   55   44  255   34   39   32  255   27   27   25  255   25   25   27  255   25   29   30  255   25   29   30  255   28   26   29  255   34   25   28  255   32   17   20  255   56   20   24  255  118   39   45  255  135   36   41  255  132   32   32  255  134   31   32  255  135   28   36  255  134   24   35  255  137   27   36  255  123   37   40  255   53   12    8  255   38   25   17  255   25   26   21  255   21   25   26  255   33   26   33  255   37   27   35  255   30   28   29  255   27   27   25  255   25   26   20  255   54   51   44  255   41   32   27  255
   48   50   39  255   39   40   32  255   31   27   24  255   27   25   26  255   27   29   28  255   26   30   31  255   27   26   31  255   26   25   31  255   31   30   36  255   30   20   28  255   40   15   19  255   49   17   18  255   46   17   13  255   45   15   13  255   54   23   28  255   47   16   21  255   52   18   16  255   48   21   14  255   40   25   18  255   31   26   22  255   31   27   26  255   29   27   28  255   30   25   29  255   25   23   26  255   23   23   23  255   26   28   25  255   29   30   24  255   47   44   39  255   49   44   40  255
