   29   29
   50   46   37  255   48   44   32  255   38   31   15  255   57   51   37  255   46   40   42  255   45   40   44  255   50   45   42  255   48   44   35  255   37   33   24  255   42   42   40  255   27   34   52  255   12   27   58  255    9   26   69  255    8   25   69  255   17   29   69  255   15   27   67  255    9   28   71  255   11   26   59  255   44   43   51  255   49   40   35  255   59   50   45  255   47   40   32  255   50   44   32  255   50   48   36  255   31   30   26  255   47   43   40  255   37   28   23  255   49   38   32  255   49   39   37  255
   39   34   30  255   59   55   46  255   35   29   15  255   50   44   32  255   48   43   40  255   41   35   37  255   51   46   43  255   34   30   27  255   33   33   35  255   23   31   44  255   12   28   61  255   46   70  114  255   44   74  126  255   44   75  129  255   42   67  121  255   46   71  127  255   42   73  130  255   46   72  121  255   18   29   59  255   21   24   39  255   44   43   48  255   61   57   54  255   44   40   29  255   36   34   22  255   33   34   28  255   60   61   56  255   36   29   23  255   60   51   44  255   45   37   34  255
   60   56   57  255   43   38   35  255   46   42   31  255   44   38   26  255   60   53   47  255   36   28   25  255   55   47   44  255   44   42   47  255   16   26   51  255   49   70  113  255   40   74  135  255   83  127  198  255   83  137  207  255   73  131  205  255   75  130  212  255   78  133  216  255   75  131  214  255   78  129  208  255   35   73  146  255  157  184  239  255   13   27   53  255   34   39   43  255   62   59   54  255   43   40   31  255   29   35   25  255   36   41   34  255   41   42   34  255   47   44   37  255   43   43   35  255
   29   27   30  255   41   40   38  255   58   58   48  255   46   44   32  255   46   39   31  255   51   42   37  255   50   40   38  255   55   55   67  255    9   30   75  255   92  130  195  255   79  129  202  255  134  193  255  255  126  192  255  255  123  190  255  255  130  197  255  255  121  188  255  255  124  192  255  255  129  194  255  255   73  128  211  255   87  131  202  255   40   72  119  255   13   30   58  255   35   39   48  255   57   58   53  255   29   35   25  255   40   46   36  255   47   48   42  255   40   39   34  255   59   56   51  255
   44   44   44  255   37   39   34  255   35   41   29  255   43   47   33  255   31   27   18  255   38   29   24  255   47   38   33  255   20   25   44  255   37   71  134  255   76  129  209  255  131  194  255  255  129  194  255  255  132  195  255  255  132  192  255  255  128  190  255  255  132  195  255  255  131  195  255  255  129  193  254  255  132  193  255  255  135  192  255  255   78  130  203  255   39   77  139  255   11   28   58  255   23   27   36  255   45   48   41  255   29   29   19  255   62   57   53  255   34   26   24  255   46   35   39  255
   43   39   36  255   44   45   39  255   34   40   28  255   55   58   47  255   50   45   39  255   49   41   38  255   43   34   35  255   22   29   57  255   36   75  152  255   71  130  220  255  132  199  255  255  123  189  250  255  132  192  255  255  138  196  255  255  133  191  255  255  130  190  252  255  130  191  248  255  136  197  252  255  131  192  246  255  133  194  255  255  128  190  255  255   79  130  209  255   46   70  118  255   21   29   50  255   41   41   41  255   49   45   36  255   43   34   29  255   50   39   37  255   51   36   39  255
   51   37   34  255   47   38   33  255   58   53   49  255   28   25   20  255   34   29   26  255   46   42   43  255   46   43   54  255   17   26   65  255   32   70  155  255   74  128  226  255  132  193  255  255  133  194  255  255  135  193  255  255  130  186  245  255  134  190  249  255  136  195  255  255  139  197  255  255  134  189  253  255  139  189  248  255  137  191  255  255  130  193  255  255   76  132  209  255   48   77  135  255   14   22   58  255   42   39   48  255   37   28   23  255   51   42   33  255   50   40   31  255   61   48   42  255
   51   36   31  255   51   37   34  255   57   49   46  255   44   42   45  255   24   28   40  255   19   29   54  255   13   27   62  255   46   71  128  255   83  129  217  255   72  128  225  255   73  130  217  255  135  194  255  255  130  191  255  255  136  196  255  255  135  193  255  255  134  192  255  255  132  190  255  255  132  188  255  255  138  188  251  255  141  194  255  255  128  191  255  255   73  130  207  255   43   73  135  255   16   25   64  255   48   45   56  255   45   36   31  255   65   57   46  255   35   27   14  255   52   42   33  255
   52   41   37  255   39   30   25  255   46   43   36  255   23   32   41  255    5   28   72  255   37   72  138  255   86  129  207  255   78  130  214  255  131  193  255  255  125  189  255  255  131  193  255  255  128  190  255  255  126  193  255  255  129  197  255  255  127  190  255  255  134  194  255  255  128  190  255  255  130  192  255  255  135  194  255  255  131  190  255  255  132  195  255  255   74  127  203  255   49   78  134  255   14   25   57  255   42   41   47  255   52   43   34  255   35   27   16  255   53   47   35  255   38   33   27  255
   39   32   26  255   44   39   33  255   43   43   33  255   21   31   41  255  102  127  181  255   86  125  202  255   81  132  215  255   73  129  212  255   75  133  207  255   73  129  204  255   78  129  210  255   81  134  214  255   73  131  205  255   74  133  203  255   83  136  204  255   76  129  199  255   82  135  213  255   73  130  209  255  132  188  255  255  133  190  255  255  128  188  255  255   83  132  211  255   41   66  123  255   19   28   59  255   31   30   35  255   51   44   36  255   54   45   36  255   47   40   32  255   36   31   28  255
   52   47   41  255   41   38   31  255   45   45   37  255   23   28   34  255   56   70  109  255   49   70  125  255   46   77  132  255   36   71  125  255   40   71  126  255   48   77  137  255   47   72  139  255   41   68  135  255   44   74  136  255   41   72  129  255   42   73  128  255   42   73  127  255   37   70  121  255   36   75  134  255   85  130  211  255   75  126  218  255   77  133  230  255   84  130  216  255   49   69  130  255   22   26   61  255   31   30   38  255   46   41   37  255   32   24   22  255   53   45   43  255   48   39   40  255
   31   31   21  255   27   27   19  255   34   35   29  255   47   48   52  255   21   23   48  255   18   24   58  255   10   25   56  255   16   31   62  255   20   29   60  255   18   22   57  255   20   22   63  255   21   20   62  255   23   22   56  255   23   22   53  255   24   25   55  255   21   25   52  255   19   30   52  255   10   29   61  255   42   71  129  255   38   76  149  255   82  127  210  255   32   70  143  255   56   70  119  255   20   22   47  255   43   41   46  255   49   46   39  255   48   44   41  255   37   32   29  255   49   40   41  255
   43   47   33  255   49   52   41  255   28   30   25  255   43   43   43  255   49   44   50  255   32   29   38  255   31   33   45  255   24   23   31  255  149  139  137  255   38   20   16  255  255  247  251  255  167  136  141  255  176  136  134  255  170  130  122  255  169  131  120  255  185  155  144  255  158  141  131  255   24   19   15  255   24   32   35  255   13   30   50  255   46   73  118  255   49   72  116  255   19   26   45  255   43   43   45  255   55   55   47  255   28   30   17  255   43   47   33  255   30   32   21  255   50   42   39  255
   41   43   32  255   30   32   21  255   45   44   40  255   35   31   28  255   50   40   38  255   36   28   25  255   32   31   27  255   36   27   18  255  177  150  129  255  255  247  221  255  255  241  222  255  237  189  169  255  245  187  163  255  245  185  157  255  245  191  157  255  192  147  114  255  168  136  113  255   47   26    7  255   38   26   10  255   29   28   23  255   21   30   47  255   18   26   45  255   28   29   31  255   46   43   36  255   46   46   36  255   29   31   18  255   50   52   38  255   41   43   30  255   56   51   47  255
   59   54   51  255   46   38   35  255   38   27   23  255   50   39   35  255   67   55   55  255   43   38   35  255   40   43   32  255   33   26    8  255  188  151  125  255  241  188  157  255  246  191  161  255  245  190  160  255  251  194  165  255  246  191  160  255  241  193  157  255  194  151  119  255  169  134  114  255   47   19    7  255   52   27   22  255   43   25   23  255   35   25   26  255   33   29   28  255   41   36   32  255   45   42   35  255   43   42   37  255   42   42   34  255   28   24   15  255   52   47   41  255   39   39   37  255
   45   37   34  255   48   39   34  255   66   53   47  255   50   37   31  255   34   22   22  255   51   46   43  255   37   39   28  255   35   28    9  255  186  152  127  255  241  191  164  255  242  191  162  255  244  193  164  255  240  189  162  255  193  146  118  255  192  151  119  255  169  135  110  255  164  137  130  255   42   20   22  255   42   17   20  255   44   23   22  255   39   24   17  255   52   42   33  255   46   39   31  255   58   55   48  255   28   28   20  255   54   51   46  255   55   45   43  255   41   31   29  255   30   29   27  255
   61   57   46  255   41   37   26  255   47   40   32  255   48   41   33  255   38   28   26  255   56   46   44  255   47   40   34  255   46   38   27  255   38   22    7  255  178  155  139  255  186  153  136  255  187  150  132  255  192  150  134  255  171  134  115  255  166  136  112  255  158  140  128  255   29   22   40  255   27   23   48  255   31   21   32  255   37   27   28  255   52   44   41  255   43   39   30  255   46   42   31  255   40   38   26  255   43   45   32  255   59   56   47  255   37   23   22  255   55   39   40  255   49   39   37  255
   31   27   16  255   47   45   33  255   46   43   34  255   46   41   35  255   51   44   38  255   40   31   26  255   51   42   37  255   36   29   23  255   40   33   25  255   33   25   14  255   37   20   12  255   45   25   18  255   41   20   17  255   39   20   22  255   34   27   34  255   22   25   44  255   56   69  113  255   57   72  115  255   23   28   48  255   26   25   30  255   44   43   41  255   57   54   49  255   47   43   34  255   38   34   23  255   32   34   21  255   37   37   27  255   62   52   51  255   53   39   39  255   41   31   29  255
   36   28   25  255   56   51   45  255   32   29   22  255   57   54   47  255   42   37   31  255   62   57   51  255   30   25   19  255   59   54   50  255   45   40   34  255   48   43   37  255   30   25   19  255   27   25   26  255   23   26   43  255   56   69  103  255   49   71  128  255   38   69  134  255   76  111  179  255   92  123  177  255   12   29   57  255   21   29   40  255   37   38   42  255   47   43   40  255   32   24   21  255   62   55   49  255   49   49   41  255   38   39   33  255   42   38   35  255   49   45   42  255   27   23   20  255
   48   39   40  255   58   53   50  255   33   29   26  255   56   52   49  255   40   37   32  255   42   39   34  255   46   43   38  255   29   28   23  255   31   30   26  255   24   25   20  255   29   29   27  255   26   30   33  255   20   27   43  255   63   74  104  255   50   66  118  255   90  109  167  255  102  125  175  255   10   33   74  255   52   71  103  255   16   27   47  255   27   30   37  255   29   25   24  255   46   38   36  255   58   50   47  255   29   26   21  255   50   51   45  255   33   32   28  255   41   40   36  255   57   58   53  255
   47   38   41  255   50   41   44  255   41   34   41  255   42   35   42  255   34   30   31  255   32   31   29  255   22   25   18  255   21   26   19  255   23   27   26  255   26   30   31  255   29   29   29  255   28   22   22  255   36   22   19  255  224  201  195  255  235  201  199  255  235  202  197  255  228  204  194  255  215  203  205  255   60   65   95  255   21   30   63  255   22   25   34  255   32   28   25  255   29   21   18  255   35   27   24  255   28   25   20  255   45   44   39  255   46   42   39  255   42   38   35  255   41   40   35  255
   53   44   45  255   35   29   29  255   36   30   34  255   32   27   31  255   28   28   28  255   20   25   21  255   23   30   23  255   28   34   30  255   25   29   30  255   21   22   26  255   29   29   31  255   29   21   19  255   44   26   16  255  188  157  139  255  195  147  124  255  197  146  117  255  195  151  116  255  183  154  136  255   74   69   89  255   19   24   54  255   23   23   33  255   28   27   25  255   30   29   27  255   27   26   22  255   29   28   23  255   30   27   22  255   43   38   35  255   52   47   44  255   34   30   27  255
   46   41   35  255   44   41   32  255   29   29   19  255   21   24   15  255   24   34   25  255   20   31   23  255   20   29   26  255   20   24   27  255   26   24   29  255   34   29   35  255   29   27   30  255   29   25   26  255   31   23   20  255   40   25   18  255   41   12    6  255  191  155  143  255  235  199  175  255  181  154  133  255   30   22   20  255   29   29   37  255   25   24   30  255   27   28   32  255   25   30   34  255   23   27   28  255   24   25   19  255   34   31   26  255   31   25   27  255   30   24   26  255   41   32   35  255
   50   47   40  255   31   31   21  255   26   28   17  255   23   29   17  255   23   33   24  255   18   27   22  255   28   32   33  255   27   26   31  255   33   28   34  255   24   21   30  255   22   25   40  255   20   27   45  255   22   30   51  255   19   24   46  255   31   26   48  255   36   19   25  255   50   23    0  255   48   25    0  255   30   26   23  255   20   24   33  255   30   29   35  255   23   22   27  255   24   29   33  255   22   27   30  255   26   29   22  255   25   24   19  255   33   27   27  255   64   55   58  255   34   25   26  255
   55   55   53  255   31   31   29  255   25   24   22  255   26   25   23  255   31   29   32  255   27   25   28  255   31   25   25  255   32   26   26  255   26   24   27  255   24   30   44  255    8   27   60  255   46   74  124  255   39   70  134  255   42   71  137  255   50   70  131  255   18   24   48  255  196  181  138  255  193  179  132  255   23   31   42  255   12   26   55  255   25   25   37  255   33   29   30  255   23   24   26  255   26   30   29  255   24   29   22  255   26   29   20  255   30   26   23  255   32   24   22  255   50   43   37  255
   29   29   29  255   27   27   27  255   32   30   31  255   29   24   28  255   29   24   30  255   30   24   28  255   36   26   25  255   30   22   20  255   30   30   32  255   16   27   45  255   44   71  118  255   71  108  178  255   72  116  203  255   81  126  217  255   87  125  208  255   48   72  120  255   22   28   14  255   28   31   12  255   85  101  135  255   54   71  115  255   26   28   43  255   28   24   25  255   30   30   30  255   22   26   25  255   25   32   25  255   25   30   23  255   27   27   19  255   30   25   19  255   46   41   35  255
   32   31   29  255   27   26   24  255   28   27   25  255   28   26   27  255   29   27   30  255   28   24   25  255   34   26   24  255   30   24   24  255   28   29   33  255   10   21   43  255   50   76  127  255   93  131  204  255   78  122  217  255   78  126  226  255   86  131  222  255   88  127  206  255   93  125  184  255   86  113  168  255   79  100  165  255   52   65  118  255   24   25   45  255   31   26   30  255   27   27   29  255   24   28   29  255   22   28   28  255   22   28   24  255   24   27   16  255   30   30   20  255   44   41   36  255
   51   46   43  255   35   31   28  255   23   23   21  255   26   28   25  255   29   31   30  255   25   25   23  255   29   26   21  255   30   29   25  255   30   31   35  255   17   26   43  255    7   29   70  255   43   74  131  255   33   69  143  255   40   79  156  255   35   72  142  255   40   75  143  255   36   70  142  255   47   76  144  255   50   71  128  255   15   27   67  255   24   25   43  255   29   27   32  255   25   24   29  255   25   26   30  255   24   30   30  255   26   32   28  255   29   32   23  255   40   40   32  255   47   43   40  255
   50   39   35  255   45   37   34  255   28   30   25  255   23   29   25  255   21   30   25  255   22   29   22  255   27   30   21  255   27   28   22  255   22   24   23  255   29   34   40  255   13   22   39  255   15   30   53  255   14   30   55  255   11   27   52  255   13   29   45  255   15   28   45  255   14   24   49  255   15   26   48  255   14   26   40  255   24   33   40  255   26   26   34  255   24   21   28  255   29   26   33  255   30   30   32  255   21   26   19  255   24   29   22  255   30   26   27  255   43   37   39  255   39   34   30  255
