   29   29
  173  171  130  255  166  164  123  255  172  167  127  255  174  169  129  255  173  166  124  255  173  166  124  255  173  166  122  255  174  167  123  255  172  168  123  255  172  168  123  255  172  168  123  255  172  168  123  255  172  168  123  255  172  168  123  255  174  167  125  255  174  167  125  255  172  167  125  255  172  167  125  255  174  167  123  255  174  167  123  255  174  167  123  255  174  167  123  255  174  167  123  255  174  167  123  255  173  168  126  255  170  165  123  255  174  167  123  255  175  168  122  255  176  165  120  255
  169  166  125  255  159  156  115  255  160  155  115  255  162  155  113  255  159  152  110  255  160  153  109  255  161  152  109  255  160  153  109  255  161  154  110  255  159  155  110  255  159  155  110  255  159  155  110  255  159  155  110  255  161  154  110  255  161  154  110  255  161  154  112  255  161  154  112  255  161  154  110  255  161  154  110  255  161  154  110  255  161  154  110  255  161  154  110  255  161  154  110  255  161  154  110  255  159  152  108  255  163  156  112  255  162  155  111  255  158  150  104  255  109   98   52  255
  171  166  124  255  159  154  112  255  157  152  110  255  159  152  108  255  159  150  107  255  161  152  109  255  163  151  109  255  160  152  106  255  160  152  106  255  159  152  106  255  159  152  106  255  159  152  106  255  159  152  106  255  160  152  106  255  160  152  106  255  160  151  108  255  160  151  108  255  160  151  108  255  160  151  108  255  160  152  106  255  160  152  106  255  160  152  106  255  160  152  106  255  160  152  106  255  160  152  106  255  160  152  106  255  158  150  104  255  164  153  108  255  105   93   45  255
  171  166  124  255  160  153  109  255  159  152  108  255  162  153  110  255  164  152  110  255  166  155  110  255  165  154  109  255  164  153  108  255  164  153  108  255  162  154  107  255  162  154  108  255  162  154  108  255  162  154  108  255  162  154  108  255  164  153  108  255  164  153  108  255  164  153  108  255  162  154  108  255  162  154  108  255  164  153  107  255  164  153  107  255  164  153  107  255  164  153  107  255  162  154  108  255  163  155  109  255  161  153  107  255  165  154  109  255  165  152  107  255  107   93   44  255
  172  165  121  255  160  153  107  255  160  152  106  255  164  153  108  255  163  152  107  255  164  151  106  255  163  150  105  255  161  150  104  255  162  151  105  255  162  152  103  255  162  151  105  255  162  151  105  255  162  151  105  255  162  151  105  255  163  150  105  255  162  151  105  255  162  151  105  255  162  151  105  255  162  151  105  255  163  150  105  255  163  150  105  255  163  151  103  255  163  151  103  255  162  151  105  255  160  149  103  255  162  151  105  255  166  153  108  255  162  150  102  255  109   95   46  255
  174  167  121  255  162  155  109  255  163  152  107  255  164  153  108  255  163  150  105  255  164  151  106  255  164  151  106  255  165  152  107  255  163  153  104  255  163  153  104  255  163  153  104  255  163  153  104  255  163  152  106  255  163  152  106  255  164  151  106  255  164  151  106  255  163  152  106  255  163  152  106  255  164  151  106  255  164  151  106  255  164  152  104  255  164  152  104  255  164  152  104  255  164  152  104  255  164  153  107  255  166  155  109  255  162  150  102  255  162  150  100  255  113   97   48  255
  174  167  121  255  160  153  107  255  161  150  105  255  163  152  107  255  163  150  105  255  164  151  106  255  164  152  104  255  165  153  105  255  163  153  104  255  163  153  104  255  163  153  104  255  163  153  104  255  163  153  104  255  163  153  104  255  164  151  106  255  164  151  106  255  163  152  106  255  163  152  106  255  164  152  104  255  164  152  104  255  164  152  104  255  164  152  104  255  164  152  104  255  164  152  104  255  161  150  104  255  164  153  107  255  164  152  104  255  164  152  102  255  109   93   44  255
  175  168  122  255  161  154  108  255  160  152  106  255  164  153  108  255  164  151  107  255  165  152  107  255  163  150  105  255  163  153  104  255  163  153  104  255  163  153  104  255  163  153  104  255  163  153  104  255  163  153  104  255  163  153  104  255  164  151  106  255  163  152  106  255  163  152  106  255  163  152  106  255  164  151  106  255  164  152  104  255  164  152  104  255  164  152  104  255  164  152  104  255  164  152  104  255  163  152  106  255  162  151  105  255  166  153  108  255  164  152  104  255  109   95   46  255
  172  168  123  255  160  153  109  255  161  152  109  255  161  153  107  255  164  153  108  255  162  151  105  255  163  152  106  255  163  152  106  255  163  152  106  255  161  153  106  255  161  153  106  255  161  153  106  255  161  153  106  255  161  153  106  255  163  152  107  255  163  152  107  255  163  152  107  255  161  153  106  255  163  152  106  255  163  152  106  255  163  152  106  255  163  152  106  255  163  152  106  255  163  152  106  255  163  152  107  255  163  152  106  255  163  152  106  255  165  153  105  255  107   93   44  255
  172  168  123  255  158  154  109  255  160  153  109  255  161  152  109  255  164  153  108  255  162  151  106  255  163  152  106  255  163  152  106  255  161  153  106  255  161  153  106  255  161  153  106  255  161  153  106  255  161  153  106  255  161  153  106  255  163  152  107  255  163  152  107  255  161  153  107  255  161  153  107  255  163  152  107  255  163  152  106  255  163  152  106  255  163  152  106  255  163  152  106  255  163  152  106  255  163  152  107  255  163  152  107  255  163  152  106  255  164  154  105  255  107   93   46  255
  172  168  123  255  158  154  109  255  160  153  109  255  161  152  109  255  164  153  108  255  162  151  106  255  163  152  107  255  163  152  107  255  161  153  107  255  161  153  107  255  160  153  107  255  160  153  107  255  161  153  107  255  161  153  107  255  163  152  107  255  163  152  107  255  161  152  109  255  161  153  107  255  161  153  107  255  161  153  107  255  163  152  106  255  163  152  106  255  163  152  107  255  163  152  107  255  161  153  107  255  161  153  107  255  163  152  106  255  164  154  105  255  107   93   46  255
  172  168  123  255  158  154  109  255  160  153  109  255  161  152  109  255  164  153  108  255  162  151  106  255  163  152  107  255  163  152  107  255  161  153  107  255  161  153  107  255  160  153  107  255  160  153  107  255  161  153  107  255  161  153  107  255  163  152  107  255  163  152  107  255  161  152  109  255  161  153  107  255  161  153  107  255  161  153  107  255  163  152  106  255  163  152  106  255  163  152  107  255  163  152  107  255  161  153  107  255  161  153  107  255  163  152  106  255  165  153  105  255  107   93   46  255
  172  168  123  255  158  154  109  255  160  153  107  255  161  153  107  255  164  153  108  255  162  151  106  255  163  152  106  255  163  152  106  255  161  153  106  255  161  153  106  255  161  153  106  255  161  153  106  255  163  152  106  255  163  152  106  255  164  151  106  255  163  152  106  255  161  153  107  255  161  153  107  255  163  152  107  255  163  152  106  255  164  151  106  255  164  151  106  255  163  152  106  255  163  152  106  255  163  152  107  255  163  152  107  255  163  152  106  255  165  153  105  255  107   93   46  255
  172  168  123  255  160  153  107  255  161  153  107  255  161  153  107  255  164  153  108  255  162  151  105  255  163  152  106  255  163  152  106  255  163  152  106  255  161  153  106  255  161  153  106  255  161  153  106  255  163  152  106  255  163  152  106  255  164  151  106  255  164  151  106  255  163  152  107  255  161  153  106  255  163  152  106  255  163  152  106  255  164  151  106  255  164  151  106  255  163  152  106  255  163  152  106  255  163  152  107  255  163  152  106  255  163  152  106  255  165  153  105  255  109   93   44  255
  174  167  121  255  160  153  107  255  161  153  107  255  163  152  106  255  165  152  107  255  163  150  105  255  164  151  106  255  163  153  104  255  163  153  104  255  163  153  104  255  163  153  104  255  163  153  104  255  164  152  104  255  164  152  104  255  164  152  104  255  164  152  104  255  163  152  106  255  163  152  106  255  164  151  106  255  164  152  104  255  164  152  104  255  164  152  104  255  164  152  104  255  164  152  104  255  164  151  106  255  164  151  106  255  164  151  106  255  165  153  105  255  109   93   44  255
  174  167  123  255  160  153  107  255  161  153  107  255  163  152  106  255  164  153  107  255  163  150  105  255  164  152  104  255  164  152  104  255  163  153  104  255  163  152  106  255  163  152  106  255  163  152  106  255  163  152  106  255  164  152  104  255  164  152  104  255  164  152  104  255  163  152  106  255  163  152  106  255  164  152  104  255  164  152  104  255  164  152  104  255  164  152  104  255  164  152  104  255  163  152  106  255  163  152  106  255  163  152  106  255  164  151  106  255  165  153  105  255  109   93   44  255
  172  167  125  255  160  153  109  255  160  153  109  255  161  153  107  255  164  153  107  255  162  151  105  255  164  151  106  255  164  151  106  255  163  152  106  255  163  152  107  255  161  153  107  255  161  153  107  255  161  153  107  255  163  152  106  255  163  152  106  255  163  152  106  255  163  152  106  255  163  152  106  255  163  152  106  255  163  152  106  255  163  152  106  255  163  152  106  255  163  152  106  255  161  153  107  255  161  153  107  255  161  153  107  255  163  152  106  255  165  153  105  255  107   93   44  255
  172  167  125  255  158  154  109  255  160  153  109  255  161  153  107  255  164  153  107  255  162  151  105  255  164  151  106  255  164  151  106  255  163  152  107  255  163  152  107  255  161  152  109  255  161  153  107  255  161  153  107  255  161  153  106  255  163  152  106  255  163  152  106  255  163  152  106  255  163  152  106  255  163  152  106  255  163  152  106  255  163  152  106  255  163  152  106  255  163  152  107  255  161  153  107  255  161  152  109  255  161  153  107  255  163  152  106  255  165  153  105  255  107   93   44  255
  172  168  123  255  158  154  109  255  160  153  109  255  161  153  107  255  164  153  107  255  163  150  105  255  164  152  104  255  164  152  104  255  163  152  106  255  163  152  106  255  163  152  107  255  163  152  107  255  163  152  107  255  163  152  106  255  163  152  106  255  163  153  104  255  163  152  106  255  163  152  106  255  164  152  104  255  164  152  104  255  164  152  104  255  163  153  104  255  163  152  106  255  161  153  106  255  161  153  107  255  161  153  107  255  163  152  106  255  165  153  105  255  107   93   44  255
  172  168  123  255  160  153  109  255  161  153  107  255  163  152  106  255  165  152  107  255  163  150  105  255  164  152  104  255  164  152  104  255  164  151  106  255  163  152  106  255  163  152  107  255  163  152  107  255  163  152  106  255  163  152  106  255  163  153  104  255  163  153  104  255  163  152  106  255  163  152  106  255  164  152  104  255  164  152  104  255  164  152  104  255  164  152  104  255  163  152  106  255  163  152  106  255  161  153  107  255  161  153  106  255  163  152  106  255  165  153  105  255  109   93   44  255
  174  167  123  255  160  153  109  255  161  153  107  255  163  152  106  255  165  152  107  255  163  151  103  255  165  151  104  255  164  152  104  255  164  151  106  255  164  151  106  255  163  152  106  255  163  152  106  255  163  152  106  255  163  152  106  255  164  152  104  255  164  152  104  255  163  152  106  255  163  152  106  255  164  152  104  255  164  152  104  255  164  152  104  255  164  152  104  255  163  152  106  255  163  152  106  255  163  152  106  255  163  152  106  255  164  151  106  255  165  153  103  255  109   93   42  255
  174  167  123  255  160  153  109  255  161  153  107  255  163  152  106  255  165  153  105  255  163  151  103  255  165  151  104  255  165  151  104  255  164  151  106  255  164  151  106  255  163  152  106  255  163  152  106  255  163  152  106  255  163  152  106  255  164  152  104  255  164  152  104  255  163  152  106  255  163  152  106  255  164  151  106  255  164  152  104  255  164  152  104  255  164  152  104  255  163  152  106  255  163  152  106  255  163  152  106  255  163  152  106  255  164  152  104  255  166  152  103  255  109   93   42  255
  172  168  123  255  160  153  109  255  161  153  107  255  163  152  106  255  165  153  105  255  163  151  103  255  164  152  104  255  164  152  104  255  164  151  106  255  164  151  106  255  163  152  107  255  163  152  107  255  163  152  106  255  163  152  106  255  164  152  104  255  164  152  104  255  163  152  106  255  161  153  106  255  163  152  106  255  163  152  106  255  163  152  106  255  163  152  106  255  163  152  106  255  163  152  106  255  163  152  106  255  163  152  106  255  164  152  104  255  166  152  103  255  109   93   42  255
  172  168  123  255  158  154  109  255  161  153  107  255  161  153  107  255  165  152  107  255  163  151  103  255  164  152  104  255  164  152  104  255  164  151  106  255  163  152  106  255  163  152  107  255  163  152  107  255  163  152  106  255  163  152  106  255  164  151  106  255  163  152  106  255  161  153  107  255  161  153  107  255  163  152  106  255  163  152  106  255  163  152  106  255  163  152  106  255  163  152  106  255  163  152  106  255  163  152  106  255  163  152  106  255  164  151  106  255  165  153  105  255  107   93   44  255
  174  169  127  255  156  152  107  255  163  155  109  255  160  152  106  255  162  149  104  255  166  153  108  255  164  151  106  255  163  150  105  255  163  152  107  255  163  152  107  255  163  152  107  255  161  153  107  255  163  152  107  255  163  152  106  255  163  152  106  255  163  152  106  255  161  153  107  255  160  153  107  255  161  153  107  255  161  153  107  255  163  152  106  255  163  152  106  255  163  152  106  255  163  152  106  255  161  153  107  255  162  154  107  255  163  152  106  255  163  151  103  255  109   95   46  255
  170  165  123  255  159  152  108  255  160  152  106  255  164  153  108  255  166  153  108  255  163  150  105  255  163  150  105  255  165  152  107  255  164  151  107  255  163  152  107  255  163  152  107  255  161  153  107  255  163  152  107  255  163  152  106  255  163  152  106  255  163  152  106  255  161  153  107  255  161  153  107  255  161  153  107  255  161  153  106  255  163  152  106  255  163  152  106  255  163  152  106  255  163  152  106  255  162  151  106  255  161  153  106  255  163  152  106  255  166  154  106  255  106   92   43  255
  173  166  122  255  164  157  113  255  160  152  106  255  159  148  103  255  164  151  106  255  164  152  104  255  167  153  106  255  162  150  102  255  163  150  105  255  162  151  105  255  162  151  105  255  162  151  105  255  162  151  105  255  162  151  105  255  163  150  105  255  162  152  103  255  162  151  105  255  162  151  105  255  162  151  105  255  162  151  105  255  163  150  105  255  163  151  103  255  163  151  103  255  162  152  103  255  164  153  107  255  162  151  105  255  162  149  104  255  166  154  106  255  107   93   44  255
  173  164  121  255  157  149  103  255  167  156  111  255  165  152  107  255  163  151  103  255  163  149  100  255  167  153  106  255  165  151  104  255  166  152  105  255  165  153  105  255  165  152  107  255  164  154  105  255  165  152  107  255  165  153  105  255  165  153  105  255  165  153  105  255  165  153  105  255  165  153  105  255  165  153  105  255  165  153  105  255  166  152  105  255  166  152  103  255  166  152  103  255  165  153  105  255  163  151  103  255  165  153  105  255  166  154  106  255  163  149  100  255  109   95   46  255
  180  169  124  255  109   98   52  255  104   92   44  255  106   92   43  255  109   95   46  255  111   95   44  255  109   93   44  255  109   93   44  255  109   93   44  255  107   93   44  255  107   93   46  255  106   94   44  255  107   93   46  255  107   93   44  255  107   93   44  255  107   93   44  255  107   93   44  255  107   93   44  255  107   93   44  255  107   94   42  255  109   93   42  255  109   93   42  255  109   93   42  255  107   93   44  255  109   95   46  255  106   92   43  255  105   91   42  255  111   97   48  255  108   92   43  255
