   28   28
   49   40   35  255   36   31   27  255   38   37   33  255   42   44   41  255   29   34   28  255   39   44   37  255   40   42   31  255   56   58   45  255   42   44   30  255   46   46   34  255   46   42   33  255   59   52   46  255   51   40   36  255   46   39   31  255   46   43   34  255   44   46   35  255   41   42   36  255   45   41   38  255   47   36   34  255   52   42   40  255   36   39   32  255   51   56   49  255   48   47   43  255   32   28   25  255   48   47   42  255   33   32   27  255   37   28   23  255   52   41   37  255
   64   60   51  255   29   26   19  255   59   55   52  255   37   36   32  255   45   44   42  255   54   53   49  255   38   38   30  255   32   32   22  255   41   41   29  255   36   34   22  255   48   41   35  255   52   43   38  255   67   53   50  255   47   36   32  255   47   43   34  255   32   32   22  255   43   43   35  255   36   31   27  255   51   37   34  255   50   39   35  255   54   55   47  255   42   45   38  255   35   32   27  255   46   41   37  255   20   19   14  255   51   50   45  255   51   44   38  255   45   36   31  255
   38   45   27  255   38   40   27  255   42   35   29  255   52   40   40  255   39   27   29  255   52   42   43  255   48   40   38  255   34   29   25  255   60   57   50  255   34   29   23  255   52   43   38  255   43   29   28  255   53   33   34  255   55   37   35  255   41   30   24  255   40   33   23  255   48   41   31  255   46   37   28  255   71   53   49  255   32   19   13  255   48   45   36  255   46   47   39  255   36   31   25  255   48   43   37  255   56   56   48  255   26   26   18  255   40   37   30  255   64   59   53  255
   38   46   25  255   54   55   39  255   58   47   43  255   63   47   48  255   49   33   36  255   52   37   40  255   44   34   33  255   51   43   40  255   46   39   33  255   46   39   33  255   53   42   38  255   45   29   29  255   65   43   45  255   45   25   26  255   57   46   40  255   47   40   30  255   51   42   33  255   53   43   34  255   41   24   17  255   59   46   40  255   34   30   21  255   38   38   30  255   67   60   54  255   38   31   25  255   41   41   33  255   31   32   24  255   42   42   34  255   25   25   17  255
   30   29   11  255   64   58   44  255   33   18   15  255   55   36   38  255   53   37   40  255   34   19   22  255   69   58   56  255   51   42   37  255   38   29   22  255   55   46   39  255   40   29   25  255   37   23   22  255   58   40   40  255   40   26   25  255   53   46   40  255   45   41   32  255   41   32   23  255   51   41   32  255   56   43   37  255   50   39   35  255   30   27   20  255   43   42   37  255   49   41   38  255   34   26   23  255   50   50   42  255   46   47   39  255   51   52   46  255   42   43   37  255
   54   46   35  255   46   37   28  255   51   37   34  255   55   39   39  255   69   49   50  255   20    0    0  255   30    0    0  255   30    0    0  255   30    0    0  255   24    0    0  255   68   42   41  255   70   46   46  255   44   19   22  255   74   52   54  255   52   34   32  255   56   41   36  255   54   39   34  255   54   41   35  255   61   47   44  255   36   26   24  255   36   32   29  255   43   42   38  255   48   40   37  255   38   30   27  255   40   37   30  255   46   47   39  255   39   40   34  255   42   43   37  255
   40   26   23  255   48   39   34  255   43   38   34  255   63   54   49  255   21    0    0  255   86   40   42  255  202  133  136  255  219  140  145  255  118   42   46  255  118   49   52  255   47    0    0  255   39    0    0  255   41    0    4  255   38    0    1  255   44    0    2  255   34    0    0  255   23    0    0  255   47   27   26  255   57   43   43  255   42   33   34  255   35   31   32  255   44   40   39  255   40   30   29  255   38   30   27  255   50   47   40  255   41   42   34  255   42   43   37  255   41   44   37  255
   48   36   38  255   66   56   55  255   31   28   23  255   57   44   38  255   39    0    0  255  117   45   48  255  171   70   78  255  175   64   73  255  236  129  137  255  226  129  138  255  123   40   50  255  117   46   54  255  108   41   50  255  111   46   52  255  116   43   50  255  113   47   51  255  101   53   53  255   28    0    0  255   52   27   30  255   43   27   30  255   54   43   47  255   49   39   40  255   57   43   43  255   65   54   50  255   43   36   30  255   30   30   20  255   57   60   51  255   32   37   30  255
   51   47   48  255   31   25   25  255   63   55   52  255   28    0    0  255  112   40   44  255  169   65   74  255  184   58   69  255  187   55   66  255  180   59   68  255  178   62   73  255  237  126  142  255  233  126  142  255  229  127  141  255  229  129  139  255  230  126  133  255  225  130  134  255  212  136  138  255  111   51   53  255   37    0    0  255   56   26   28  255  130  105  108  255   68   46   48  255   56   35   34  255   44   25   19  255   53   43   34  255   42   38   27  255   28   31   20  255   42   50   39  255
   32   28   29  255   45   39   39  255   32   22   20  255   35    1    0  255  119   38   45  255  173   59   69  255  189   55   66  255  191   54   64  255  186   59   70  255  182   58   69  255  179   52   69  255  185   58   77  255  183   58   74  255  184   60   71  255  185   60   64  255  179   63   64  255  223  125  124  255  119   41   39  255   48    0    0  255   92   54   53  255   61   29   30  255   59   31   30  255   64   36   32  255   48   25   17  255   62   46   33  255   33   23   11  255   50   50   38  255   53   56   45  255
   50   38   38  255   51   41   39  255   51   42   35  255   26    0    0  255  102   33   36  255  167   66   74  255  181   59   70  255  250  120  132  255  246  120  131  255  247  123  134  255  254  123  141  255  183   50   67  255  190   55   69  255  191   56   63  255  194   56   56  255  204   72   68  255  177   64   56  255  227  139  129  255  107   49   38  255   37    0    0  255  169  134  128  255   63   32   27  255   67   37   27  255   62   36   23  255   52   29   15  255  128  110   96  255   48   38   28  255   32   25   15  255
   48   37   33  255   48   39   34  255   48   44   35  255   59   39   32  255   50    0    0  255  125   43   49  255  166   59   69  255  183   61   72  255  182   56   68  255  250  119  133  255  252  113  132  255  255  115  133  255  255  120  133  255  195   48   56  255  197   48   50  255  198   56   52  255  235  107   98  255  232  130  118  255  109   43   31  255   47    5    0  255   37    0    0  255   54   21   14  255   74   44   33  255   61   33   19  255  161  135  120  255   57   35   21  255   49   36   27  255   46   37   28  255
   47   43   34  255   55   52   43  255   44   41   32  255   51   38   32  255   32    0    0  255   84   22   27  255  129   38   47  255  175   60   73  255  189   58   74  255  195   52   70  255  198   46   67  255  202   46   67  255  197   40   57  255  208   52   65  255  205   52   57  255  200   52   52  255  196   54   52  255  179   61   57  255  207  132  126  255  158  111  103  255  205  168  162  255   29    0    0  255   68   40   29  255   63   37   22  255   70   44   29  255   54   35   20  255   45   35   25  255   46   42   33  255
   46   44   32  255   32   29   20  255   45   40   34  255   43   29   28  255   66   42   42  255   42    0    0  255   89   12   20  255  137   33   44  255  183   55   68  255  197   52   69  255  208   55   73  255  204   45   65  255  208   47   65  255  205   44   60  255  202   46   57  255  202   51   58  255  202   57   62  255  179   61   61  255  218  148  146  255  186  145  141  255  184  153  151  255  139  114  110  255  190  167  159  255   60   38   25  255   43   21    7  255   54   36   22  255   50   41   32  255   44   40   31  255
   47   40   30  255   38   29   22  255   65   49   50  255   50   31   35  255   58   39   43  255   28    0    0  255   85   20   26  255  131   36   44  255  185   61   71  255  189   49   60  255  199   55   65  255  198   47   62  255  205   48   67  255  211   52   72  255  203   46   65  255  202   54   70  255  187   51   63  255  232  129  133  255  199  144  147  255  212  188  188  255  200  184  185  255  124  112  112  255   14    3    0  255   41   27   16  255   47   29   17  255   58   40   30  255   55   42   34  255   50   41   36  255
   47   38   31  255   49   38   34  255   56   37   39  255   53   34   38  255   53   41   43  255   24    2    4  255   74   25   28  255  117   38   43  255  175   65   74  255  185   58   67  255  192   56   66  255  194   54   67  255  202   55   73  255  196   47   67  255  200   51   71  255  194   53   72  255  184   59   75  255  217  126  135  255  194  148  151  255  139  121  121  255  106   96   97  255  127  122  119  255    8    0    0  255   57   43   32  255   70   50   39  255   58   38   29  255   36   21   16  255   65   54   50  255
   63   56   50  255   48   38   36  255   38   27   25  255   50   40   39  255   38   33   29  255   42   31   27  255   25    0    0  255   83   28   31  255  124   34   44  255  175   63   77  255  185   60   76  255  185   54   70  255  188   57   73  255  190   59   73  255  188   53   68  255  200   74   88  255  174   63   79  255  198  114  127  255  188  142  145  255   20    0    0  255    8    0    0  255  128  119  112  255   23    6    0  255  158  136  123  255   59   35   23  255  133  111  100  255   41   24   17  255   50   36   33  255
   37   29   26  255   48   40   37  255   41   31   29  255   35   27   24  255   47   44   37  255   48   43   37  255   43   28   23  255   27    0    0  255   84   19   27  255   98   12   25  255  129   31   44  255  136   34   45  255  128   31   40  255  134   34   42  255  134   29   36  255  136   35   41  255  219  132  140  255  238  169  174  255  230  189  187  255  204  181  175  255  172  158  147  255  171  157  144  255   29    6    0  255   61   33   19  255   59   31   19  255   60   36   26  255   55   38   31  255   60   46   43  255
   48   43   37  255   36   29   23  255   54   43   39  255   57   46   42  255   42   35   29  255   65   60   54  255   42   35   29  255   56   38   34  255   34    0    0  255   40    0    0  255   78   26   28  255   78   24   22  255   76   25   22  255   73   20   16  255   79   18   15  255   77   16   11  255  160  101   93  255  152  104   92  255  189  160  144  255  177  156  139  255  178  159  142  255   26    3    0  255  193  161  146  255   68   32   18  255   69   37   24  255   53   29   19  255   37   22   17  255   57   46   44  255
   43   44   36  255   50   47   40  255   41   32   27  255   47   36   32  255   62   55   49  255   42   37   31  255   43   40   33  255   47   38   33  255   71   52   48  255   46   21   17  255   25    0    0  255   20    0    0  255   26    1    0  255   30    1    0  255   38    1    0  255   39    0    0  255   33    0    0  255  169  140  122  255  137  116   99  255  140  121  106  255  188  165  149  255   62   33   19  255   73   35   22  255  169  131  118  255   48   16    5  255   75   51   41  255   62   49   43  255   31   22   17  255
   22   33   19  255   42   48   36  255   35   31   22  255   53   44   37  255   37   30   24  255   46   41   35  255   53   50   45  255   49   41   38  255   48   34   31  255   58   40   38  255   67   49   47  255   39   21   17  255   58   40   36  255   60   36   32  255   79   43   43  255   52   17   15  255   70   47   39  255   17    0    0  255   17    2    0  255   13    0    0  255   56   31   26  255   81   48   43  255   67   28   23  255   67   28   21  255   63   33   25  255   73   53   44  255   35   22   14  255   50   43   35  255
   30   38   25  255   42   45   34  255   49   42   34  255   59   48   42  255   47   38   33  255   51   44   38  255   45   40   36  255   46   41   37  255   41   30   28  255   43   32   30  255   44   33   31  255   64   53   51  255   49   38   36  255   45   27   25  255   68   39   41  255  131  103  102  255   51   36   33  255   49   40   35  255   60   49   47  255   54   38   38  255  163  139  139  255   57   27   27  255   68   32   32  255   59   25   23  255   49   24   19  255  121  102   96  255   67   56   50  255   47   40   32  255
   40   37   28  255   37   30   22  255   55   41   38  255   47   32   29  255   37   26   24  255   37   27   25  255   48   43   39  255   53   45   42  255   45   35   34  255   63   51   51  255   50   40   39  255   59   51   49  255   49   41   39  255   47   37   35  255   47   29   29  255   69   51   49  255   39   28   26  255   49   39   37  255   34   23   21  255   57   43   42  255   67   47   48  255   57   36   35  255   54   30   28  255   58   37   34  255   44   26   22  255   65   50   45  255   48   37   33  255   62   53   48  255
   59   52   46  255   53   44   39  255   40   26   23  255   39   25   22  255   66   56   54  255   47   39   36  255   49   44   40  255   33   28   24  255   42   32   31  255   50   40   39  255   39   29   28  255   50   42   39  255   44   39   36  255   43   38   34  255   63   53   51  255   46   35   31  255   40   29   25  255   55   44   40  255   55   44   40  255   44   30   27  255  124  110  107  255   46   32   29  255   41   27   24  255   56   42   39  255   36   25   21  255   66   55   51  255   31   20   18  255   52   41   39  255
   64   59   55  255   20   15   11  255   57   49   46  255   54   46   43  255   39   36   31  255   30   29   24  255   44   43   38  255   54   51   46  255   43   35   32  255   45   35   33  255   39   29   27  255   52   43   38  255   44   39   35  255   47   42   36  255   54   47   41  255   52   43   36  255   52   42   32  255   51   38   29  255   46   33   24  255   56   46   36  255   33   25   14  255   52   45   35  255   49   45   34  255   33   29   20  255   55   48   40  255   34   27   19  255   44   35   30  255   67   58   53  255
   39   36   31  255   66   63   58  255   41   36   32  255   33   30   25  255   43   42   37  255   60   59   54  255   29   28   23  255   63   60   55  255   49   41   38  255   49   40   35  255   40   31   26  255   54   45   40  255   57   50   44  255   45   40   34  255   52   45   39  255   34   27   19  255   53   44   35  255   56   46   36  255   55   42   33  255   35   25   15  255   37   31   19  255   41   37   26  255   60   57   48  255   40   37   28  255   42   38   29  255   44   40   31  255   48   41   33  255   43   36   28  255
   41   40   36  255   44   43   39  255   45   41   38  255   30   26   23  255   48   45   40  255   42   39   34  255   48   45   40  255   41   36   32  255   47   42   36  255   44   37   31  255   45   38   32  255   45   38   30  255   48   44   35  255   35   31   22  255   46   39   31  255   34   27   19  255   44   39   35  255   56   48   45  255   39   28   24  255   68   57   53  255   53   44   39  255   50   43   37  255   42   39   34  255   48   45   40  255   45   40   36  255   48   43   37  255   41   39   27  255   31   29   17  255
   46   45   41  255   29   28   24  255   43   39   36  255   59   55   52  255   44   39   35  255   35   30   26  255   48   43   39  255   32   27   23  255   56   51   45  255   46   41   35  255   60   56   47  255   45   41   32  255   46   42   33  255   41   37   28  255   51   44   34  255   55   51   42  255   38   32   32  255   46   40   40  255   32   22   21  255   47   36   34  255   49   39   37  255   31   23   20  255   43   37   37  255   43   39   36  255   59   54   51  255   50   47   40  255   43   41   29  255   44   45   31  255
