   28   28
   17  124  192  255   27  129  193  255   38  124  181  255   46  129  183  255   35  120  177  255   39  128  186  255   37  132  186  255   26  121  177  255   36  126  186  255   36  125  185  255   36  121  176  255   41  127  184  255   35  125  187  255   33  123  186  255   36  122  181  255   39  124  179  255   41  127  178  255   36  124  172  255   39  129  181  255   36  126  178  255   37  123  180  255   39  125  184  255   34  122  186  255   37  125  188  255   43  128  182  255   32  120  170  255   36  127  184  255   15  110  168  255
   34  133  200  255    0   87  148  255    0   76  130  255    0   78  127  255   21  101  154  255    0   83  135  255    0   83  132  255    5   91  142  255    8   87  143  255    3   80  134  255   20   96  146  255    0   78  127  255    0   77  132  255    2   87  142  255    0   80  133  255    9   86  138  255    0   78  127  255    3   84  131  255    5   88  138  255    5   88  138  255    7   87  140  255    3   80  136  255   14   95  151  255    0   77  132  255    7   85  133  255   17   98  145  255    0   78  132  255   18  109  166  255
   30  116  177  255    6   91  146  255    4   81  127  255   23   96  137  255    2   73  117  255   14   83  125  255   30   99  140  255   16   81  121  255   24   83  127  255   28   83  124  255   28   86  123  255   18   82  118  255   12   85  126  255   18   91  134  255   29   92  135  255   20   81  125  255   15   79  123  255   13   82  124  255   13   84  130  255   15   83  130  255   27   91  137  255   20   83  127  255   22   86  130  255   20   85  125  255   36  102  137  255    0   69  108  255   10   90  139  255   27  112  167  255
   36  115  174  255    2   79  133  255   17   88  132  255   31   96  134  255   21   83  124  255   28   87  127  255   25   85  121  255   26   85  119  255   22   72  109  255   31   79  115  255   32   83  114  255   35   92  121  255   13   82  115  255   14   82  119  255   21   79  117  255   21   74  114  255   31   86  127  255   34   93  135  255   25   88  131  255   19   82  125  255   24   82  122  255   31   86  125  255   19   77  115  255   14   73  107  255   24   83  113  255   34   98  133  255    5   78  129  255   35  116  172  255
   56  132  194  255    3   75  133  255   19   85  133  255   18   77  119  255   24   77  119  255   21   74  114  255   22   81  115  255   30   91  122  255   32   88  121  255   36   90  124  255   29   82  113  255   33   92  122  255   18   84  119  255   19   87  126  255   29   88  128  255   33   86  128  255   29   81  121  255   23   76  116  255   14   76  115  255   34   98  136  255   23   85  122  255   18   78  115  255   26   86  123  255   17   77  113  255   32   91  125  255   19   83  121  255   23   96  151  255   32  110  172  255
   40  116  174  255   14   87  140  255   13   77  121  255   24   77  117  255   44   86  126  255   49   87  124  255   38   81  115  255   28   73  106  255   28   74  108  255   33   82  115  255   22   75  106  255   28   85  115  255   26   90  126  255   24   88  126  255   28   87  127  255   19   72  112  255   31   80  121  255   30   82  121  255   30   90  127  255   23   87  123  255   18   81  116  255   19   82  117  255   24   86  125  255   19   78  118  255   34   92  129  255   14   75  119  255    8   81  136  255   26  106  167  255
   45  129  176  255    0   77  120  255   24   93  126  255   36   89  120  255   42   71  103  255   32   47   80  255   48   61   95  255   48   62   97  255   40   60   97  255   44   77  112  255   41   86  119  255   28   83  114  255   24   83  117  255   28   88  124  255   25   83  120  255   33   87  125  255   34   82  122  255   30   79  119  255   27   86  120  255   12   75  108  255   23   83  117  255   30   90  126  255   17   76  118  255   32   91  135  255   11   69  109  255   27   90  133  255   14   90  140  255   32  115  169  255
   36  124  170  255   14   96  136  255   18   85  114  255   29   70   92  255   49   47   69  255   24    0   19  255   50   12   37  255   30    0   20  255   30    7   35  255   58   54   81  255   40   57   83  255   54   88  113  255   44   85  115  255   30   79  111  255   31   81  114  255   24   77  111  255   36   85  125  255   39   91  130  255   21   81  115  255   14   77  108  255   23   84  115  255   40   98  135  255   24   81  126  255   24   78  124  255   33   88  129  255   21   84  125  255    0   75  121  255   30  116  165  255
   35  124  180  255    5   83  131  255   26   85  115  255   53   69   85  255   42    0    4  255  132   41   48  255  218  109  115  255  150   44   48  255  122   37   42  255   54    0    1  255   47   15   26  255   55   49   63  255   48   61   80  255   50   78  102  255   42   83  113  255   30   80  113  255   26   82  117  255   22   85  120  255   27   93  125  255   23   89  121  255   22   82  116  255   27   83  120  255   29   80  125  255   30   81  124  255   30   82  119  255   21   84  119  255    2   81  122  255   32  119  162  255
   36  125  185  255    3   79  128  255   35   84  114  255   57   50   66  255  101   10   19  255  180   36   36  255  194   29   25  255  253   90   83  255  219   78   69  255  166   51   46  255  122   33   35  255   56    0    3  255   50   17   28  255   49   41   56  255   55   67   89  255   47   77  101  255   38   83  112  255   23   78  108  255   21   82  111  255   25   88  119  255   24   83  115  255   29   83  119  255   32   81  122  255   33   82  123  255   36   86  119  255   20   80  114  255   10   88  127  255   31  115  159  255
   42  126  186  255   13   81  130  255   37   73  105  255   22    0   14  255  158   32   44  255  205   19   24  255  222   14   10  255  214    3    0  255  220   27   18  255  255   81   76  255  224   70   72  255  174   48   52  255  128   33   37  255   59    0    0  255   44   11   18  255   48   40   51  255   49   65   81  255   51   83  104  255   45   91  115  255   26   80  108  255   21   76  107  255   40   94  128  255   31   83  122  255   24   74  111  255   35   86  117  255   17   76  108  255   17   90  133  255   30  112  159  255
   43  124  180  255   15   81  131  255   41   76  108  255   20    0   11  255  140   12   25  255  217   28   32  255  227   12   10  255  234    9    3  255  226    8    0  255  219    7    3  255  229   31   32  255  255   77   81  255  216   66   67  255  179   59   58  255  116   28   27  255   51    0    0  255   51   25   34  255   41   41   53  255   42   61   78  255   78  110  131  255   45   87  111  255   29   76  104  255   31   80  113  255   25   74  107  255   38   85  115  255   23   77  111  255   15   86  130  255   27  107  156  255
   46  125  181  255   15   83  130  255   35   78  112  255   33   21   43  255   99    3   14  255  175   22   24  255  200   15   13  255  225   18   12  255  232   13    7  255  233   10    5  255  229    6    7  255  218    5    7  255  230   30   30  255  248   70   68  255  219   66   68  255  184   65   67  255  105   27   27  255   44    0    1  255   42   23   29  255   67   70   79  255   60   79   93  255   39   72   89  255   43   80  106  255   75  116  144  255   40   84  111  255   34   87  119  255   16   84  129  255   33  111  160  255
   36  119  171  255    6   78  126  255   41   91  128  255   59   66   92  255   50    0    5  255  115   10   14  255  147    9    7  255  180   12    9  255  205   10    6  255  225   13   10  255  229    9   11  255  229    6    7  255  231    9    8  255  214    4    3  255  217   35   34  255  245   97   97  255  197   93   90  255  136   69   63  255   87   49   46  255   81   67   66  255   35   40   43  255   37   57   66  255   43   71   92  255   90  126  152  255   32   72   98  255   29   79  114  255    6   77  123  255   30  110  161  255
   40  132  181  255    0   81  128  255   30   87  130  255   49   75  108  255   37   24   41  255   43    0    2  255   71    0    0  255  120   12   12  255  155    6    8  255  183    7   10  255  208   15   20  255  223   17   21  255  229    6    7  255  226   12   10  255  217   35   32  255  229   86   82  255  213  114  108  255  191  128  119  255  175  137  124  255  184  166  154  255   86   86   78  255  114  125  127  255   64   83  100  255   40   67   94  255   40   77  106  255   27   79  118  255   13   87  136  255   32  117  172  255
   31  126  174  255    0   83  129  255   31   94  138  255   35   75  111  255   50   70   94  255   41   40   54  255   45   25   36  255   43    0    0  255   79    0    0  255  128    7   14  255  147    2    9  255  183   14   19  255  206   13   16  255  207   15   14  255  233   65   62  255  236  104   99  255  195  110  103  255  193  143  132  255  208  176  163  255  212  194  180  255  151  144  134  255   83   89   87  255   59   75   88  255   44   70   93  255   42   81  114  255   20   74  118  255   17   93  145  255   34  119  176  255
   35  127  176  255    6   88  135  255   22   87  127  255   34   87  121  255   35   79  108  255   50   84  111  255   50   75   97  255   34   41   57  255   45   27   39  255   43    0    4  255   78    0    7  255  120   11   17  255  140    4    8  255  164   16   16  255  198   59   54  255  204   93   84  255  177  117  109  255  199  169  161  255  116   96   87  255   93   80   71  255  128  124  115  255    0    3    0  255   92  107  114  255   59   87  108  255   27   73  109  255   21   82  129  255    7   79  137  255   32  112  173  255
   36  123  177  255   17   99  147  255    8   76  115  255   26   86  120  255   28   84  119  255   23   76  108  255   40   87  117  255   45   82  108  255   45   71   88  255   41   47   61  255   37   15   28  255   43    0    4  255   74    0    3  255  100    6    7  255  122   22   20  255  161   78   72  255  167  126  120  255  204  185  179  255  154  141  135  255  114  105   98  255  166  161  155  255   10   15   11  255   67   82   87  255   55   86  104  255   34   82  118  255   27   91  139  255    8   80  138  255   30  108  170  255
   37  121  183  255    7   88  143  255   11   84  125  255   21   87  122  255   29   92  127  255   25   81  116  255   36   84  120  255   35   78  112  255   33   72  101  255   49   83  108  255   44   71   92  255   42   51   68  255   34   20   33  255   27    0    1  255   57    8   14  255  116   70   72  255  154  126  123  255  176  161  154  255  194  183  177  255  187  180  174  255   69   66   61  255  112  118  116  255   55   72   79  255   42   73   93  255   36   85  118  255   20   82  129  255   12   87  142  255   25  105  164  255
   44  124  187  255    0   76  132  255   15   88  129  255   27   95  130  255   25   89  125  255   19   74  113  255   24   71  113  255   35   80  121  255   34   82  118  255   26   79  110  255   36   90  118  255   38   84  107  255   36   63   82  255   45   57   71  255   19   15   29  255   16    4   14  255  104   95   98  255  158  153  150  255  141  137  134  255  176  175  173  255   71   75   74  255   77   88   92  255  111  133  144  255   54   89  109  255   35   85  118  255   21   84  127  255   18   91  142  255   30  109  165  255
   46  121  179  255   13   86  137  255   11   78  120  255   19   83  119  255   23   82  122  255   36   91  132  255   34   81  125  255   27   74  116  255   26   78  117  255   27   86  120  255   22   85  116  255   26   87  115  255   27   77  102  255   45   83  106  255   42   73   94  255   35   56   75  255   23   37   48  255   14   23   30  255    7   16   23  255   71   82   88  255   73   86   95  255   51   70   84  255   64   93  111  255   44   84  109  255   29   79  112  255   29   91  130  255    8   80  128  255   36  114  163  255
   47  122  177  255    5   77  127  255   25   90  130  255   24   86  123  255   25   84  126  255   26   80  126  255   32   83  130  255   32   83  128  255   33   86  126  255   20   78  115  255   19   82  117  255   23   86  119  255   26   81  112  255   37   88  119  255   29   80  109  255   38   84  110  255   31   66   88  255   33   60   79  255   27   50   66  255   97  120  136  255   64   91  110  255   34   66   89  255   45   85  111  255   37   84  114  255   21   77  110  255   23   87  125  255    2   76  121  255   31  109  157  255
   49  130  185  255    1   77  127  255   26   93  135  255   14   76  115  255   22   83  127  255   25   83  129  255   34   90  137  255   23   77  123  255   24   77  119  255   30   83  123  255   28   80  120  255   31   83  122  255   28   76  114  255   25   75  110  255   26   85  119  255   21   82  113  255   33   86  120  255   38   84  117  255   32   73  103  255   50   89  118  255   49   92  124  255   36   82  116  255   23   75  112  255   26   84  122  255   19   83  121  255   13   85  125  255    9   87  133  255   27  111  158  255
   35  117  173  255   13   90  142  255    8   75  117  255   25   87  126  255   31   93  134  255   24   83  127  255   27   86  128  255   25   82  125  255   21   76  115  255   28   81  121  255   25   74  115  255   34   81  123  255   46   91  130  255   29   81  118  255   18   81  114  255   21   87  121  255   19   81  118  255   22   78  115  255   43   91  127  255   33   79  113  255   29   79  116  255   28   82  120  255   22   80  120  255   24   86  127  255   14   79  117  255   14   86  126  255   10   91  134  255   34  118  164  255
   33  118  175  255    8   88  139  255   16   83  125  255   24   87  122  255   20   80  114  255   28   87  121  255   21   79  116  255   26   84  121  255   26   84  121  255   32   90  127  255   31   86  127  255   29   82  122  255   29   79  116  255   33   86  120  255   28   87  117  255   20   84  112  255   22   82  116  255   30   86  121  255   22   71  104  255   36   82  115  255   34   82  118  255   28   80  117  255   28   84  121  255   26   86  123  255   28   91  126  255   17   85  120  255    6   84  123  255   30  111  154  255
   35  125  187  255    2   87  141  255    5   78  119  255   18   84  119  255   17   81  116  255   23   87  122  255   19   81  118  255   29   93  129  255   21   86  124  255   23   91  130  255   20   87  130  255   20   84  128  255   18   77  117  255   23   81  119  255   24   87  122  255   25   89  124  255   23   87  123  255   24   86  123  255   23   79  114  255   30   82  119  255   26   80  118  255   30   85  124  255   25   84  124  255   24   88  126  255   27   93  128  255   15   85  121  255    5   82  124  255   28  109  154  255
   29  128  193  255    2   97  155  255    9   91  138  255   16   93  135  255   14   89  131  255   16   89  132  255    7   81  126  255   13   90  134  255    8   87  130  255    5   86  131  255    3   85  133  255    7   85  134  255    5   77  127  255   11   79  128  255   11   84  129  255   15   89  134  255   15   89  136  255   11   85  132  255   18   86  131  255   19   86  129  255   11   78  123  255   23   90  135  255   15   83  128  255   17   88  132  255    9   82  125  255    4   81  125  255    3   85  133  255   25  111  160  255
   12  115  181  255    5  104  163  255   25  113  163  255   30  113  157  255   31  109  157  255   37  115  163  255   30  110  159  255   33  115  163  255   29  115  162  255   22  110  158  255   21  111  163  255   30  115  169  255   34  111  165  255   37  113  165  255   33  109  161  255   29  109  160  255   31  111  164  255   26  106  157  255   37  113  163  255   41  115  164  255   31  103  151  255   41  113  161  255   34  108  155  255   34  111  157  255   35  112  158  255   33  114  161  255   25  111  162  255   31  118  171  255
