   28   28
   48   40   29  255   34   27   17  255   60   57   52  255   29   28   23  255   56   51   45  255   44   40   31  255   61   54   46  255   46   37   30  255   52   34   34  255   52   24   23  255   62   20   21  255   57    9    5  255   53    8    3  255   60   13    7  255   62    2    4  255   64    2    7  255   62    5   11  255   55   10   15  255   62   39   45  255   54   43   47  255   44   34   35  255   51   43   41  255   45   35   33  255   49   40   35  255   43   32   30  255   54   40   37  255   52   37   34  255   43   25   21  255
   50   43   33  255   41   37   28  255   56   52   49  255   29   28   24  255   62   59   52  255   45   38   30  255   49   38   32  255   50   31   27  255   50   15   19  255   55    4   11  255   83   16   23  255  118   46   50  255  115   45   47  255  113   41   44  255  123   42   49  255  120   37   47  255  121   44   54  255   80   17   25  255   49    6   13  255   53   27   30  255   54   38   38  255   41   31   29  255   41   36   30  255   39   34   28  255   70   63   57  255   42   33   28  255   53   40   34  255   49   36   28  255
   33   28   22  255   50   47   42  255   39   37   38  255   41   39   40  255   41   37   34  255   47   38   33  255   45   28   21  255   65   26   27  255  112   40   52  255  199  102  121  255  148   30   52  255  188   65   86  255  182   61   78  255  184   63   80  255  185   62   80  255  188   65   85  255  190   71   90  255  144   39   53  255  121   41   50  255   72   17   20  255   57   29   26  255   43   34   25  255   60   60   50  255   42   46   32  255   23   25   12  255   45   45   33  255   35   31   20  255   50   44   32  255
   31   26   20  255   50   47   42  255   26   25   23  255   38   36   37  255   50   42   39  255   38   19   15  255   59   21   20  255   70    5    9  255  141   42   60  255  182   60   85  255  215   78  108  255  246  103  133  255  245  105  131  255  239  101  126  255  245  105  131  255  238   98  124  255  245  107  130  255  209   84  100  255  177   75   86  255   95   23   26  255   63   24   19  255   37   23   14  255   38   38   26  255   43   49   35  255   25   27   14  255   63   63   51  255   26   26   14  255   52   50   38  255
   53   45   34  255   53   46   36  255   33   30   25  255   51   46   42  255   50   35   32  255   73   35   34  255   78    7   11  255  148   53   61  255  199   83  102  255  238  112  136  255  228   99  129  255  224   95  125  255  227  100  129  255  229  100  128  255  227   97  125  255  230   97  124  255  227   95  118  255  225  100  116  255  192   82   91  255  137   52   55  255   67   18   14  255   57   32   27  255   47   38   31  255   44   41   34  255   52   48   39  255   45   41   32  255   44   41   34  255   46   45   40  255
   50   40   28  255   38   30   19  255   41   36   30  255   50   40   38  255   47   26   23  255   60   12   12  255  137   46   53  255  194   80   90  255  229  106  124  255  226  103  124  255  222   99  128  255  224  104  132  255  220   97  126  255  222   98  126  255  230  103  132  255  225   95  123  255  232  100  124  255  237  108  128  255  198   78   90  255  140   41   46  255   72    6    7  255   68   27   25  255   50   26   24  255   61   50   46  255   51   40   36  255   30   23   17  255   48   44   41  255   34   33   29  255
   40   31   22  255   51   42   35  255   55   45   44  255   33   21   21  255   67   47   46  255   61   12   15  255  142   42   50  255  197   75   86  255  228  110  122  255  216   99  117  255  217   97  124  255  224  101  130  255  223   99  125  255  226  100  124  255  230  102  127  255  232   99  126  255  235   97  123  255  225   87  112  255  205   72   91  255  155   37   51  255   99    9   18  255   91   26   30  255   68   26   27  255   42   18   16  255   53   38   35  255   45   37   34  255   38   32   32  255   45   41   40  255
   45   41   32  255   52   45   39  255   57   45   47  255   46   30   33  255   52   32   33  255   61   11   14  255  139   35   42  255  197   70   81  255  226  106  116  255  223  105  121  255  225  102  130  255  229  104  134  255  226  100  124  255  229  102  123  255  232  103  125  255  232   98  122  255  239   99  126  255  217   75  101  255  194   55   78  255  205   76   96  255  159   49   62  255  101   14   22  255   77   17   19  255   52   12   12  255   41   20   17  255   53   43   41  255   43   38   35  255   47   46   44  255
   35   41   31  255   47   48   42  255   46   34   34  255   61   40   45  255   49   24   27  255   65   13   17  255  146   41   48  255  198   68   78  255  232  106  118  255  231  106  124  255  224  100  128  255  213   89  117  255  215   92  113  255  219   94  112  255  222   90  111  255  226   90  112  255  226   88  113  255  224   86  111  255  231   93  118  255  228   95  116  255  197   72   88  255  177   70   78  255  141   61   64  255   88   32   31  255   65   34   31  255   39   26   20  255   45   40   34  255   50   51   45  255
   46   54   41  255   32   33   25  255   45   35   33  255   61   43   43  255   56   34   36  255   64   15   18  255  137   38   43  255  202   77   85  255  221   95  109  255  212   89  109  255  188   71   97  255  159   47   71  255  156   48   63  255  160   50   61  255  166   51   64  255  162   46   59  255  164   49   64  255  167   52   69  255  158   45   63  255  160   49   65  255  170   58   70  255  159   60   65  255  140   65   62  255  141   88   82  255   50   21   17  255   38   25   19  255   52   47   41  255   26   26   18  255
   45   47   34  255   38   38   26  255   44   37   27  255   51   40   34  255   53   38   33  255   57   17   15  255  125   40   43  255  164   55   60  255  174   56   70  255  162   49   67  255  139   42   62  255   99   12   29  255   96   14   18  255   95   17   15  255   94   19   16  255   93   19   18  255   88   14   15  255   88   17   21  255   83   17   21  255   91   26   30  255   89   19   19  255   91   28   23  255   81   33   23  255   70   38   27  255   36   21   14  255   50   45   39  255   52   47   41  255   44   41   34  255
   26   28   17  255   45   45   33  255   39   35   24  255   52   43   34  255   41   28   22  255   53   22   19  255   98   34   32  255  130   46   46  255  141   48   56  255  104   14   26  255   83    9   22  255   87   20   29  255  121   56   50  255  113   54   40  255  103   47   32  255  104   52   39  255  103   53   44  255  133   86   80  255   74   35   30  255   78   41   35  255   58   19   12  255   62   25   16  255   47   20    9  255   46   29   19  255   41   34   26  255   48   45   38  255   29   24   20  255   45   40   34  255
   40   47   40  255   44   49   42  255   39   36   29  255   54   45   40  255   48   32   32  255   54   28   27  255   52   11    5  255   83   33   26  255   78   24   22  255   56    5    4  255   51    5    7  255  111   63   59  255  204  147  128  255  219  162  135  255  224  170  144  255  215  165  142  255  201  155  139  255  255  236  224  255  189  159  148  255  174  150  138  255   75   53   42  255   57   39   29  255   43   30   21  255   59   50   43  255   41   36   32  255   40   37   32  255   43   38   35  255   49   44   40  255
   32   38   34  255   39   41   36  255   48   41   35  255   40   29   25  255   66   52   52  255   54   36   34  255   50   30   21  255   46   22   10  255   46   19   10  255   53   24   18  255   40   11    7  255  100   66   54  255  196  150  124  255  220  170  137  255  250  197  166  255  246  196  169  255  238  193  170  255  250  212  191  255  255  234  216  255  210  189  172  255   61   47   34  255   35   26   17  255   44   37   31  255   56   48   45  255   45   37   34  255   47   39   36  255   44   36   33  255   50   45   41  255
   26   27   22  255   49   44   38  255   63   48   41  255   44   29   22  255   55   48   42  255   37   34   27  255   52   46   32  255   33   26   10  255   38   24   15  255   43   24   17  255   37   16   11  255   93   67   54  255  181  148  117  255  200  160  124  255  218  167  136  255  234  183  154  255  246  199  169  255  233  192  162  255  236  200  174  255  210  184  161  255   67   54   38  255   42   33   24  255   44   34   32  255   46   34   34  255   57   42   39  255   56   41   38  255   31   22   15  255   47   40   32  255
   46   43   38  255   46   41   35  255   43   30   22  255   56   43   34  255   35   31   22  255   51   51   41  255   44   42   29  255   52   50   37  255   36   29   21  255   39   26   20  255   42   18   14  255   59   29   18  255  139  103   77  255  188  147  115  255  191  141  116  255  216  166  141  255  222  178  151  255  216  179  152  255  222  188  163  255  135  108   87  255   51   38   22  255   54   47   37  255   42   37   33  255   50   40   38  255   45   30   27  255   53   35   31  255   54   43   37  255   49   40   31  255
   55   54   50  255   33   32   27  255   29   29   21  255   49   46   37  255   39   32   22  255   62   55   45  255   36   27   20  255   56   49   43  255   43   38   35  255   38   24   23  255   54   18   20  255   80   32   28  255   89   37   24  255  110   57   41  255  100   51   34  255  104   61   45  255  101   65   51  255  103   73   62  255   96   69   58  255   59   39   28  255   47   37   27  255   48   45   36  255   31   34   25  255   39   40   32  255   45   38   32  255   46   35   31  255   63   49   46  255   47   32   27  255
   31   27   24  255   45   44   40  255   39   40   34  255   30   31   23  255   46   42   31  255   42   33   24  255   49   40   33  255   53   46   40  255   40   35   32  255   31   13   13  255   86   37   40  255  129   65   65  255   98   31   23  255   91   27   15  255   85   32   18  255   60   18    6  255   42   15    6  255   31   12    6  255   38   20   16  255   45   32   26  255   55   48   42  255   51   51   43  255   33   39   29  255   37   43   33  255   49   46   39  255   46   37   32  255   40   26   23  255   53   38   35  255
   38   28   27  255   50   42   40  255   53   49   46  255   37   36   31  255   45   42   33  255   41   38   29  255   48   45   36  255   35   32   23  255   35   28   22  255   58   33   29  255   85   25   25  255  107   29   27  255  129   49   38  255  103   25   12  255  102   35   19  255   73   25   11  255   40   22   12  255   28   24   15  255   34   31   24  255   38   35   28  255   36   33   28  255   34   33   28  255   38   41   34  255   49   52   45  255   42   39   34  255   39   31   28  255   39   28   24  255   48   34   31  255
   44   34   33  255   54   46   44  255   47   42   39  255   43   42   38  255   36   35   30  255   28   29   21  255   29   30   22  255   29   26   19  255   30   21   16  255   54   25   21  255  137   76   75  255  236  159  153  255  234  156  144  255  224  153  135  255  231  170  152  255  119   77   63  255   25   12    3  255   21   24   17  255   23   28   21  255   24   26   21  255   25   24   20  255   29   28   24  255   33   33   31  255   33   34   29  255   43   42   38  255   59   54   50  255   41   33   30  255   56   47   42  255
   52   47   43  255   32   27   23  255   45   41   38  255   33   32   30  255   19   20   15  255   27   28   23  255   26   27   22  255   29   25   22  255   33   22   20  255   55   27   24  255  143   92   89  255  219  159  151  255  219  163  148  255  214  165  148  255  231  192  175  255  120   94   81  255   25   18   10  255   26   31   25  255   25   32   25  255   25   30   26  255   29   28   26  255   26   22   21  255   26   22   23  255   25   24   22  255   28   29   24  255   37   36   31  255   51   48   43  255   31   26   22  255
   41   36   30  255   45   40   34  255   29   25   22  255   20   20   18  255   28   30   29  255   28   30   29  255   27   29   28  255   27   26   24  255   33   23   22  255   37   16   13  255  108   69   64  255  232  188  177  255  236  197  180  255  138  103   84  255   64   30   18  255   57   30   21  255   36   21   16  255   32   27   24  255   21   23   18  255   20   22   19  255   31   27   28  255   32   26   28  255   31   25   27  255   30   28   29  255   23   25   22  255   33   35   30  255   37   36   31  255   43   40   35  255
   44   35   28  255   37   30   24  255   34   29   26  255   26   26   26  255   19   23   24  255   24   30   30  255   22   26   27  255   26   26   26  255   30   26   25  255   33   22   16  255   46   24   13  255   65   37   23  255   66   41   21  255   52   23    7  255   50    6    3  255   50    6    7  255   47   11   13  255   44   18   19  255   38   26   26  255   33   27   27  255   32   21   25  255   31   20   26  255   29   23   27  255   28   26   27  255   21   26   22  255   20   27   20  255   41   42   36  255   38   37   32  255
   64   55   46  255   31   24   18  255   29   23   23  255   24   24   26  255   27   31   34  255   23   28   31  255   27   28   32  255   27   25   26  255   31   26   23  255   25   12    6  255   59   35   23  255  111   80   62  255   78   45   26  255   66   20    7  255  102   33   36  255  106   33   44  255  102   42   50  255   63   21   25  255   39   18   17  255   33   21   21  255   34   22   26  255   35   24   30  255   32   23   28  255   24   22   23  255   24   30   26  255   22   29   22  255   26   27   21  255   41   40   35  255
   41   38   29  255   24   21   14  255   27   23   22  255   28   28   30  255   27   28   32  255   23   24   28  255   30   28   31  255   29   19   20  255   46   28   26  255  100   71   65  255   87   45   33  255   57    4    0  255   77   15    0  255  130   50   43  255  182   72   83  255  146   35   52  255  112   29   39  255  102   45   51  255   54   24   24  255   33   17   17  255   37   25   27  255   29   20   23  255   31   25   27  255   30   30   30  255   22   28   24  255   17   24   17  255   25   24   19  255   41   38   33  255
   45   47   36  255   27   28   22  255   25   25   25  255   27   27   29  255   27   26   32  255   25   24   29  255   33   27   31  255   33   21   23  255   48   27   26  255   99   64   60  255  134   84   73  255  139   77   62  255  155   86   71  255  169   82   75  255  184   68   79  255  186   71   88  255  167   80   89  255  125   65   67  255   61   30   27  255   37   23   20  255   37   27   26  255   29   23   23  255   29   25   26  255   25   25   23  255   21   26   22  255   25   30   24  255   31   28   23  255   66   61   57  255
   46   54   43  255   30   37   29  255   25   27   26  255   25   25   27  255   28   27   33  255   27   24   31  255   31   26   32  255   35   23   27  255   40   18   21  255   66   32   31  255  107   58   51  255  110   52   41  255  107   49   35  255  116   49   40  255  117   35   39  255  120   34   43  255  118   43   47  255   79   25   23  255   38   13    6  255   29   22   14  255   30   26   23  255   28   27   25  255   35   31   32  255   33   32   30  255   26   28   25  255   17   18   13  255   62   57   53  255   31   24   18  255
   44   56   44  255   31   41   32  255   25   27   26  255   25   25   27  255   29   28   34  255   28   25   32  255   28   23   29  255   33   22   28  255   43   21   24  255   41    7    6  255   57    8    4  255   63    9    0  255   57    5    0  255   61    7    0  255   74    6    7  255   70    0    3  255   74    6    7  255   58    7    3  255   41   21   12  255   34   30   19  255   28   27   23  255   24   24   22  255   25   21   22  255   22   21   19  255   28   28   26  255   31   32   26  255   48   40   37  255   54   45   40  255
