   28   28
   43   44   46  255   41   41   41  255   36   32   31  255   46   46   46  255   23   30   36  255   37   47   56  255   51   53   66  255   40   41   46  255   37   41   27  255   31   35   21  255   46   47   52  255   38   40   52  255   33   36   43  255   46   46   46  255   43   32   28  255   46   35   31  255   36   34   39  255   35   37   49  255   50   52   65  255   39   41   53  255   39   39   47  255   43   43   43  255   37   29   26  255   52   43   36  255   37   27   18  255   44   35   26  255   62   59   50  255   41   41   31  255
   31   35   44  255   42   45   52  255    8    6    9  255   39   39   41  255   24   33   42  255   37   45   56  255   46   48   60  255   40   41   46  255   34   36   31  255   48   51   44  255   25   24   30  255    8    8   18  255   39   44   48  255   21   22   24  255   26   18   16  255   48   39   40  255   34   33   39  255   30   34   45  255   25   28   43  255   60   63   78  255   44   51   61  255   35   40   46  255   42   40   43  255   42   37   34  255   61   54   48  255   55   48   42  255   26   23   16  255   47   48   40  255
   17   29   53  255    4   12   31  255    6    6   16  255    5    5   13  255   37   44   60  255   35   42   58  255   29   31   43  255   29   29   37  255   16   19   26  255   30   30   38  255   10    8   13  255   37   36   41  255   41   46   49  255   23   28   32  255    9    8   16  255   24   21   32  255   40   42   54  255   38   44   56  255   38   44   60  255   40   48   67  255   55   74   89  255   43   60   76  255   57   65   78  255   59   59   69  255   44   39   43  255   45   41   40  255   31   31   29  255   31   33   30  255
   13   36   80  255    3   22   62  255   29   43   70  255    0    8   35  255   21   36   67  255   43   58   89  255   35   47   73  255   12   23   45  255    2   12   37  255    7   18   40  255   35   40   62  255   13   20   38  255   17   34   44  255    6   24   38  255   17   27   52  255   46   55   86  255   27   38   66  255   26   40   67  255   26   37   65  255   50   67   95  255   13   40   69  255    0   24   51  255   22   35   54  255   35   39   51  255   16   14   19  255   32   28   27  255   50   50   48  255   25   27   22  255
   10   50  119  255   33   72  137  255   27   59  120  255    6   35   93  255   40   66  123  255   42   71  127  255   38   69  126  255   19   51  102  255   26   55   97  255   33   60  103  255   20   43   97  255   31   54  104  255   43   73  107  255   20   55   87  255   27   57  107  255   20   49  107  255   20   46  107  255   43   68  125  255   33   57  105  255   18   45   90  255   48   78  128  255   23   48   89  255   29   41   63  255   28   31   40  255   47   42   46  255   49   44   41  255   43   43   35  255   42   44   33  255
   44   98  186  255   53  105  191  255   36   80  167  255   35   77  161  255   49   90  170  255   10   51  131  255   56  101  182  255   39   85  162  255   24   69  136  255   15   56  122  255   36   72  148  255   46   82  156  255   26   70  131  255   15   61  121  255   41   85  158  255   28   71  149  255   43   82  161  255   58   94  168  255   68  101  170  255   40   72  133  255   54   85  142  255    9   33   77  255   16   28   52  255   27   31   40  255   40   36   37  255   43   38   34  255   42   39   30  255   42   42   30  255
   52  111  211  255   36   93  196  255   47  100  206  255   39   90  197  255   68  121  223  255   71  125  225  255   50  104  204  255   40   94  192  255   32   88  185  255   40   95  186  255   27   73  159  255   33   79  165  255   78  129  221  255   71  126  219  255   40   94  184  255   20   72  158  255   32   80  164  255   57  104  186  255   71  113  199  255   29   67  142  255    9   41   90  255   12   35   66  255   59   71   93  255   56   62   74  255   19   20   22  255   26   25   20  255   56   56   48  255   44   44   34  255
   78  136  243  255   85  143  251  255   67  124  239  255   65  122  237  255   94  151  255  255   89  147  255  255   79  136  243  255   62  119  226  255   60  118  228  255   55  112  217  255   66  117  209  255   88  139  231  255   82  136  244  255   75  131  242  255   71  126  229  255   75  131  226  255   95  151  238  255   58  112  200  255   75  123  221  255   62  103  185  255   25   56  100  255    0   19   43  255    0    2   20  255   34   38   49  255   56   58   57  255   34   34   26  255   45   45   37  255   42   39   32  255
   96  147  254  255   92  146  254  255   77  138  245  255   85  145  255  255   86  140  249  255   92  144  253  255   91  146  247  255   85  140  241  255   92  140  250  255   87  134  240  255   86  137  229  255  100  153  245  255   91  144  248  255   93  147  255  255   85  137  246  255   88  143  246  255   88  149  242  255   92  153  246  255   78  132  232  255   29   74  157  255   16   45   85  255   32   49   67  255   40   46   60  255   38   37   43  255   41   38   33  255   43   39   28  255   59   54   48  255   32   27   23  255
  115  161  255  255  113  163  255  255   87  146  250  255   84  143  247  255  101  151  250  255  112  158  252  255  112  161  253  255  119  166  255  255  121  161  255  255  124  164  255  255  121  167  255  255  121  171  255  255  111  164  255  255  100  153  255  255   92  144  253  255   91  144  250  255  101  159  255  255   91  149  246  255   76  128  229  255   39   84  167  255   36   67  114  255    0    5   29  255   38   45   63  255   10   11   16  255   38   34   31  255   39   32   24  255   46   41   35  255   33   28   24  255
  145  189  255  255  131  179  255  255  102  157  255  255   87  142  242  255  113  160  240  255  137  180  249  255  151  188  255  255  151  185  255  255  152  185  255  255  148  181  255  255  137  173  249  255  139  180  255  255  131  182  255  255  117  171  255  255  100  152  253  255   86  135  240  255  100  149  252  255   95  143  243  255   76  120  217  255   24   64  149  255   24   55  119  255    5   29   73  255   25   39   65  255   38   44   56  255   39   40   44  255   37   36   34  255   34   31   26  255   40   37   30  255
  149  185  243  255  130  170  239  255  104  153  245  255   98  145  235  255  147  185  247  255  178  210  255  255  182  209  255  255  161  186  240  255  172  197  251  255  181  206  255  255  158  183  247  255  156  187  252  255  135  179  244  255  116  164  238  255  102  149  239  255  112  158  255  255  112  157  255  255   90  133  235  255   72  114  212  255   32   69  157  255   46   79  146  255   43   70  117  255   39   54   83  255   49   56   72  255   52   53   58  255   38   37   35  255   49   46   41  255   46   43   36  255
  174  199  239  255  157  189  240  255  123  162  239  255  120  156  230  255  195  218  255  255  215  232  255  255  203  222  254  255  187  206  238  255  202  217  246  255  209  224  255  255  172  186  233  255  170  192  242  255  168  199  246  255  143  180  235  255  114  153  228  255  124  168  255  255  124  170  255  255   76  124  222  255   74  117  221  255   34   74  162  255   24   56  113  255   29   53   91  255   45   56   84  255   27   30   47  255   35   33   36  255   64   59   55  255   44   39   33  255   33   28   22  255
  218  235  255  255  203  225  255  255  167  197  255  255  160  189  247  255  221  235  255  255  226  235  250  255  221  236  255  255  220  235  255  255  224  236  252  255  224  232  251  255  210  219  250  255  214  227  255  255  208  231  255  255  185  214  255  255  167  201  255  255  164  203  255  255  130  180  255  255   78  131  227  255   88  135  239  255   70  110  198  255   33   65  114  255   16   37   64  255   13   24   46  255   41   43   58  255   41   37   38  255   51   46   40  255   50   43   37  255   47   40   34  255
  219  231  255  255  217  231  255  255  188  211  255  255  186  207  254  255  234  243  255  255  228  236  239  255  224  237  253  255  211  226  247  255  220  231  249  255  222  231  246  255  227  233  247  255  229  236  254  255  210  225  254  255  199  221  255  255  190  217  255  255  175  214  255  255  116  169  249  255   95  151  244  255   80  133  235  255   49   91  177  255   37   64  107  255   11   26   45  255    1    9   22  255   32   32   40  255   32   31   29  255   44   41   36  255   43   35   32  255   49   39   37  255
  203  217  254  255  213  230  255  255  172  198  255  255  169  193  241  255  233  246  255  255  228  241  250  255  203  224  255  255  175  197  236  255  190  209  242  255  222  236  255  255  228  236  255  255  221  232  250  255  200  217  247  255  187  208  251  255  156  182  239  255  148  185  255  255  119  171  255  255  101  157  252  255   83  136  238  255   44   86  172  255   23   50   97  255   19   36   56  255   16   25   34  255   34   38   39  255   32   32   32  255   48   44   43  255   59   51   49  255   43   35   32  255
  177  201  255  255  178  207  255  255  138  178  248  255  141  180  239  255  218  243  255  255  192  217  247  255  163  199  255  255  131  169  242  255  154  182  245  255  190  213  255  255  199  220  255  255  187  211  249  255  189  217  255  255  184  215  255  255  144  174  244  255  126  162  248  255  112  161  255  255  102  155  255  255   81  130  233  255   49   90  182  255   31   62  126  255   20   42   79  255   24   37   46  255   39   45   43  255   37   34   41  255   46   39   46  255   50   45   42  255   39   34   28  255
  148  185  255  255  135  176  255  255   99  150  233  255  103  151  223  255  196  230  255  255  162  195  246  255  122  169  251  255   95  144  237  255  118  155  243  255  144  177  254  255  149  183  247  255  156  191  249  255  147  182  236  255  172  208  255  255  164  200  255  255  128  168  253  255  105  153  251  255   86  138  239  255   99  145  241  255   30   70  157  255   30   63  132  255   23   47   93  255   30   48   62  255   32   40   43  255   47   46   54  255   46   41   48  255   43   38   35  255   38   34   25  255
  112  161  253  255  100  151  243  255   67  123  218  255   72  123  212  255  174  212  255  255  148  186  255  255  111  162  254  255  100  153  255  255  104  148  253  255  108  150  248  255  128  173  255  255  128  171  249  255  117  161  236  255  135  179  250  255  165  210  255  255  141  189  255  255  111  163  249  255   99  150  239  255   99  146  224  255   54   94  163  255   32   63  127  255   58   81  131  255   49   66   94  255   24   36   50  255   44   46   58  255   38   36   39  255   48   40   37  255   41   32   23  255
   98  156  253  255   76  136  234  255   52  111  215  255   59  113  213  255  122  166  255  255  119  163  252  255   90  143  245  255   81  137  246  255   83  135  245  255   96  147  254  255  113  163  255  255  108  158  253  255   96  145  237  255  118  168  253  255  147  197  255  255  149  201  255  255  115  171  255  255   95  149  237  255   42   89  161  255   14   50  110  255   61   88  141  255   40   59  101  255   22   36   63  255   17   26   43  255   46   49   58  255   43   41   42  255   54   49   43  255   33   26   16  255
   84  148  248  255   83  146  249  255   72  130  238  255   72  126  234  255   68  115  219  255   88  137  240  255   83  136  248  255   56  114  224  255   63  120  225  255   89  144  247  255   95  147  255  255   98  150  255  255   95  146  253  255   97  146  248  255  104  154  249  255  100  155  248  255   95  154  255  255   91  147  244  255   67  113  191  255   45   77  136  255   36   55   88  255   26   37   55  255   14   18   30  255   35   35   43  255   33   34   39  255   42   42   42  255   38   38   30  255   29   29   17  255
   81  145  245  255   91  150  252  255   76  129  233  255   65  116  223  255   49  100  209  255   71  122  231  255   58  112  218  255   47  102  203  255   44  100  195  255   53  108  201  255   84  137  233  255   71  120  222  255   79  126  234  255   91  138  246  255   79  128  230  255   85  137  238  255   80  138  238  255   85  138  232  255   36   78  154  255   49   79  131  255   39   55   80  255   35   42   52  255   39   38   44  255   47   42   46  255   29   25   26  255   50   49   45  255   33   33   25  255   54   56   45  255
   30   84  182  255  101  151  248  255   76  121  212  255   55   99  194  255   48   97  202  255   38   90  192  255   46   98  184  255   11   62  143  255   53  104  187  255   38   85  163  255   22   70  132  255   77  122  189  255   97  137  232  255   86  127  232  255   61  105  200  255   48   95  185  255   55  101  189  255   59  100  179  255   69  105  167  255   34   63  107  255   26   44   68  255   56   64   75  255   13   10   17  255   41   32   33  255   47   37   35  255   59   52   46  255   40   37   30  255   47   47   39  255
   45   86  168  255   32   70  145  255   33   62  128  255    5   35  105  255   29   67  152  255   34   76  160  255   31   72  134  255   31   70  125  255   21   57  119  255   25   60  114  255   18   53   85  255   20   52   91  255   32   61  129  255   43   72  152  255   22   56  128  255    4   39  105  255   14   45  109  255   43   72  128  255   34   62  109  255   25   49   85  255   28   44   67  255    2   10   23  255   35   34   39  255    8    2    2  255   49   39   37  255   51   42   37  255   57   52   48  255   41   38   33  255
   19   41   91  255    0   14   57  255   37   47   74  255    0    1   30  255   15   36   81  255   40   64  112  255   32   52   87  255   10   27   55  255    0   14   40  255    9   24   45  255   32   44   56  255    2   11   26  255   16   25   56  255   11   24   59  255   35   50   83  255   43   58   89  255   22   37   66  255   31   46   75  255   18   35   65  255   22   38   64  255   43   58   79  255   27   37   49  255    0    4    7  255   24   24   22  255   13    9   10  255   30   24   24  255   46   43   38  255   49   46   39  255
   28   42   68  255    7   15   34  255   29   26   33  255    2    0    5  255   30   38   57  255   22   34   56  255   20   27   45  255   31   37   49  255   14   18   27  255   24   28   31  255   16   16   18  255   43   42   47  255   49   49   59  255   47   49   61  255    6    9   18  255   29   32   41  255   39   43   55  255   43   49   65  255   50   57   75  255   18   27   44  255   24   33   48  255    0    6   15  255   30   35   38  255   46   48   47  255   45   45   45  255   36   35   33  255   50   47   40  255   30   28   16  255
   19   36   44  255   42   51   58  255   11    5    7  255   49   40   41  255   27   31   34  255   50   57   63  255   53   55   68  255   36   36   48  255   42   46   49  255   41   43   42  255    0    0    2  255   22   20   25  255   33   31   42  255    5    4   12  255   16   14   15  255   43   41   44  255   39   38   54  255   33   34   52  255   39   42   49  255   24   25   29  255   55   56   58  255   46   47   49  255   26   30   33  255   43   47   48  255   27   29   24  255   33   35   24  255   50   51   37  255   31   30   12  255
   31   49   49  255    3   13   12  255   40   31   32  255   54   44   42  255   43   44   39  255   36   40   39  255   45   45   55  255   39   37   48  255   25   27   26  255    7    9    6  255   47   45   46  255   41   39   44  255   39   37   48  255   48   45   52  255   51   46   42  255   45   41   40  255   44   41   58  255   46   45   63  255   52   51   56  255   54   53   49  255   28   25   20  255   45   44   42  255   34   35   39  255   26   30   33  255   44   49   42  255   41   45   31  255   29   30   12  255   61   60   40  255
