   28   28
   84   23   30  255   85   18   25  255   94   13   19  255  163   62   68  255  191   61   71  255  190   46   55  255  235   94  102  255  231   98  103  255  249  134  137  255  255  155  158  255  251  154  161  255  253  178  182  255  255  224  222  255  255  239  234  255  255  231  231  255  255  224  224  255  255  225  228  255  255  202  205  255  252  159  169  255  236  118  130  255  229   87  101  255  237   89  103  255  237   93  103  255  222   99  104  255  156   62   63  255   95   21   20  255   86   17   22  255   71    6   12  255
   66   17   20  255   71   15   18  255  109   37   40  255  139   43   47  255  174   42   53  255  209   63   74  255  222   78   87  255  222   87   93  255  227  106  111  255  236  125  132  255  232  128  137  255  222  141  148  255  239  195  194  255  243  215  212  255  229  195  196  255  244  203  207  255  246  200  202  255  231  169  172  255  220  129  136  255  206   90   99  255  202   64   77  255  226   78   92  255  229   85   95  255  205   78   85  255  138   46   47  255  102   32   32  255  116   56   58  255   67   12   15  255
   55   32   26  255   55   20   16  255   62    4    2  255  105   15   17  255  167   33   44  255  202   50   63  255  216   70   80  255  230   93  101  255  224   92  103  255  223   97  109  255  221  103  119  255  219  125  139  255  236  186  189  255  239  205  206  255  221  178  185  255  234  185  191  255  239  187  191  255  227  163  164  255  210  121  127  255  198   87   94  255  207   75   86  255  225   81   91  255  216   68   80  255  198   67   75  255  108   16   17  255   63    2    0  255   60   16   13  255   53   19   17  255
   67   57   47  255   60   31   25  255   82   18   18  255  137   41   45  255  176   44   57  255  210   64   77  255  227   86   95  255  232   95  103  255  227   95  108  255  219   97  110  255  228  120  135  255  248  168  179  255  254  213  217  255  252  228  228  255  252  217  223  255  251  210  218  255  250  208  210  255  255  205  204  255  255  186  187  255  251  156  160  255  244  123  130  255  219   82   92  255  198   47   62  255  191   53   66  255  142   37   42  255   88   16   17  255   81   37   34  255   64   37   30  255
   50   40   30  255   71   33   30  255  109   19   28  255  151   33   45  255  175   51   61  255  206   76   84  255  236  100  110  255  226   95  103  255  227  107  117  255  227  127  135  255  244  173  179  255  255  217  218  255  250  236  233  255  246  245  241  255  255  247  248  255  255  240  243  255  255  247  247  255  255  235  231  255  255  222  219  255  255  197  196  255  247  144  148  255  217   87   97  255  204   56   72  255  199   51   67  255  160   28   42  255  125   21   30  255   88   28   28  255   72   35   29  255
   58   39   32  255   83   39   38  255  120   27   37  255  161   40   55  255  139   13   24  255  212   81   89  255  230   94  104  255  227   97  107  255  237  126  133  255  248  163  168  255  255  209  211  255  253  227  226  255  240  239  234  255  241  247  243  255  242  243  245  255  248  242  244  255  255  242  242  255  245  216  218  255  237  191  191  255  245  175  177  255  249  145  152  255  229  103  114  255  214   76   89  255  193   52   68  255  172   37   52  255  133   23   34  255   78   14   14  255   91   50   44  255
   81   48   43  255   68   23   20  255   82    7   11  255  143   37   47  255  201   65   79  255  208   60   76  255  228   83   98  255  228   98  110  255  243  136  144  255  255  176  182  255  255  202  208  255  248  218  220  255  245  240  237  255  249  251  250  255  248  243  247  255  252  235  243  255  255  219  229  255  244  188  199  255  228  148  161  255  234  132  146  255  240  118  131  255  219   92  103  255  198   81   87  255  167   54   60  255  155   46   52  255  106   15   20  255   93   38   35  255   80   43   35  255
   62   29   24  255   70   26   23  255   91   25   26  255  115   18   25  255  178   43   57  255  201   50   67  255  219   72   88  255  223   93  105  255  238  137  145  255  250  173  179  255  239  184  189  255  242  210  213  255  247  237  238  255  242  242  242  255  250  244  248  255  245  226  232  255  240  200  209  255  220  157  168  255  213  119  135  255  233  114  133  255  232   97  114  255  207   71   85  255  184   65   71  255  125   19   23  255  138   42   46  255   99   20   23  255   75   27   23  255   60   27   20  255
   45   27   17  255   64   31   24  255   83   15   16  255  128   33   39  255  149   29   38  255  177   43   54  255  213   73   86  255  223   97  108  255  234  139  145  255  246  177  180  255  244  194  197  255  246  216  216  255  249  239  238  255  246  244  245  255  249  244  248  255  244  232  234  255  241  215  214  255  227  173  173  255  224  133  142  255  228  106  119  255  231   89  103  255  219   71   85  255  191   51   62  255  193   69   79  255  134   35   40  255   83   11   14  255   66   25   23  255   67   39   35  255
   53   36   26  255   74   44   36  255   74   10   10  255  132   40   45  255  132   15   23  255  183   51   62  255  208   72   84  255  214   93  102  255  237  147  149  255  243  175  176  255  255  200  203  255  255  221  223  255  255  239  239  255  248  242  242  255  242  236  238  255  242  232  231  255  255  239  232  255  255  211  206  255  253  168  171  255  242  126  135  255  236   96  107  255  238   88  100  255  205   59   72  255  167   40   51  255  133   41   46  255   72    8    8  255   66   26   26  255   63   35   32  255
   64   36   32  255   50   12    9  255   90   32   30  255  137   51   54  255  169   43   54  255  199   59   72  255  203   69   78  255  216   99  105  255  246  156  156  255  244  170  171  255  245  179  183  255  245  194  199  255  246  217  219  255  244  230  229  255  241  229  229  255  240  226  225  255  253  230  224  255  252  209  203  255  243  169  168  255  243  140  144  255  242  115  124  255  239   99  110  255  227   87  100  255  154   34   43  255  109   27   29  255   85   32   28  255   63   23   23  255   48   17   15  255
   74   40   38  255   64   23   21  255   94   36   35  255  128   42   45  255  172   45   56  255  217   72   87  255  225   89   99  255  226  105  112  255  239  138  142  255  252  163  167  255  243  162  169  255  251  186  192  255  255  227  227  255  255  243  239  255  255  242  240  255  248  227  226  255  245  216  212  255  255  216  213  255  236  172  170  255  230  144  145  255  221  108  114  255  225   98  107  255  216   82   93  255  215   95  104  255  118   36   38  255   86   28   26  255   72   31   29  255   57   23   21  255
   63   27   27  255   67   23   22  255   82   18   19  255  112   23   27  255  154   33   42  255  216   78   91  255  228   86   98  255  227   91  101  255  239  118  127  255  253  146  154  255  242  142  152  255  240  163  171  255  253  213  211  255  253  230  224  255  251  223  220  255  248  214  213  255  252  207  210  255  255  208  211  255  247  191  190  255  241  171  171  255  235  143  144  255  213  100  106  255  226   96  108  255  218   92  104  255  157   60   67  255   83   11   14  255   70   22   20  255   62   27   23  255
   59   17   19  255   59   10   13  255   82   22   22  255  113   33   34  255  158   49   55  255  193   63   71  255  217   75   87  255  233   88  101  255  232  100  111  255  230  110  120  255  224  114  125  255  219  134  141  255  238  187  186  255  246  209  203  255  236  190  190  255  254  199  204  255  238  177  185  255  239  176  184  255  255  195  198  255  255  199  199  255  255  181  182  255  234  128  132  255  209   77   90  255  198   67   81  255  141   35   45  255  148   72   76  255   55    7    5  255   60   30   22  255
   71   18   24  255   76   26   29  255   67   18   14  255   99   36   31  255  134   42   43  255  149   34   37  255  220   84   94  255  232   87  100  255  227   91  103  255  219   93  104  255  229  118  127  255  239  146  154  255  255  191  192  255  255  200  201  255  241  168  175  255  255  175  184  255  255  176  190  255  227  143  156  255  234  151  159  255  255  174  177  255  255  177  178  255  237  127  130  255  229   91  104  255  185   49   63  255  114    8   18  255  188  116  119  255   59   22   16  255   62   42   33  255
   82   33   36  255   73   27   27  255   69   28   22  255   96   38   34  255  149   55   56  255  156   35   42  255  237  100  110  255  238   97  106  255  248  112  122  255  240  113  122  255  246  129  137  255  251  146  151  255  252  160  165  255  240  149  154  255  221  121  131  255  226  122  133  255  252  150  163  255  232  130  143  255  223  119  128  255  248  143  148  255  246  142  143  255  236  121  126  255  223   85   98  255  192   57   71  255  109    3   13  255  123   53   55  255   69   34   30  255   58   41   33  255
   59   26   19  255   64   31   24  255   70   33   25  255  113   48   46  255  190   70   80  255  204   57   73  255  207   62   75  255  235   98  106  255  245  116  121  255  228  103  107  255  223   97  100  255  214   88   92  255  223   96  105  255  227  101  112  255  219   95  103  255  218   94  102  255  246  125  134  255  239  118  125  255  221  100  107  255  225  104  109  255  225  109  112  255  227  106  111  255  230   94  106  255  192   64   77  255  139   35   46  255  102   30   34  255   61   24   18  255   62   44   34  255
   60   31   23  255   76   43   34  255   83   38   33  255   94   22   23  255  187   71   82  255  209   71   86  255  210   72   85  255  222   88   97  255  215   89   93  255  208   84   86  255  208   77   82  255  211   72   79  255  223   77   88  255  233   88  101  255  215   81   90  255  216   89   96  255  224   97  104  255  219   92   99  255  219   89   97  255  223   98  102  255  165   50   53  255  191   76   81  255  154   28   39  255  188   68   80  255  113   16   25  255  100   28   32  255   80   36   33  255   61   32   26  255
   61   26   22  255   86   41   38  255   95   27   28  255  121   41   44  255  110   28   32  255  149   54   58  255  209   92  100  255  192   65   72  255  197   71   75  255  189   63   67  255  192   58   69  255  206   64   78  255  226   74   89  255  221   73   87  255  195   69   80  255  183   67   76  255  158   38   48  255  174   53   62  255  214   88   99  255  202   85   93  255  158   62   63  255  128   34   35  255  138   28   37  255  169   62   72  255  133   42   49  255   94   22   26  255   89   35   35  255   77   31   31  255
   95   55   55  255   64   14   15  255  125   50   54  255  112   32   35  255  109   37   40  255  101   21   24  255  181   76   81  255  151   31   40  255  157   38   44  255  147   26   33  255  157   29   42  255  166   34   48  255  205   69   83  255  165   38   49  255  116   11   18  255  141   44   51  255  136   31   38  255  170   56   66  255  153   33   43  255  165   54   61  255  121   33   32  255  114   33   32  255  166   75   80  255  108   19   25  255  118   42   46  255   78   13   17  255   70   20   21  255   62   18   19  255
   88   46   47  255   99   49   50  255   91   25   29  255  133   56   62  255  150   68   74  255  114   23   30  255  134   30   39  255  148   41   49  255  209  104  111  255  130   23   31  255  154   40   50  255  138   28   39  255  131   34   41  255  142   57   60  255  116   44   45  255  102   30   31  255  125   36   40  255  142   41   47  255  144   30   40  255  150   40   49  255  179   89   91  255  115   40   37  255   96   28   27  255  102   41   40  255   87   28   30  255   96   47   50  255   78   47   45  255   51   30   27  255
   69   25   26  255   70   26   27  255   69   20   23  255   97   38   42  255  100   23   29  255   95    5   14  255  106   17   23  255  166   79   85  255   99   20   23  255   96   16   19  255  137   42   50  255  120   29   36  255   84   12   16  255   89   31   30  255   82   28   26  255   70   14   13  255   88   22   23  255  110   31   34  255  125   34   41  255  130   37   45  255  125   43   47  255   90   22   21  255   84   35   30  255   75   34   30  255   61   17   16  255   72   33   34  255   49   28   25  255   41   28   22  255
   57   13   14  255   87   52   50  255   61   42   38  255   55   30   25  255   80   24   25  255  131   61   63  255   70    4    6  255   77   21   22  255   65   26   21  255   68   25   19  255   96   26   28  255  109   34   39  255   79   20   24  255   70   21   24  255   78   30   30  255   61   17   16  255   69   27   28  255   79   33   35  255   72   16   19  255   97   35   40  255   89   24   28  255   78   24   24  255   50   15   11  255   47   20   13  255   62   28   26  255   54   23   21  255   43   19   15  255   58   39   33  255
   68   32   32  255   67   42   38  255   25   21   12  255   56   46   37  255   80   39   37  255   80   29   28  255   76   35   33  255  116   85   80  255   42   22   13  255   67   42   35  255   96   48   46  255   85   33   35  255   76   36   37  255   63   29   30  255   52   21   19  255   62   34   31  255   49   30   26  255   55   34   31  255   70   34   34  255   62   18   19  255   74   28   30  255   70   32   31  255   58   35   29  255   67   48   42  255   47   19   16  255   61   33   32  255   59   38   35  255   59   40   36  255
   45   24   21  255   51   36   31  255   46   39   29  255   32   22   13  255   77   46   44  255   60   26   25  255   57   38   31  255   47   33   24  255   64   41   35  255   71   43   39  255   63   35   32  255   52   26   25  255   44   27   20  255   60   47   41  255   50   41   36  255   38   33   27  255   31   28   19  255   45   37   26  255   76   47   43  255   70   35   33  255   67   39   35  255   42   23   16  255   37   24   16  255   51   36   29  255   71   45   46  255   56   30   31  255   37   21   21  255   51   40   38  255
   35   24   20  255   49   40   33  255   45   38   28  255   52   42   33  255   58   37   34  255   51   30   27  255   46   37   28  255   46   40   28  255   52   33   27  255   50   29   24  255   44   29   26  255   49   40   35  255   43   39   30  255   43   43   33  255   42   43   37  255   49   52   45  255   46   49   38  255   42   38   27  255   57   36   31  255   58   33   29  255   33   20   12  255   58   51   41  255   51   47   36  255   45   36   29  255   58   38   37  255   57   37   38  255   34   23   21  255   48   43   39  255
   63   58   52  255   42   37   31  255   40   36   27  255   47   38   31  255   41   27   24  255   69   55   52  255   46   37   30  255   59   52   42  255   48   41   33  255   48   41   33  255   41   34   28  255   49   44   40  255   41   38   31  255   34   34   26  255   36   33   28  255   40   36   33  255   49   44   41  255   37   29   26  255   50   36   35  255   55   41   38  255   45   40   34  255   51   51   43  255   36   36   28  255   43   40   33  255   35   25   23  255   42   31   29  255   67   59   56  255   43   40   33  255
   28   28   20  255   46   43   36  255   38   34   25  255   64   57   49  255   43   34   29  255   34   25   20  255   51   40   34  255   46   39   31  255   35   32   23  255   42   42   32  255   33   30   25  255   42   39   34  255   39   39   31  255   43   43   35  255   46   42   39  255   38   33   30  255   47   37   38  255   53   43   44  255   55   45   44  255   31   23   21  255   43   42   37  255   34   35   29  255   29   30   22  255   51   51   43  255   32   27   23  255   66   61   57  255   24   19   13  255   49   46   39  255
