   28   28
   79   24   30  255   66   21   24  255   56   36   29  255   50   40   30  255   55   45   35  255   56   37   30  255   83   49   47  255   68   33   31  255   71   48   42  255   55   35   28  255   65   36   32  255   74   40   38  255   61   27   26  255   67   28   29  255   75   24   31  255   79   30   34  255   66   33   26  255   69   42   31  255   68   37   32  255   90   55   51  255   85   37   37  255   79   29   30  255   60   14   16  255   65   31   30  255   43   25   21  255   43   36   30  255   52   47   41  255   28   23   17  255
   85   22   30  255   67   12   15  255   50   15   11  255   62   31   26  255   54   16   13  255   68   27   25  255   63   17   17  255   74   30   29  255   68   28   26  255   71   33   30  255   59   19   17  255   69   28   26  255   59   17   18  255   59   13   15  255   76   24   28  255   81   32   35  255   75   38   32  255   76   42   33  255   65   24   20  255   67   22   19  255  112   57   60  255   71   21   22  255   91   53   52  255   83   58   54  255   36   23   17  255   66   59   51  255   38   33   27  255   50   45   39  255
   92   15   21  255   80    8   11  255   75   11   11  255   83   13   15  255  113   23   32  255  124   34   43  255   75    7    8  255   88   27   26  255   83   13   15  255   81   13   14  255   82   22   22  255   73   17   16  255   81   23   22  255   82   24   23  255   90   34   33  255   86   37   33  255   75   32   26  255   74   26   22  255   86   25   24  255  117   51   52  255  103   37   41  255   78   28   31  255   47   23   19  255   45   36   27  255   44   38   26  255   43   39   28  255   48   44   35  255   29   25   16  255
  157   56   64  255  147   48   53  255  105    5   13  255  148   42   52  255  150   32   46  255  152   36   49  255  141   46   52  255  111   22   26  255  126   29   36  255  129   34   40  255  141   52   56  255  137   52   55  255  110   25   30  255  115   35   36  255  105   35   35  255  100   32   31  255  116   44   45  255  106   32   33  255  125   51   52  255   89   15   16  255  127   50   56  255  111   49   54  255   53   22   19  255   47   34   26  255   59   49   39  255   49   40   31  255   60   51   44  255   47   40   32  255
  196   64   77  255  179   45   56  255  167   29   44  255  175   40   54  255  178   54   64  255  120    0    8  255  195   65   77  255  175   48   59  255  148   31   39  255  131   14   22  255  171   47   57  255  162   36   47  255  148   28   38  255  157   48   53  255  142   46   48  255  159   58   62  255  192   68   79  255  191   75   86  255  108   29   32  255  110   42   43  255  148   63   70  255  103   20   28  255   87   27   29  255   57   16   14  255   77   49   48  255   37   17   16  255   54   39   36  255   51   37   34  255
  190   46   56  255  207   61   72  255  202   50   63  255  212   66   79  255  207   77   85  255  213   83   93  255  213   66   82  255  195   47   63  255  181   47   58  255  181   51   61  255  194   54   67  255  224   82   96  255  212   74   87  255  193   63   71  255  158   39   45  255  163   39   47  255  205   57   73  255  209   72   88  255  135   44   49  255   87   11   13  255  116   21   29  255  105   12   22  255  129   57   61  255   82   32   33  255   54   24   24  255   56   38   36  255   50   35   32  255   66   51   48  255
  233   92  100  255  220   79   87  255  214   73   81  255  228   88   97  255  229   95  104  255  231   94  104  255  234   86  102  255  217   66   83  255  212   70   84  255  206   70   82  255  207   73   82  255  221   85   95  255  232   87  100  255  219   78   87  255  216   80   90  255  234   98  108  255  214   67   83  255  205   67   82  255  206   95  101  255  184   85   88  255  131   27   36  255  105   12   22  255   75    6   11  255   71   27   26  255   56   42   33  255   40   36   25  255   61   50   46  255   47   33   30  255
  230  101  105  255  220   89   94  255  227   93  100  255  225   91   98  255  231   99  110  255  228   96  107  255  230   94  108  255  228   93  107  255  227   95  108  255  223   97  108  255  215   96  102  255  226  102  110  255  231   94  104  255  226   84   96  255  234   94  105  255  237   97  108  255  235   93  105  255  221   85   97  255  193   72   79  255  141   30   36  255  150   43   53  255  171   81   90  255   85   26   28  255  122   89   84  255   67   54   45  255   40   36   25  255   43   34   27  255   49   40   35  255
  245  135  136  255  228  112  115  255  222   92  102  255  223   93  103  255  228  108  118  255  239  125  133  255  243  133  142  255  242  138  147  255  239  138  146  255  240  144  148  255  248  152  154  255  241  138  142  255  242  122  131  255  227  100  109  255  226   92  103  255  250  116  125  255  247  113  122  255  215   88   95  255  193   72   77  255  150   37   41  255  205  100  107  255  103   23   26  255   56   15   11  255   41   21   12  255   43   23   16  255   69   52   45  255   37   28   21  255   48   45   38  255
  255  155  157  255  233  124  130  255  220   96  107  255  219   97  110  255  230  130  138  255  251  164  170  255  255  175  181  255  248  171  177  255  246  174  178  255  248  176  179  255  247  168  171  255  250  161  165  255  249  144  151  255  227  110  119  255  218   94  104  255  236  109  118  255  234  105  110  255  208   82   86  255  188   65   70  255  134   17   25  255  126   19   27  255   95   10   15  255   75   30   25  255   58   33   26  255   69   46   40  255   40   22   18  255   49   40   35  255   51   48   41  255
  251  151  159  255  233  127  137  255  225  107  123  255  229  123  137  255  241  170  176  255  255  205  207  255  255  203  208  255  238  186  190  255  242  196  198  255  254  202  204  255  243  177  181  255  246  165  172  255  241  141  151  255  227  117  128  255  232  118  128  255  249  129  138  255  225   99  102  255  206   75   80  255  193   63   73  255  150   26   37  255  161   43   57  255  140   40   50  255  106   35   39  255   91   45   45  255   53   32   29  255   48   39   34  255   51   41   39  255   32   22   20  255
  255  178  184  255  226  140  149  255  217  125  138  255  243  166  176  255  255  217  218  255  255  229  228  255  250  220  222  255  238  209  211  255  243  219  219  255  251  221  221  255  241  195  198  255  253  188  194  255  241  160  169  255  223  132  141  255  241  146  154  255  253  146  152  255  215   89   93  255  208   71   78  255  204   66   79  255  153   25   38  255  139   24   37  255  127   32   40  255  106   29   35  255   78   28   29  255   61   42   38  255   52   47   41  255   43   35   32  255   42   32   30  255
  255  220  220  255  242  194  194  255  230  184  186  255  248  214  213  255  252  241  237  255  245  242  237  255  246  238  236  255  243  235  233  255  244  240  237  255  250  242  239  255  246  225  224  255  255  225  225  255  255  207  207  255  245  185  185  255  255  193  195  255  249  157  160  255  227   97  107  255  224   78   89  255  222   76   89  255  201   71   83  255  136   41   47  255   96   24   28  255   78   16   21  255   76   34   36  255   56   41   36  255   42   39   30  255   39   36   29  255   48   45   38  255
  255  232  230  255  248  218  216  255  238  210  209  255  248  230  228  255  246  245  241  255  240  245  241  255  248  246  247  255  247  245  246  255  243  247  246  255  243  245  242  255  244  234  232  255  255  242  238  255  255  229  226  255  252  207  204  255  255  203  204  255  239  150  154  255  227   97  109  255  232   86   99  255  213   73   84  255  159   39   48  255  138   56   58  255   89   29   29  255   73   21   25  255   62   26   28  255   31   20   14  255   51   53   42  255   33   33   25  255   42   42   34  255
  255  234  234  255  230  198  199  255  219  180  185  255  246  215  220  255  255  247  248  255  246  244  245  255  252  243  248  255  255  244  250  255  249  244  248  255  238  234  235  255  238  226  226  255  255  241  240  255  255  225  223  255  237  189  189  255  236  165  171  255  220  123  132  255  225  100  108  255  218   84   93  255  195   76   82  255  116   17   20  255  116   44   45  255   75   21   19  255   78   30   30  255   51   21   19  255   41   36   30  255   46   52   42  255   36   33   28  255   56   48   45  255
  255  225  226  255  238  202  204  255  231  186  193  255  250  213  220  255  254  242  242  255  248  242  242  255  254  235  241  255  245  224  231  255  244  229  234  255  248  236  238  255  240  224  224  255  246  225  224  255  247  213  212  255  253  201  205  255  249  172  182  255  225  123  134  255  217   93  101  255  212   87   93  255  181   70   76  255  133   41   44  255  105   33   34  255   77   21   20  255   62   16   16  255   67   39   36  255   43   43   35  255   29   36   28  255   49   48   43  255   37   32   28  255
  255  228  229  255  240  200  201  255  238  189  195  255  252  213  216  255  255  247  244  255  253  242  238  255  253  221  226  255  238  201  208  255  241  212  216  255  255  236  236  255  253  229  229  255  249  219  219  255  248  206  208  255  240  180  188  255  255  177  191  255  253  151  165  255  246  125  132  255  222   97  101  255  166   51   56  255  139   38   42  255  119   34   37  255   91   25   26  255   69   21   19  255   57   32   27  255   49   46   37  255   25   33   22  255   35   38   31  255   39   40   34  255
  255  203  207  255  228  167  172  255  227  162  168  255  255  205  209  255  255  232  227  255  242  217  212  255  245  190  195  255  220  157  165  255  232  177  182  255  255  207  210  255  254  210  211  255  249  207  208  255  255  212  214  255  233  172  177  255  229  145  158  255  234  129  143  255  242  121  128  255  217   91   95  255  179   58   65  255  166   57   62  255  139   44   50  255  106   31   35  255   80   30   29  255   61   32   28  255   39   26   20  255   47   44   37  255   42   41   36  255   41   42   36  255
  254  161  171  255  220  127  137  255  215  119  130  255  255  183  190  255  255  220  216  255  240  189  186  255  232  146  155  255  216  115  129  255  222  129  140  255  252  166  175  255  242  170  174  255  233  171  172  255  246  197  193  255  252  197  194  255  233  151  157  255  224  118  128  255  217   93  101  255  223   94   99  255  205   81   89  255  159   42   51  255  140   33   43  255  123   36   44  255   78   23   26  255   68   32   32  255   80   48   49  255   48   24   24  255   41   31   29  255   58   55   50  255
  236  118  130  255  203   87   98  255  200   84   95  255  255  152  159  255  255  195  192  255  252  174  172  255  243  133  144  255  240  115  129  255  232  110  125  255  238  124  134  255  240  139  147  255  225  144  143  255  241  178  173  255  255  200  193  255  255  175  176  255  248  143  148  255  225  104  111  255  224   99  105  255  206   86   95  255  176   62   70  255  149   45   54  255  117   32   39  255   99   43   46  255   60   20   21  255   73   37   39  255   50   21   23  255   55   39   39  255   38   30   27  255
  226   94  105  255  198   68   78  255  208   78   88  255  242  123  129  255  246  143  144  255  246  142  143  255  241  115  126  255  231   93  106  255  223   85  100  255  233  101  112  255  238  114  124  255  224  115  118  255  223  138  135  255  255  188  181  255  255  177  175  255  250  146  147  255  224  111  115  255  156   43   47  255  163   56   62  255  121   22   27  255  172   87   92  255  123   52   56  255   82   26   29  255   72   32   33  255   62   38   36  255   48   33   30  255   64   48   48  255   46   32   31  255
  232   92  101  255  220   80   89  255  222   82   91  255  218   83   90  255  214   89   95  255  227  104  109  255  223   92  100  255  210   73   83  255  218   76   88  255  232   90  102  255  237  100  110  255  223   98  104  255  215  107  107  255  232  128  127  255  236  126  127  255  232  117  122  255  221  106  111  255  191   80   86  255  127   20   28  255  119   27   32  255  112   40   43  255   85   27   26  255   66   18   18  255   69   35   34  255   40   27   21  255   48   43   37  255   48   37   35  255   44   30   29  255
  234   93  102  255  230   86   96  255  215   67   81  255  197   46   61  255  202   56   69  255  215   78   88  255  205   80   86  255  188   65   70  255  189   53   63  255  204   62   74  255  222   82   93  255  216   80   90  255  223   93  103  255  208   78   88  255  226   90  102  255  227   91  103  255  222   94  107  255  153   33   45  255  136   20   33  255  162   65   74  255   99   28   32  255   77   29   27  255   58   24   22  255   60   41   35  255   50   46   37  255   32   33   25  255   30   27   22  255   60   55   51  255
  222   95  104  255  209   79   89  255  198   64   75  255  189   51   64  255  196   49   65  255  192   54   67  255  167   50   58  255  123   13   16  255  193   69   79  255  166   39   48  255  156   30   41  255  223   97  108  255  220   93  104  255  198   68   80  255  180   45   60  255  191   60   74  255  189   67   80  255  181   66   79  255  176   66   79  255  113   20   30  255   99   33   37  255   79   35   34  255   46   17   13  255   68   51   44  255   27   22   16  255   45   45   37  255   49   46   41  255   44   41   36  255
  159   58   64  255  144   48   52  255  125   33   36  255  139   38   44  255  156   31   45  255  163   38   52  255  152   45   55  255  139   40   45  255  133   32   40  255  139   40   45  255  117   22   28  255  130   33   40  255  160   56   65  255  139   33   43  255  112   10   21  255   93    0    5  255  129   34   42  255  115   22   32  255  140   47   57  255  119   36   44  255   90   28   31  255   59   13   13  255   53   19   17  255   45   21   17  255   68   48   47  255   54   40   37  255   37   28   23  255   46   41   35  255
   94   19   23  255   93   25   24  255   65    5    4  255   84   16   17  255  115   22   32  255  129   29   41  255   96    9   17  255   99   23   27  255   84   12   15  255   73    5    6  255   81   17   17  255   91   25   27  255   93   16   22  255  151   74   80  255  188  117  123  255  125   56   59  255   98   27   31  255   98   27   31  255   93   18   23  255   88   22   26  255  100   50   51  255   87   49   48  255   56   25   23  255   55   29   28  255   48   28   27  255   50   36   33  255   33   24   19  255   50   43   37  255
   70   22   22  255   72   28   25  255   52   17   13  255   72   32   30  255   85   29   32  255   92   31   36  255   79   27   29  255   82   38   37  255   64   24   22  255   62   27   23  255   57   24   19  255   76   38   37  255   65   21   22  255   55    9   11  255   61   16   19  255   62   18   19  255   70   25   22  255   87   39   37  255   80   29   28  255   68   22   22  255   60   33   26  255   48   28   21  255   43   18   14  255   56   35   32  255   35   28   22  255   38   38   30  255   69   62   56  255   45   36   31  255
   53   18   16  255   55   24   21  255   54   34   27  255   76   53   47  255   72   32   32  255   58   16   17  255   82   47   45  255   59   31   27  255   52   29   23  255   56   37   30  255   37   18   12  255   49   28   23  255   58   30   29  255   67   37   37  255   63   33   33  255   58   28   26  255   69   36   31  255   73   38   32  255   77   36   34  255   59   24   20  255   50   33   25  255   41   28   19  255   64   40   38  255   63   45   41  255   28   28   20  255   59   65   55  255   27   20   14  255   53   42   38  255
