   28   28
   49   45   34  255   41   35   23  255   30   20   10  255   55   45   36  255   61   49   53  255   47   42   39  255   44   47   30  255   25   32   16  255   33   38   41  255   44   49   68  255   41   45   80  255    9   18   59  255    5   19   64  255    5   24   67  255    6   20   65  255    7   19   61  255   15   18   59  255   32   33   64  255   37   38   56  255   30   31   36  255   43   43   41  255   50   49   45  255   34   28   28  255   42   36   36  255   42   34   31  255   71   64   56  255   40   34   22  255   50   44   30  255
   45   40   36  255   50   43   35  255   36   26   17  255   69   58   52  255   47   38   39  255   30   26   27  255   36   42   32  255   44   53   48  255   35   47   61  255    2   15   47  255   21   35   80  255   61   78  130  255   52   73  130  255   53   75  132  255   48   73  127  255   54   77  129  255   57   75  125  255   20   35   76  255   13   27   56  255   30   39   56  255   37   40   47  255   32   30   31  255   45   41   38  255   62   57   53  255   46   43   34  255   28   26   14  255   44   40   29  255   38   34   23  255
   42   37   43  255   49   43   43  255   34   25   20  255   42   33   26  255   62   58   57  255   29   30   35  255   38   45   53  255   10   25   44  255   18   40   79  255   48   78  132  255   61   96  162  255   96  132  208  255  126  159  238  255  104  139  220  255   18   60  134  255   62  109  179  255  101  148  216  255   49   93  154  255   45   81  133  255   15   38   79  255   24   31   57  255   44   44   54  255   28   25   20  255   39   37   22  255   43   47   30  255   21   28   12  255   69   70   62  255   21   20   16  255
   59   51   62  255   36   30   34  255   74   64   62  255   40   33   27  255   27   25   26  255   45   49   60  255   33   45   71  255   11   33   74  255   63   98  152  255   93  138  203  255  113  165  238  255  126  177  255  255   52   98  183  255   18   64  149  255   21   74  152  255   49  109  182  255  116  178  251  255  106  167  234  255   95  144  210  255   62   97  153  255   16   31   74  255   43   48   70  255   45   45   43  255   39   40   24  255   44   53   32  255   40   49   32  255   32   34   29  255   47   47   47  255
   50   37   47  255   47   36   42  255   46   36   34  255   45   40   36  255   49   44   48  255   31   36   55  255   20   37   80  255   63   95  152  255  109  161  221  255  145  206  255  255  130  195  255  255  131  196  255  255  114  174  244  255   81  142  209  255   79  142  209  255  109  173  237  255  136  201  255  255  135  199  255  255  135  195  255  255  117  163  225  255   72   97  154  255   18   30   70  255   34   36   48  255   33   34   28  255   42   49   33  255   35   41   27  255   32   34   29  255   48   48   50  255
   62   51   55  255   32   24   22  255   45   38   32  255   47   44   39  255   33   31   36  255   16   22   46  255   59   82  136  255  115  155  224  255  142  202  255  255  129  199  255  255  129  199  255  255  122  192  251  255  125  195  255  255  133  201  255  255  133  197  255  255  133  197  255  255  128  192  254  255  127  191  253  255  135  196  255  255  146  197  255  255  117  150  217  255   69   86  140  255   21   27   51  255   45   44   49  255   25   26   18  255   53   55   42  255   37   36   34  255   28   26   27  255
   41   41   31  255   39   39   29  255   46   46   36  255   31   32   26  255   25   26   30  255   26   38   64  255   55   85  149  255  101  149  225  255  135  196  255  255  124  192  253  255  128  193  249  255  131  198  253  255  125  195  255  255  121  189  252  255  135  194  255  255  135  190  255  255  136  191  255  255  130  188  252  255  136  196  255  255  139  192  255  255  101  141  213  255   59   84  148  255   17   26   65  255   23   25   40  255   50   46   43  255   31   24   16  255   45   40   37  255   52   46   46  255
   33   37   23  255   32   36   22  255   32   32   22  255   47   48   42  255   40   46   46  255    9   25   50  255   50   83  150  255   99  148  227  255  137  196  255  255  129  193  254  255  133  194  249  255  129  192  246  255  129  195  255  255  133  199  255  255  130  188  252  255  136  191  255  255  134  189  255  255  134  192  255  255  132  192  252  255  135  190  254  255  106  150  221  255   49   80  144  255   15   30   71  255   39   42   61  255   43   37   37  255   54   45   38  255   34   24   22  255   48   40   38  255
   43   46   37  255   46   47   39  255   34   31   26  255   45   44   40  255   33   42   41  255   11   29   51  255   51   85  149  255  102  148  226  255  137  192  255  255  136  195  253  255  138  195  248  255  137  197  249  255  133  195  252  255  135  197  255  255  134  196  255  255  131  193  252  255  130  194  255  255  131  196  254  255  129  194  248  255  139  200  255  255   98  146  210  255   53   88  144  255   10   28   64  255   44   50   66  255   33   29   26  255   51   42   33  255   42   33   28  255   54   44   42  255
   46   43   36  255   38   35   28  255   42   37   34  255   30   28   29  255   44   52   55  255   15   33   57  255   52   83  150  255  100  143  222  255  144  195  255  255  134  189  246  255  139  189  240  255  129  177  226  255  129  179  232  255  126  177  230  255  128  179  232  255  125  181  232  255  123  180  233  255  126  188  239  255  132  198  248  255  134  195  249  255   99  149  210  255   48   83  139  255   14   33   66  255   36   42   58  255   35   33   34  255   44   37   31  255   56   48   46  255   58   50   48  255
   64   51   42  255   44   35   28  255   43   37   37  255   43   42   47  255   45   49   60  255   12   25   59  255   53   81  154  255  105  145  230  255  142  192  255  255  139  189  248  255  103  140  192  255   48   79  126  255   56   84  132  255   58   86  134  255   58   87  131  255   55   88  131  255   49   86  128  255  101  148  192  255  133  193  245  255  140  200  255  255   96  147  213  255   48   84  144  255   12   27   66  255   28   30   51  255   48   42   52  255   43   34   37  255   41   31   39  255   31   24   32  255
   53   35   23  255   55   42   33  255   50   45   41  255   22   21   26  255   12   12   24  255   24   32   68  255   54   81  152  255  106  144  225  255  149  198  255  255  116  161  216  255   30   57  104  255    0   14   55  255   12   24   62  255    9   17   53  255    5   14   47  255   13   24   56  255    0   16   49  255   22   54   93  255  110  160  213  255  146  202  255  255  101  150  217  255   53   85  144  255   23   33   69  255   16   12   29  255   48   37   43  255   43   31   33  255   48   37   43  255   45   35   43  255
   61   42   27  255   33   19    6  255   25   21   10  255   82   81   77  255   74   69   76  255   19   23   52  255   63   87  147  255  105  143  214  255  157  206  255  255   95  136  182  255    0   11   45  255   21   25   50  255   32   33   51  255   31   27   42  255   36   25   42  255   33   21   43  255   27   24   51  255    0   13   50  255   81  121  173  255  144  194  253  255  108  152  213  255   55   85  135  255   18   22   47  255   81   69   73  255   91   73   63  255   25    5    0  255   42   27   22  255   49   38   36  255
   41   18    4  255   94   75   60  255   92   79   63  255  203  190  181  255  149  133  133  255    5    1   18  255   45   63  111  255   85  119  180  255  132  175  230  255   84  122  169  255    0   12   46  255   15   19   44  255   12   15   32  255   20   19   33  255   33   24   43  255   26   16   41  255   18   15   46  255    5   17   57  255   59   92  146  255  118  160  220  255   90  126  184  255   36   59  100  255    5    3   17  255  156  137  130  255  212  185  164  255  103   77   54  255  102   83   69  255   34   20   11  255
   41   11    1  255  198  166  153  255  189  156  139  255  241  208  189  255  200  168  153  255   79   63   64  255   11   19   55  255   53   78  132  255   63   99  157  255   63   98  154  255   54   78  126  255   66   85  125  255   63   86  117  255   62   83  114  255   65   79  118  255   66   79  121  255   71   85  130  255   57   81  129  255   62   97  155  255   64  100  160  255   53   80  133  255    9   22   56  255   75   65   73  255  196  170  155  255  242  209  178  255  190  157  124  255  192  167  145  255   30   11    0  255
   35    5    0  255  196  164  153  255  187  151  135  255  218  183  164  255  215  182  165  255  148  128  127  255   11   15   44  255   23   41   87  255   18   41   91  255   34   60  111  255   90  108  156  255   85  104  146  255   81  105  139  255   81  105  139  255   85  106  149  255   83  101  147  255   83  102  145  255   87  110  154  255   37   65  115  255   15   43   91  255   28   47   89  255    4    9   38  255  145  133  137  255  209  186  170  255  216  187  157  255  184  155  123  255  192  170  149  255   30   13    0  255
   50   26   16  255   93   69   59  255   88   66   55  255   94   71   63  255   94   71   65  255   77   62   69  255   45   48   81  255   34   43   84  255   18   27   58  255   39   46   74  255   29   32   63  255   28   33   63  255   30   40   65  255   27   39   65  255   24   33   64  255   30   39   72  255   30   35   65  255   29   38   67  255   27   44   74  255   15   32   60  255   33   45   71  255   46   49   68  255   74   65   70  255   89   76   68  255   85   72   53  255   83   71   49  255   87   78   63  255   31   23   10  255
   66   49   41  255   31   16    9  255   40   29   25  255   38   26   26  255   43   29   29  255   35   27   38  255   72   76  103  255   55   62   91  255   19   19   43  255   37   35   56  255   47   45   67  255   44   45   66  255   43   45   66  255   45   47   70  255   44   44   72  255   43   42   73  255   46   46   72  255   39   44   66  255   36   44   65  255   11   19   38  255   61   64   83  255   83   82   96  255   32   25   32  255   29   19   18  255   45   39   27  255   34   28   14  255   19   13    1  255   40   33   23  255
   36   29   23  255   37   32   28  255   49   45   46  255   33   31   36  255   32   27   33  255   25   26   31  255   35   45   55  255   24   36   52  255   31   33   56  255   46   46   72  255   27   29   50  255   29   32   51  255   27   29   50  255   33   31   55  255   31   24   58  255   35   27   64  255   26   27   57  255   25   31   57  255   43   45   70  255   31   29   51  255   36   33   54  255   43   36   52  255   31   21   30  255   41   31   32  255   52   41   37  255   51   41   32  255   62   53   44  255   43   34   25  255
   42   42   32  255   48   49   43  255   35   36   38  255   49   49   57  255   23   22   30  255   21   24   29  255   14   25   21  255   11   22   18  255   35   35   43  255   71   70   86  255   55   60   80  255   49   57   80  255   43   49   75  255   53   56   87  255   54   49   89  255   54   52   91  255   48   53   85  255   58   62   87  255   77   74   91  255   38   32   44  255   18   12   24  255   27   21   33  255   29   23   35  255   27   20   28  255   46   36   37  255   39   28   24  255   49   38   32  255   53   43   34  255
   35   38   19  255   58   62   48  255   19   21   18  255   32   33   38  255   29   29   41  255   21   22   27  255   39   43   29  255   94   96   74  255   15   13    0  255   28   25   16  255   41   48   67  255   73   86  121  255   72   88  122  255   61   79  117  255   60   75  116  255   73   85  125  255   77   86  119  255   38   41   60  255   31   26   23  255   19   10    1  255   91   88   81  255   39   41   40  255   16   20   32  255   17   19   34  255   38   31   39  255   29   19   20  255   69   60   55  255   43   34   25  255
   63   66   47  255   37   39   25  255   30   32   29  255   24   27   34  255   23   25   46  255   61   64   83  255   48   50   49  255   74   73   55  255  171  167  130  255  118  114   89  255   13   16   33  255   27   35   71  255   21   34   66  255   17   33   66  255   17   35   71  255   20   35   68  255   32   39   65  255   21   24   33  255  113  107   93  255  173  168  148  255   71   74   63  255   48   59   61  255   58   73   94  255   22   32   59  255   25   23   37  255   30   21   26  255   44   35   30  255   49   41   30  255
   31   29   17  255   44   44   36  255   23   23   23  255   21   25   37  255   17   27   62  255   62   74  116  255   50   56   92  255   54   56   69  255  225  221  192  255  156  151  121  255   17   12   19  255   24   20   43  255   26   24   38  255   20   22   35  255   22   24   45  255   20   25   44  255   19   23   32  255   12   14    9  255  155  157  135  255  217  222  202  255   44   60   59  255   35   58   76  255   45   70  110  255    5   24   66  255   17   21   46  255   30   25   32  255   44   37   31  255   66   58   45  255
   43   35   33  255   33   27   27  255   23   21   24  255   21   27   41  255   19   38   71  255  114  136  185  255   91  106  161  255   35   45   81  255   31   33   28  255   28   26   13  255   21   18   29  255   25   21   38  255   31   26   33  255   26   24   29  255   28   28   38  255   22   25   34  255   23   27   30  255   12   18   16  255   24   29   22  255   16   28   28  255   30   56   73  255   87  117  151  255  102  134  181  255   56   80  126  255   21   28   54  255   24   23   31  255   31   24   18  255   52   44   31  255
   50   38   48  255   34   24   33  255   33   28   34  255   15   22   32  255   12   37   57  255   63   95  133  255  106  137  194  255  103  128  184  255  107  123  156  255   97  109  131  255   63   68   97  255   51   56   78  255   22   25   34  255   19   23   26  255   20   28   31  255   18   25   31  255   49   55   67  255   65   72   91  255   97  106  135  255  117  132  171  255  101  129  177  255  103  136  187  255   57   89  136  255   58   82  120  255   24   32   53  255   27   26   34  255   28   20   18  255   43   34   27  255
   46   36   47  255   32   22   31  255   23   17   21  255   24   27   32  255    7   29   40  255   13   45   70  255   45   76  122  255   59   86  139  255   60   81  124  255   44   58   93  255   13   23   50  255   18   23   42  255   18   22   31  255   29   35   35  255   24   33   30  255   13   23   24  255   20   28   39  255   19   26   52  255   46   58  100  255   55   71  122  255   51   76  130  255   58   86  134  255   12   38   73  255   11   29   51  255   11   18   28  255   26   24   27  255   30   24   24  255   69   61   58  255
   41   41   39  255   39   38   36  255   31   26   23  255   31   29   30  255   18   29   33  255   13   31   43  255    9   27   51  255    0   15   41  255   11   25   51  255   20   28   49  255   23   27   39  255   28   28   36  255   24   25   27  255   25   27   24  255   22   27   21  255   26   32   28  255   21   26   30  255   25   32   48  255   12   21   52  255   12   25   60  255    9   25   59  255    5   21   46  255   19   33   42  255   18   28   27  255   32   35   28  255   25   25   15  255   18   17   12  255   43   42   38  255
   41   46   39  255   31   32   26  255   32   27   21  255   25   21   18  255   19   23   26  255   21   32   38  255   19   29   41  255   20   32   46  255   15   24   41  255   19   25   39  255   26   27   32  255   27   25   26  255   29   29   27  255   28   29   23  255   20   23   16  255   25   30   24  255   23   27   28  255   15   22   32  255   24   31   57  255   15   24   53  255   16   28   52  255   21   33   45  255   18   24   22  255   24   28   14  255   20   23    6  255   22   23    9  255   48   49   41  255   38   39   34  255
