   28   28
   48   43   37  255   27   22   16  255   45   40   34  255   36   31   25  255   55   50   44  255   43   38   32  255   47   42   36  255   47   42   36  255   41   36   30  255   33   28   22  255   43   38   32  255   37   32   26  255   50   45   39  255   54   49   43  255   33   28   22  255   43   38   32  255   36   31   25  255   36   31   25  255   58   53   47  255   48   43   37  255   47   42   36  255   48   43   37  255   35   30   24  255   49   44   38  255   25   20   14  255   52   47   41  255   54   49   45  255   51   46   42  255
   59   54   48  255   40   35   29  255   44   39   33  255   50   45   39  255   34   29   23  255   39   34   28  255   45   40   34  255   41   36   30  255   39   34   28  255   49   44   38  255   46   41   35  255   58   53   47  255   35   30   24  255   41   36   30  255   62   57   51  255   45   40   34  255   44   39   33  255   49   44   38  255   34   29   23  255   42   37   31  255   38   33   27  255   46   41   35  255   37   32   26  255   43   38   32  255   63   58   52  255   50   45   39  255   27   22   18  255   43   38   34  255
   37   32   26  255   54   49   43  255   39   34   28  255   53   48   42  255   37   32   26  255   54   49   43  255   33   28   22  255   38   33   27  255   58   53   47  255   45   40   34  255   55   50   44  255   35   30   24  255   39   34   28  255   41   36   30  255   34   29   23  255   46   41   35  255   45   40   34  255   44   39   33  255   40   35   29  255   47   42   36  255   50   45   39  255   38   33   27  255   53   48   42  255   51   46   40  255   44   39   33  255   34   29   23  255   45   40   34  255   38   33   27  255
   47   42   36  255   38   33   27  255   54   49   43  255   31   26   20  255   46   41   35  255   55   50   44  255   21   16   10  255   41   36   30  255   53   48   42  255   41   36   30  255   36   31   25  255   47   42   36  255   43   38   32  255   40   35   29  255   48   43   37  255   46   41   35  255   44   39   33  255   37   32   26  255   50   45   39  255   50   45   39  255   43   38   32  255   39   34   28  255   48   43   37  255   39   34   28  255   45   40   34  255   34   29   23  255   50   45   39  255   34   29   23  255
   58   53   47  255   37   32   26  255   39   34   28  255   49   44   38  255   40   35   29  255   38   33   27  255   38   33   27  255   39   34   28  255   43   38   32  255   34   29   23  255   40   35   29  255   48   43   37  255   41   36   30  255   44   39   33  255   53   48   42  255   31   26   20  255   47   42   38  255   40   35   31  255   45   40   34  255   32   27   21  255   36   31   25  255   46   41   35  255   43   38   32  255   28   23   17  255   49   44   38  255   47   42   36  255   42   37   31  255   38   33   27  255
   39   34   28  255   49   44   38  255   38   33   27  255   50   45   39  255   47   42   36  255   36   31   25  255   52   47   41  255   43   38   32  255   43   38   32  255   46   41   35  255   53   48   42  255   38   33   27  255   50   45   39  255   44   39   33  255   47   42   36  255   40   35   29  255   48   43   39  255   51   46   42  255   46   41   35  255   36   31   25  255   48   43   37  255   48   43   37  255   46   41   35  255   50   45   39  255   43   38   32  255   34   29   23  255   55   50   44  255   47   42   36  255
   26   21   15  255   76   71   65  255   31   26   20  255   44   39   33  255   42   37   31  255   36   31   25  255   49   44   38  255   45   40   34  255   29   24   18  255   36   31   25  255   49   44   38  255   43   38   32  255   38   33   27  255   41   36   30  255   43   38   32  255   63   58   52  255   34   29   25  255   43   38   34  255   36   31   27  255   45   40   36  255   34   29   25  255   35   30   26  255   27   22   16  255   47   42   36  255   66   61   55  255   16   11    5  255   55   50   44  255   50   45   39  255
   36   31   25  255   55   50   44  255   43   38   32  255   39   34   28  255   38   33   27  255   36   31   25  255   44   39   33  255   42   37   31  255   37   32   26  255   43   38   32  255   54   49   43  255   43   38   32  255   52   47   41  255   40   35   29  255   41   36   30  255   53   48   42  255   40   35   31  255   34   29   25  255   45   40   36  255   41   36   32  255   38   33   29  255   43   38   34  255   41   36   30  255   37   32   26  255   61   56   50  255   24   19   13  255   54   49   43  255   48   43   37  255
   47   42   36  255   29   24   18  255   48   43   37  255   36   31   25  255   43   38   32  255   46   41   35  255   30   25   19  255   37   32   26  255   57   52   46  255   41   36   30  255   44   39   33  255   47   42   36  255   50   45   39  255   41   36   30  255   35   30   24  255   42   37   31  255   42   37   33  255   42   37   33  255   41   36   32  255   44   39   35  255   44   39   35  255   46   41   37  255   50   45   39  255   48   43   37  255   37   32   26  255   50   45   39  255   54   49   43  255   31   26   20  255
   30   25   19  255   54   49   43  255   36   31   25  255   49   44   38  255   49   44   38  255   53   48   42  255   39   34   28  255   38   33   27  255   43   38   32  255   45   40   34  255   38   33   27  255   48   43   37  255   35   30   24  255   36   31   25  255   40   35   29  255   45   40   34  255   43   38   34  255   44   39   35  255   53   48   44  255   53   48   44  255   37   32   28  255   37   32   28  255   47   42   36  255   39   34   28  255   54   49   43  255   27   22   16  255   40   35   29  255   40   35   29  255
   59   54   48  255   42   37   31  255   40   35   29  255   33   28   22  255   49   44   38  255   45   40   34  255   54   49   43  255   50   45   39  255   48   43   37  255   52   47   41  255   45   40   34  255   54   49   43  255   38   33   27  255   43   38   32  255   46   41   35  255   44   39   33  255   39   34   30  255   43   38   34  255   44   39   33  255   46   41   35  255   47   42   36  255   49   44   38  255   48   43   37  255   35   30   24  255   58   53   47  255   42   37   31  255   44   39   33  255   37   32   26  255
   57   52   46  255   25   20   14  255   54   49   43  255   44   39   33  255   44   39   33  255   41   36   30  255   44   39   33  255   51   46   40  255   39   34   28  255   33   28   22  255   45   40   34  255   48   43   37  255   43   38   32  255   45   40   34  255   45   40   34  255   43   38   32  255   43   38   34  255   45   40   36  255   39   34   28  255   41   36   30  255   50   45   39  255   52   47   41  255   43   38   32  255   29   24   18  255   55   50   44  255   44   39   33  255   45   40   34  255   47   42   36  255
   34   29   23  255   45   40   34  255   41   36   30  255   44   39   33  255   43   38   32  255   43   38   32  255   41   36   30  255   45   40   34  255   44   39   33  255   37   32   26  255   53   48   42  255   49   44   38  255   47   42   36  255   43   38   32  255   45   40   34  255   40   35   29  255   42   37   31  255   44   39   33  255   48   43   37  255   48   43   37  255   38   33   27  255   37   32   26  255   41   36   30  255   33   28   22  255   48   43   37  255   49   44   38  255   52   47   41  255   32   27   21  255
   39   34   28  255   62   57   51  255   30   25   19  255   32   27   21  255   46   41   35  255   42   37   31  255   48   43   37  255   45   40   34  255   41   36   30  255   39   34   28  255   39   34   28  255   43   38   32  255   46   41   35  255   47   42   36  255   54   49   43  255   42   37   31  255   39   34   28  255   44   39   33  255   44   39   33  255   43   38   32  255   39   34   28  255   38   33   27  255   43   38   32  255   42   37   31  255   53   48   42  255   29   24   18  255   58   53   47  255   44   39   33  255
   38   33   27  255   53   48   42  255   44   39   33  255   48   43   37  255   43   38   32  255   45   40   34  255   37   32   26  255   44   39   33  255   54   49   43  255   46   41   35  255   37   32   26  255   42   37   31  255   47   42   36  255   47   42   36  255   48   43   37  255   38   33   27  255   46   41   35  255   51   46   40  255   39   34   28  255   36   31   25  255   46   41   35  255   48   43   37  255   43   38   32  255   39   34   28  255   41   36   30  255   41   36   30  255   50   45   41  255   42   37   33  255
   43   38   32  255   43   38   32  255   51   46   40  255   39   34   28  255   39   34   28  255   46   41   35  255   33   28   22  255   44   39   33  255   56   51   45  255   40   35   29  255   42   37   31  255   43   38   32  255   49   44   38  255   43   38   32  255   38   33   27  255   42   37   31  255   50   45   39  255   50   45   39  255   44   39   33  255   41   36   30  255   44   39   33  255   51   46   40  255   51   46   40  255   38   33   27  255   45   40   34  255   51   46   40  255   26   21   17  255   54   49   45  255
   36   31   25  255   47   42   36  255   35   30   24  255   50   45   39  255   51   47   38  255   36   32   23  255   52   48   39  255   42   38   29  255   40   36   27  255   54   50   41  255   47   42   36  255   48   43   37  255   45   40   34  255   37   32   26  255   47   42   38  255   40   35   31  255   42   37   31  255   37   32   26  255   47   42   36  255   42   37   31  255   36   31   25  255   45   40   34  255   39   34   28  255   54   49   43  255   44   39   33  255   50   45   39  255   37   32   28  255   53   48   44  255
   27   22   16  255   49   44   38  255   41   36   30  255   45   40   34  255   44   40   31  255   30   26   17  255   45   41   32  255   43   39   30  255   38   34   25  255   55   51   42  255   39   34   28  255   52   47   41  255   40   35   29  255   41   36   30  255   43   38   34  255   34   29   25  255   49   44   38  255   40   35   29  255   47   42   36  255   38   33   27  255   46   41   35  255   48   43   37  255   50   45   39  255   42   37   31  255   43   38   32  255   32   27   21  255   52   47   43  255   45   40   36  255
   49   44   38  255   43   38   32  255   46   41   35  255   41   36   30  255   38   34   25  255   52   48   39  255   33   29   20  255   39   35   26  255   44   40   31  255   40   36   27  255   42   37   31  255   46   41   35  255   39   34   28  255   49   44   38  255   49   44   40  255   37   32   28  255   46   41   35  255   47   42   36  255   50   45   39  255   41   36   30  255   46   41   35  255   39   34   28  255   47   42   36  255   29   24   18  255   62   57   51  255   29   24   18  255   47   42   36  255   36   31   25  255
   45   40   34  255   50   45   39  255   52   47   41  255   29   24   18  255   49   45   36  255   52   48   39  255   43   39   30  255   43   39   30  255   44   40   31  255   44   40   31  255   41   36   30  255   42   37   31  255   41   36   30  255   37   32   26  255   54   49   45  255   49   44   40  255   37   32   26  255   48   43   37  255   44   39   33  255   44   39   33  255   41   36   30  255   38   33   27  255   44   39   33  255   41   36   30  255   48   43   37  255   44   39   33  255   42   37   31  255   44   39   33  255
   45   40   34  255   43   38   32  255   42   37   31  255   54   49   43  255   35   31   22  255   43   39   30  255   39   35   26  255   45   41   32  255   50   46   37  255   44   40   31  255   41   36   30  255   41   36   30  255   49   44   38  255   50   45   39  255   35   30   26  255   43   38   34  255   43   38   32  255   50   45   39  255   40   35   29  255   45   40   34  255   45   40   34  255   45   40   34  255   42   37   31  255   56   51   45  255   30   25   19  255   49   44   38  255   36   31   25  255   41   36   30  255
   49   44   38  255   35   30   24  255   41   36   30  255   62   57   51  255   36   32   23  255   41   37   28  255   40   36   27  255   42   38   29  255   62   58   49  255   46   42   33  255   33   28   22  255   42   37   31  255   50   45   39  255   47   42   36  255   51   46   42  255   42   37   33  255   43   38   32  255   47   42   36  255   43   38   32  255   46   41   35  255   50   45   39  255   44   39   33  255   35   30   24  255   51   46   40  255   41   36   30  255   40   35   29  255   32   27   21  255   39   34   28  255
   26   21   15  255   61   56   50  255   33   28   22  255   51   46   40  255   39   34   28  255   49   44   38  255   49   44   38  255   48   43   37  255   42   37   31  255   38   33   27  255   49   44   38  255   54   49   43  255   52   47   41  255   46   41   35  255   46   41   35  255   40   35   29  255   37   32   26  255   43   38   32  255   45   40   34  255   48   43   37  255   48   43   37  255   41   36   30  255   38   33   27  255   45   40   34  255   43   38   32  255   38   33   27  255   45   40   34  255   51   46   40  255
   44   39   33  255   45   40   34  255   34   29   23  255   45   40   34  255   39   34   28  255   42   37   31  255   50   45   39  255   40   35   29  255   35   30   24  255   55   50   44  255   33   28   22  255   44   39   33  255   45   40   34  255   46   41   35  255   31   26   20  255   39   34   28  255   48   43   37  255   52   47   41  255   45   40   34  255   48   43   37  255   40   35   29  255   42   37   31  255   44   39   33  255   41   36   30  255   39   34   28  255   49   44   38  255   49   44   38  255   46   41   35  255
   22   17   11  255   58   53   47  255   57   52   46  255   50   45   39  255   48   43   37  255   51   46   40  255   37   32   26  255   40   35   29  255   46   41   35  255   48   43   37  255   51   46   40  255   45   40   34  255   38   33   27  255   42   37   31  255   49   44   38  255   43   38   32  255   44   39   33  255   38   33   27  255   38   33   27  255   36   31   25  255   57   52   46  255   51   46   40  255   44   39   33  255   44   39   33  255   35   30   24  255   41   36   30  255   39   34   28  255   49   44   38  255
   55   50   44  255   24   19   13  255   43   38   32  255   37   32   26  255   49   44   38  255   28   23   17  255   61   56   50  255   60   55   49  255   44   39   33  255   34   29   23  255   36   31   25  255   37   32   26  255   43   38   32  255   40   35   29  255   46   41   35  255   38   33   27  255   43   38   32  255   48   43   37  255   44   39   33  255   36   31   25  255   45   40   34  255   47   42   36  255   40   35   29  255   41   36   30  255   45   40   34  255   53   48   42  255   45   40   34  255   44   39   33  255
   39   35   26  255   53   49   40  255   47   42   36  255   44   39   33  255   49   44   38  255   45   40   34  255   28   23   19  255   28   23   19  255   45   40   36  255   40   35   31  255   42   37   33  255   47   42   38  255   47   42   36  255   45   40   34  255   50   45   39  255   46   41   35  255   41   37   28  255   50   46   37  255   43   38   32  255   38   33   27  255   39   34   28  255   47   42   36  255   38   33   27  255   42   37   31  255   46   41   35  255   54   49   43  255   44   39   33  255   40   35   29  255
   49   45   36  255   31   27   18  255   46   41   35  255   49   44   38  255   47   42   36  255   39   34   28  255   50   45   41  255   45   40   36  255   33   28   24  255   47   42   38  255   45   40   36  255   51   46   42  255   36   31   25  255   43   38   32  255   45   40   34  255   45   40   34  255   41   37   28  255   44   40   31  255   37   32   26  255   41   36   30  255   45   40   34  255   50   45   39  255   38   33   27  255   45   40   34  255   41   36   30  255   45   40   34  255   37   32   26  255   41   36   30  255
