   28   28
  144  100  101  255  157  107  108  255  161   99  104  255  164   98  100  255  188  124  125  255  181  120  119  255  179  118  117  255  183  122  121  255  182  116  117  255  184  120  120  255  176  114  115  255  180  118  119  255  185  121  122  255  180  114  116  255  182  118  118  255  183  119  119  255  182  121  120  255  180  119  118  255  182  118  118  255  178  117  116  255  183  122  121  255  183  123  122  255  182  121  120  255  183  122  121  255  164   98  100  255  153   91   92  255  164  105  107  255  151   97   97  255
  114   72   73  255  113   67   69  255  116   55   60  255  129   64   68  255  131   71   71  255  135   75   74  255  159   99   98  255  152   92   91  255  155   94   93  255  157   96   95  255  153   93   93  255  155   95   95  255  157   95   96  255  156   92   93  255  156   95   94  255  156   95   94  255  156   95   94  255  155   94   93  255  157   96   95  255  155   94   93  255  154   94   93  255  150   90   89  255  141   81   80  255  139   77   78  255  133   71   72  255  124   64   66  255  113   62   61  255  121   73   71  255
  100   65   63  255  108   68   68  255  115   60   63  255  117   58   60  255  115   59   58  255  117   63   61  255  109   56   52  255  109   54   51  255  113   55   54  255  111   53   52  255  113   57   56  255  112   56   55  255  110   52   51  255  114   54   54  255  115   57   55  255  115   57   55  255  114   56   55  255  113   53   53  255  114   54   54  255  115   55   55  255  115   57   56  255  117   59   58  255  113   55   54  255  112   53   55  255  114   55   57  255  112   60   62  255  107   66   64  255   99   61   58  255
   23    0    0  255  116   78   77  255  124   74   75  255  121   65   66  255  120   66   66  255  122   71   68  255  134   83   79  255  146   93   89  255  186  130  129  255  179  123  122  255  183  129  127  255  171  117  115  255  159  101  100  255  160  102  101  255  158  100   99  255  156   98   97  255  160  102  101  255  159   99   99  255  160  100  100  255  157   97   97  255  147   89   88  255  143   84   86  255  132   73   75  255  126   70   73  255  124   68   71  255  125   76   79  255  118   83   81  255   22    0    0  255
   24    0    0  255  123   88   86  255  120   70   71  255  126   70   71  255  125   71   71  255  125   71   69  255  140   86   84  255  140   86   84  255  181  123  122  255  174  116  115  255  179  123  124  255  166  110  111  255  152   92   94  255  157   97   97  255  157   97   97  255  157   97   97  255  156   96   98  255  156   96   98  255  159   97  100  255  158   96   99  255  145   83   86  255  139   78   83  255  128   67   72  255  124   63   68  255  127   70   76  255  115   66   70  255  123   87   89  255   20    0    0  255
   28    0    0  255  117   83   82  255  118   69   72  255  125   73   75  255  124   73   72  255  121   70   67  255  131   80   77  255  143   89   87  255  183  125  124  255  176  118  117  255  179  123  124  255  166  110  111  255  153   93   95  255  155   95   97  255  155   95   95  255  155   97   96  255  156   97   99  255  155   96  100  255  158   98  100  255  158   98  100  255  143   82   87  255  140   81   85  255  131   70   75  255  127   68   72  255  123   68   74  255  119   72   78  255  118   86   89  255   18    0    0  255
   15    0    0  255  119   91   88  255  105   63   64  255  108   60   60  255  110   62   60  255  110   62   60  255  128   80   76  255  131   82   78  255  167  113  113  255  162  108  108  255  165  111  111  255  155  101  101  255  144   88   89  255  144   88   89  255  145   89   88  255  144   90   88  255  139   88   87  255  139   88   87  255  144   90   90  255  148   94   94  255  133   79   79  255  129   78   77  255  119   64   67  255  111   59   61  255  114   63   68  255  109   67   71  255  104   75   77  255   18    0    0  255
   17    0    0  255   94   68   67  255   98   58   59  255  104   58   60  255  105   59   59  255  101   56   53  255  106   58   56  255  121   72   68  255  137   83   83  255  133   79   79  255  135   81   81  255  131   77   77  255  125   69   70  255  126   70   71  255  127   71   70  255  126   72   70  255  125   75   74  255  121   71   70  255  121   70   69  255  125   74   73  255  111   61   60  255  115   65   64  255  107   57   58  255  102   54   54  255  103   57   59  255   99   59   60  255   97   71   72  255   14    0    0  255
   17    0    0  255  147  121  120  255  151  111  112  255  149  103  105  255  150  104  104  255  153  108  105  255  159  111  109  255  169  118  117  255  189  133  134  255  185  129  130  255  185  131  131  255  179  125  125  255  175  116  118  255  176  117  119  255  175  119  118  255  172  118  116  255  172  118  116  255  173  119  117  255  173  119  117  255  174  120  118  255  161  112  108  255  163  115  111  255  155  107  105  255  153  107  107  255  152  106  108  255  143  104  105  255  154  128  129  255   15    0    0  255
   15    0    0  255  114   86   85  255  109   64   69  255  118   68   71  255  119   70   73  255  119   69   70  255  127   76   75  255  141   87   87  255  178  119  121  255  175  115  117  255  174  115  117  255  165  106  108  255  155   95   97  255  154   94   96  255  154   96   95  255  153   95   94  255  151   93   92  255  152   94   93  255  153   93   93  255  152   94   93  255  137   83   81  255  132   83   79  255  120   70   69  255  117   69   67  255  114   68   68  255  111   71   71  255  115   87   86  255   15    0    0  255
   26    0    1  255  117   85   86  255  114   65   71  255  124   69   74  255  120   65   70  255  122   67   70  255  136   80   81  255  145   85   87  255  184  119  123  255  181  116  120  255  179  117  120  255  167  105  108  255  156   91   95  255  155   90   94  255  155   93   94  255  158   94   95  255  160   94   96  255  162   93   96  255  161   95   97  255  160   96   97  255  144   84   83  255  139   81   79  255  123   69   67  255  118   67   66  255  119   69   70  255  115   73   74  255  108   78   78  255   23    0    0  255
   18    0    0  255  120   86   87  255  121   72   78  255  126   71   76  255  118   63   68  255  126   70   73  255  141   82   84  255  144   84   86  255  185  120  124  255  183  117  121  255  183  118  122  255  170  108  111  255  158   93   97  255  157   93   94  255  157   95   96  255  161   97   98  255  161   92   95  255  161   92   95  255  161   92   95  255  160   94   96  255  144   83   82  255  141   81   80  255  126   70   69  255  123   69   67  255  123   71   73  255  121   77   78  255  114   83   81  255   17    0    0  255
   21    0    0  255  117   87   87  255  113   68   73  255  122   70   74  255  120   68   72  255  122   70   72  255  134   80   80  255  144   85   87  255  181  119  122  255  179  117  120  255  178  118  120  255  166  107  109  255  154   94   94  255  152   92   92  255  153   95   94  255  154   94   93  255  157   95   96  255  158   94   95  255  157   93   94  255  157   95   96  255  143   83   83  255  139   81   80  255  126   70   69  255  122   71   68  255  118   68   69  255  115   73   74  255  119   89   89  255   15    0    0  255
   21    0    0  255  118   88   88  255  112   67   72  255  121   69   73  255  122   70   72  255  122   71   70  255  133   79   79  255  146   87   89  255  182  120  123  255  180  118  121  255  178  119  121  255  168  109  111  255  157   97   97  255  154   96   95  255  155   97   95  255  155   97   95  255  154   96   95  255  154   96   95  255  155   95   95  255  158   98   98  255  145   85   85  255  140   82   81  255  128   70   69  255  124   68   69  255  121   69   71  255  114   70   71  255  117   85   86  255   19    0    0  255
   18    0    0  255  121   87   88  255  119   70   76  255  125   70   75  255  122   67   70  255  127   71   72  255  139   80   82  255  146   86   86  255  181  116  120  255  179  114  118  255  179  117  120  255  168  108  110  255  156   94   95  255  155   93   94  255  155   95   94  255  155   97   95  255  151   95   94  255  151   95   96  255  154   95   97  255  158   98  100  255  145   85   87  255  141   81   83  255  130   68   71  255  127   67   69  255  129   70   74  255  120   69   74  255  120   84   86  255   24    0    0  255
   24    0    0  255  119   85   86  255  118   67   72  255  130   71   77  255  125   66   70  255  128   68   70  255  140   80   80  255  145   85   85  255  184  119  123  255  182  117  121  255  183  118  122  255  172  107  111  255  159   95   96  255  157   93   94  255  157   96   95  255  157   97   96  255  153   97   96  255  151   95   96  255  155   95   97  255  158   98  100  255  145   85   87  255  141   81   83  255  129   67   70  255  128   68   70  255  125   64   71  255  121   68   74  255  123   84   87  255   21    0    0  255
   21    0    0  255  114   82   83  255  123   72   77  255  130   69   76  255  125   60   66  255  135   70   74  255  139   79   79  255  144   84   84  255  179  119  119  255  179  117  118  255  183  117  119  255  172  106  108  255  158   92   94  255  157   93   94  255  159   95   95  255  157   96   95  255  155   97   96  255  156   96   96  255  159   95   96  255  161   97   98  255  146   86   86  255  141   83   82  255  128   69   71  255  123   67   68  255  124   65   71  255  120   69   74  255  121   85   87  255   20    0    0  255
   14    0    0  255  113   85   84  255  118   72   75  255  131   72   78  255  125   60   66  255  125   63   66  255  137   78   80  255  145   89   88  255  180  124  123  255  180  120  120  255  182  118  119  255  170  106  107  255  156   92   93  255  154   92   93  255  156   94   95  255  155   95   94  255  154   96   95  255  153   95   94  255  157   93   94  255  159   95   96  255  143   83   83  255  137   81   80  255  123   69   69  255  121   66   69  255  128   71   77  255  121   70   75  255  118   83   87  255   20    0    0  255
   13    0    0  255  113   89   87  255  106   64   66  255  118   66   70  255  124   65   69  255  125   66   68  255  131   80   79  255  136   86   85  255  174  123  122  255  173  119  119  255  176  117  119  255  165  106  108  255  153   94   96  255  154   96   95  255  155   97   96  255  152   98   96  255  149   98   97  255  150   96   96  255  153   93   95  255  155   95   97  255  139   83   84  255  133   82   81  255  121   69   71  255  119   67   69  255  119   64   69  255  114   65   69  255  114   82   85  255   17    0    0  255
   10    0    0  255  147  126  125  255  151  112  115  255  150   99  104  255  158  103  108  255  160  105  108  255  155  107  107  255  161  116  113  255  181  133  131  255  181  131  130  255  187  132  135  255  180  124  127  255  170  114  117  255  171  117  117  255  172  118  118  255  169  118  115  255  167  117  116  255  169  118  117  255  173  117  118  255  179  120  122  255  166  112  112  255  164  113  112  255  154  104  105  255  154  104  107  255  156  103  109  255  154  107  113  255  153  123  125  255   19    0    0  255
   15    1    0  255   91   70   69  255   94   55   58  255  109   60   64  255  101   49   53  255  106   54   56  255  110   64   64  255  112   66   66  255  133   85   85  255  133   83   84  255  139   84   89  255  131   76   79  255  122   67   70  255  122   71   70  255  123   72   71  255  122   71   70  255  122   72   73  255  123   71   73  255  126   70   73  255  129   73   76  255  118   63   66  255  116   64   66  255  106   56   59  255  106   56   59  255  104   53   58  255  100   55   60  255   96   66   68  255   19    0    0  255
   16    0    0  255  104   80   80  255  104   65   68  255  110   61   65  255  111   59   63  255  119   67   69  255  121   73   73  255  132   84   84  255  163  113  114  255  162  110  112  255  164  109  114  255  155   98  104  255  142   87   90  255  143   88   91  255  144   90   90  255  144   90   90  255  143   88   91  255  143   88   91  255  145   86   90  255  145   86   90  255  130   74   77  255  124   72   74  255  113   61   65  255  112   60   64  255  115   64   69  255  110   65   70  255  111   81   83  255   15    0    0  255
   22    0    0  255  116   86   86  255  117   72   77  255  127   74   80  255  124   69   74  255  123   68   71  255  130   78   80  255  143   92   91  255  180  125  128  255  178  122  125  255  180  121  125  255  169  108  113  255  155   96  100  255  154   95   99  255  156   97   99  255  155   96   98  255  155   96  100  255  155   96  100  255  158   96  101  255  158   97  102  255  144   85   89  255  140   84   87  255  129   73   76  255  127   72   77  255  118   65   71  255  114   69   74  255  119   89   91  255   20    0    0  255
   28    0    0  255  122   86   86  255  114   65   69  255  124   69   74  255  124   65   69  255  127   68   70  255  139   85   85  255  145   89   90  255  179  120  124  255  179  118  123  255  182  120  125  255  170  108  113  255  156   95  100  255  155   95   97  255  156   94   97  255  156   94   97  255  157   95   98  255  157   95   98  255  159   94  100  255  158   96   99  255  143   82   87  255  138   79   83  255  126   67   71  255  122   66   69  255  125   70   75  255  120   74   77  255  123   89   90  255   20    0    0  255
   27    0    0  255  119   77   78  255  128   76   80  255  126   67   71  255  130   70   72  255  132   72   72  255  135   77   76  255  149   91   90  255  188  126  129  255  187  122  126  255  188  123  127  255  175  110  114  255  160   98  101  255  161   99  100  255  164   98  100  255  163   97   99  255  163   99  100  255  163   99  100  255  163   98  102  255  160   98   99  255  147   87   89  255  141   81   83  255  133   73   75  255  130   69   74  255  124   65   69  255  117   67   70  255  128   88   88  255   24    0    0  255
  102   60   61  255  104   58   58  255  108   53   56  255  118   59   61  255  111   51   51  255  109   49   49  255  117   59   58  255  113   53   53  255  116   51   55  255  115   49   53  255  120   54   58  255  115   51   52  255  109   47   48  255  112   51   50  255  116   50   51  255  116   50   51  255  115   51   52  255  113   51   52  255  114   52   53  255  116   54   55  255  111   51   51  255  114   54   54  255  113   51   52  255  114   52   55  255  114   54   56  255  115   59   62  255   99   53   53  255  102   61   59  255
  153  109  108  255  150  105  102  255  155  101  101  255  162  104  103  255  189  131  130  255  184  126  124  255  175  117  115  255  182  124  122  255  181  119  120  255  181  117  118  255  185  121  122  255  184  122  123  255  183  123  123  255  185  125  124  255  188  124  124  255  188  124  122  255  181  121  120  255  180  120  119  255  179  121  119  255  181  123  121  255  179  121  119  255  183  125  123  255  181  121  120  255  184  122  123  255  161   99  100  255  162  102  104  255  161  107  107  255  150  100   99  255
  118   74   71  255  110   65   62  255  130   76   74  255  121   65   64  255  126   68   66  255  141   83   81  255  157  102   99  255  151   93   91  255  158   96   97  255  157   93   94  255  155   93   94  255  155   95   95  255  153   93   92  255  151   91   90  255  152   91   88  255  153   92   89  255  156   96   95  255  155   97   95  255  154   99   96  255  153   98   95  255  149   94   91  255  151   93   91  255  141   81   80  255  141   80   79  255  130   66   67  255  121   59   60  255  131   75   76  255  115   61   61  255
